h/dp :,2
L2norm Pressure,KE,dp,Nparticles
73944.4,1.80338e+08,0.25,2048

t,1.84
ID,r,z,,rho,drhodt,pressure,,u_r,u_z,velocity,,pairAr,pairAz,totalAr,totalAz,Type
0,0.125,-0.125,,1006.85,0,109703,,0,0,0,,0,0,871.652,-9.81,boundary
1,0.375,-0.125,,1004.85,0,77165.5,,0,0,0,,0,0,204.782,-9.81,boundary
2,0.625,-0.125,,1003.16,0,50026.9,,0,0,0,,0,0,79.7911,-9.81,boundary
3,0.875,-0.125,,1002.34,0,37057.4,,0,0,0,,0,0,42.2523,-9.81,boundary
4,1.125,-0.125,,1001.99,0,31437.5,,0,0,0,,0,0,27.8889,-9.81,boundary
5,1.375,-0.125,,1001.75,0,27565.5,,0,0,0,,0,0,20.0127,-9.81,boundary
6,1.625,-0.125,,1001.48,0,23320.5,,0,0,0,,0,0,14.3299,-9.81,boundary
7,1.875,-0.125,,1001.22,0,19284.8,,0,0,0,,0,0,10.2727,-9.81,boundary
8,2.125,-0.125,,1001,0,15669,,0,0,0,,0,0,7.3663,-9.81,boundary
9,2.375,-0.125,,1000.83,0,13126.3,,0,0,0,,0,0,5.52225,-9.81,boundary
10,2.625,-0.125,,1000.75,0,11825.1,,0,0,0,,0,0,4.50143,-9.81,boundary
11,2.875,-0.125,,1000.68,0,10772,,0,0,0,,0,0,3.74422,-9.81,boundary
12,3.125,-0.125,,1000.56,0,8871.91,,0,0,0,,0,0,2.83741,-9.81,boundary
13,3.375,-0.125,,1000.43,0,6827.24,,0,0,0,,0,0,2.02201,-9.81,boundary
14,3.625,-0.125,,1000.31,0,4877.37,,0,0,0,,0,0,1.34507,-9.81,boundary
15,3.875,-0.125,,1000.21,0,3373.33,,0,0,0,,0,0,0.870349,-9.81,boundary
16,4.125,-0.125,,1000.11,0,1713.51,,0,0,0,,0,0,0.415352,-9.81,boundary
17,4.375,-0.125,,1000,0,0,,0,0,0,,0,0,0,-9.81,boundary
18,4.625,-0.125,,1000,0,0,,0,0,0,,0,0,0,-9.81,boundary
19,4.875,-0.125,,1000,0,0,,0,0,0,,0,0,0,-9.81,boundary
20,5.125,-0.125,,1000,0,0,,0,0,0,,0,0,0,-9.81,boundary
21,5.375,-0.125,,1000,0,0,,0,0,0,,0,0,0,-9.81,boundary
22,5.625,-0.125,,1000,0,0,,0,0,0,,0,0,0,-9.81,boundary
23,5.875,-0.125,,1000,0,0,,0,0,0,,0,0,0,-9.81,boundary
24,6.125,-0.125,,1000,0,0,,0,0,0,,0,0,0,-9.81,boundary
25,6.375,-0.125,,1000,0,0,,0,0,0,,0,0,0,-9.81,boundary
26,6.625,-0.125,,1000,0,0,,0,0,0,,0,0,0,-9.81,boundary
27,6.875,-0.125,,1000,0,0,,0,0,0,,0,0,0,-9.81,boundary
28,7.125,-0.125,,1000,0,0,,0,0,0,,0,0,0,-9.81,boundary
29,7.375,-0.125,,1000,0,0,,0,0,0,,0,0,0,-9.81,boundary
30,7.625,-0.125,,1000,0,0,,0,0,0,,0,0,0,-9.81,boundary
31,7.875,-0.125,,1000,0,0,,0,0,0,,0,0,0,-9.81,boundary
32,8.125,-0.125,,1000,0,0,,0,0,0,,0,0,0,-9.81,boundary
33,8.375,-0.125,,1000,0,0,,0,0,0,,0,0,0,-9.81,boundary
34,8.625,-0.125,,1000,0,0,,0,0,0,,0,0,0,-9.81,boundary
35,8.875,-0.125,,1000,0,0,,0,0,0,,0,0,0,-9.81,boundary
36,9.125,-0.125,,1000,0,0,,0,0,0,,0,0,0,-9.81,boundary
37,9.375,-0.125,,1000,0,0,,0,0,0,,0,0,0,-9.81,boundary
38,9.625,-0.125,,1000,0,0,,0,0,0,,0,0,0,-9.81,boundary
39,9.875,-0.125,,1000,0,0,,0,0,0,,0,0,0,-9.81,boundary
40,10.125,-0.125,,1000,0,0,,0,0,0,,0,0,0,-9.81,boundary
41,10.375,-0.125,,1000,0,0,,0,0,0,,0,0,0,-9.81,boundary
42,10.625,-0.125,,1000,0,0,,0,0,0,,0,0,0,-9.81,boundary
43,10.875,-0.125,,1000,0,0,,0,0,0,,0,0,0,-9.81,boundary
44,11.125,-0.125,,1000,0,0,,0,0,0,,0,0,0,-9.81,boundary
45,11.375,-0.125,,1000,0,0,,0,0,0,,0,0,0,-9.81,boundary
46,11.625,-0.125,,1000,0,0,,0,0,0,,0,0,0,-9.81,boundary
47,11.875,-0.125,,1000,0,0,,0,0,0,,0,0,0,-9.81,boundary
48,12.125,-0.125,,1000,0,0,,0,0,0,,0,0,0,-9.81,boundary
49,12.375,-0.125,,1000,0,0,,0,0,0,,0,0,0,-9.81,boundary
50,12.625,-0.125,,1000,0,0,,0,0,0,,0,0,0,-9.81,boundary
51,12.875,-0.125,,1000,0,0,,0,0,0,,0,0,0,-9.81,boundary
52,13.125,-0.125,,1000,0,0,,0,0,0,,0,0,0,-9.81,boundary
53,13.375,-0.125,,1000,0,0,,0,0,0,,0,0,0,-9.81,boundary
54,13.625,-0.125,,1000,0,0,,0,0,0,,0,0,0,-9.81,boundary
55,13.875,-0.125,,1000,0,0,,0,0,0,,0,0,0,-9.81,boundary
56,14.125,-0.125,,1000,0,0,,0,0,0,,0,0,0,-9.81,boundary
57,14.375,-0.125,,1000,0,0,,0,0,0,,0,0,0,-9.81,boundary
58,14.625,-0.125,,1000,0,0,,0,0,0,,0,0,0,-9.81,boundary
59,14.875,-0.125,,1000,0,0,,0,0,0,,0,0,0,-9.81,boundary
60,15.125,-0.125,,1000,0,0,,0,0,0,,0,0,0,-9.81,boundary
61,15.375,-0.125,,1000,0,0,,0,0,0,,0,0,0,-9.81,boundary
62,15.625,-0.125,,1000,0,0,,0,0,0,,0,0,0,-9.81,boundary
63,15.875,-0.125,,1000,0,0,,0,0,0,,0,0,0,-9.81,boundary
64,16.125,-0.125,,1000,0,0,,0,0,0,,0,0,0,-9.81,boundary
65,16.375,-0.125,,1000,0,0,,0,0,0,,0,0,0,-9.81,boundary
66,16.625,-0.125,,1000,0,0,,0,0,0,,0,0,0,-9.81,boundary
67,16.875,-0.125,,1000,0,0,,0,0,0,,0,0,0,-9.81,boundary
68,17.125,-0.125,,1000,0,0,,0,0,0,,0,0,0,-9.81,boundary
69,17.375,-0.125,,1000,0,0,,0,0,0,,0,0,0,-9.81,boundary
70,17.625,-0.125,,1000,0,0,,0,0,0,,0,0,0,-9.81,boundary
71,17.875,-0.125,,1000,0,0,,0,0,0,,0,0,0,-9.81,boundary
72,18.125,-0.125,,1000,0,0,,0,0,0,,0,0,0,-9.81,boundary
73,18.375,-0.125,,1000,0,0,,0,0,0,,0,0,0,-9.81,boundary
74,18.625,-0.125,,1000,0,0,,0,0,0,,0,0,0,-9.81,boundary
75,18.875,-0.125,,1000,0,0,,0,0,0,,0,0,0,-9.81,boundary
76,19.125,-0.125,,1000,0,0,,0,0,0,,0,0,0,-9.81,boundary
77,19.375,-0.125,,1000,0,0,,0,0,0,,0,0,0,-9.81,boundary
78,19.625,-0.125,,1000,0,0,,0,0,0,,0,0,0,-9.81,boundary
79,19.875,-0.125,,1000,0,0,,0,0,0,,0,0,0,-9.81,boundary
80,20.125,-0.125,,1000,0,0,,0,0,0,,0,0,0,-9.81,boundary
81,20.375,-0.125,,1000,0,0,,0,0,0,,0,0,0,-9.81,boundary
82,20.625,-0.125,,1000,0,0,,0,0,0,,0,0,0,-9.81,boundary
83,20.875,-0.125,,1000,0,0,,0,0,0,,0,0,0,-9.81,boundary
84,21.125,-0.125,,1000,0,0,,0,0,0,,0,0,0,-9.81,boundary
85,21.375,-0.125,,1000,0,0,,0,0,0,,0,0,0,-9.81,boundary
86,21.625,-0.125,,1000,0,0,,0,0,0,,0,0,0,-9.81,boundary
87,21.875,-0.125,,1000,0,0,,0,0,0,,0,0,0,-9.81,boundary
88,22.125,-0.125,,1000,0,0,,0,0,0,,0,0,0,-9.81,boundary
89,22.375,-0.125,,1000,0,0,,0,0,0,,0,0,0,-9.81,boundary
90,22.625,-0.125,,1000,0,0,,0,0,0,,0,0,0,-9.81,boundary
91,22.875,-0.125,,1000,0,0,,0,0,0,,0,0,0,-9.81,boundary
92,23.125,-0.125,,1000,0,0,,0,0,0,,0,0,0,-9.81,boundary
93,23.375,-0.125,,1000,0,0,,0,0,0,,0,0,0,-9.81,boundary
94,23.625,-0.125,,1000,0,0,,0,0,0,,0,0,0,-9.81,boundary
95,23.875,-0.125,,1000.02,0,364.324,,0,0,0,,0,0,0.0152593,-9.81,boundary
96,24.125,-0.125,,1000,0,0,,0,0,0,,0,0,0,-9.81,boundary
97,24.375,-0.125,,1000,0,0,,0,0,0,,0,0,0,-9.81,boundary
98,24.625,-0.125,,1000,0,0,,0,0,0,,0,0,0,-9.81,boundary
99,24.875,-0.125,,1000,0,0,,0,0,0,,0,0,0,-9.81,boundary
100,25.125,-0.125,,1000,0,0,,0,0,0,,0,0,0,-9.81,boundary
101,25.375,-0.125,,1000,0,0,,0,0,0,,0,0,0,-9.81,boundary
102,25.625,-0.125,,1000,0,0,,0,0,0,,0,0,0,-9.81,boundary
103,25.875,-0.125,,1000,0,0,,0,0,0,,0,0,0,-9.81,boundary
104,26.125,-0.125,,1000,0,0,,0,0,0,,0,0,0,-9.81,boundary
105,26.375,-0.125,,1000,0,0,,0,0,0,,0,0,0,-9.81,boundary
106,26.625,-0.125,,1000,0,0,,0,0,0,,0,0,0,-9.81,boundary
107,26.875,-0.125,,1000,0,0,,0,0,0,,0,0,0,-9.81,boundary
108,27.125,-0.125,,1000,0,0,,0,0,0,,0,0,0,-9.81,boundary
109,27.375,-0.125,,1000,0,0,,0,0,0,,0,0,0,-9.81,boundary
110,27.625,-0.125,,1000,0,0,,0,0,0,,0,0,0,-9.81,boundary
111,27.875,-0.125,,1000,0,0,,0,0,0,,0,0,0,-9.81,boundary
112,28.125,-0.125,,1000,0,0,,0,0,0,,0,0,0,-9.81,boundary
113,28.375,-0.125,,1000,0,0,,0,0,0,,0,0,0,-9.81,boundary
114,28.625,-0.125,,1000,0,0,,0,0,0,,0,0,0,-9.81,boundary
115,28.875,-0.125,,1000,0,0,,0,0,0,,0,0,0,-9.81,boundary
116,29.125,-0.125,,1000,0,0,,0,0,0,,0,0,0,-9.81,boundary
117,29.375,-0.125,,1000,0,0,,0,0,0,,0,0,0,-9.81,boundary
118,29.625,-0.125,,1000,0,0,,0,0,0,,0,0,0,-9.81,boundary
119,29.875,-0.125,,1000,0,0,,0,0,0,,0,0,0,-9.81,boundary
120,30.125,-0.125,,1000,0,0,,0,0,0,,0,0,0,-9.81,boundary
121,30.375,-0.125,,1000,0,0,,0,0,0,,0,0,0,-9.81,boundary
122,30.625,-0.125,,1000,0,0,,0,0,0,,0,0,0,-9.81,boundary
123,30.875,-0.125,,1000,0,0,,0,0,0,,0,0,0,-9.81,boundary
124,31.125,-0.125,,1000,0,0,,0,0,0,,0,0,0,-9.81,boundary
125,31.375,-0.125,,1000,0,0,,0,0,0,,0,0,0,-9.81,boundary
126,31.625,-0.125,,1000,0,0,,0,0,0,,0,0,0,-9.81,boundary
127,31.875,-0.125,,1000,0,0,,0,0,0,,0,0,0,-9.81,boundary
128,32.125,-0.125,,1000,0,0,,0,0,0,,0,0,0,-9.81,boundary
129,32.375,-0.125,,1000,0,0,,0,0,0,,0,0,0,-9.81,boundary
130,32.625,-0.125,,1000,0,0,,0,0,0,,0,0,0,-9.81,boundary
131,32.875,-0.125,,1000,0,0,,0,0,0,,0,0,0,-9.81,boundary
132,0.125,-0.375,,1007.02,0,112490,,0,0,0,,0,0,893.65,-9.81,boundary
133,0.375,-0.375,,1004.86,0,77427.2,,0,0,0,,0,0,205.474,-9.81,boundary
134,0.625,-0.375,,1003.09,0,49026.6,,0,0,0,,0,0,78.2006,-9.81,boundary
135,0.875,-0.375,,1002.23,0,35308.3,,0,0,0,,0,0,40.2623,-9.81,boundary
136,1.125,-0.375,,1001.81,0,28578.4,,0,0,0,,0,0,25.3571,-9.81,boundary
137,1.375,-0.375,,1001.49,0,23423.7,,0,0,0,,0,0,17.0102,-9.81,boundary
138,1.625,-0.375,,1001.22,0,19162.4,,0,0,0,,0,0,11.7779,-9.81,boundary
139,1.875,-0.375,,1000.96,0,15168,,0,0,0,,0,0,8.08179,-9.81,boundary
140,2.125,-0.375,,1000.71,0,11220.6,,0,0,0,,0,0,5.27654,-9.81,boundary
141,2.375,-0.375,,1000.55,0,8597.67,,0,0,0,,0,0,3.61809,-9.81,boundary
142,2.625,-0.375,,1000.31,0,4930.06,,0,0,0,,0,0,1.87753,-9.81,boundary
143,2.875,-0.375,,1000.16,0,2538.62,,0,0,0,,0,0,0.882854,-9.81,boundary
144,3.125,-0.375,,1000,0,0,,0,0,0,,0,0,0,-9.81,boundary
145,3.375,-0.375,,1000,0,0,,0,0,0,,0,0,0,-9.81,boundary
146,3.625,-0.375,,1000,0,0,,0,0,0,,0,0,0,-9.81,boundary
147,3.875,-0.375,,1000,0,0,,0,0,0,,0,0,0,-9.81,boundary
148,4.125,-0.375,,1000,0,0,,0,0,0,,0,0,0,-9.81,boundary
149,4.375,-0.375,,1000,0,0,,0,0,0,,0,0,0,-9.81,boundary
150,4.625,-0.375,,1000,0,0,,0,0,0,,0,0,0,-9.81,boundary
151,4.875,-0.375,,1000,0,0,,0,0,0,,0,0,0,-9.81,boundary
152,5.125,-0.375,,1000,0,0,,0,0,0,,0,0,0,-9.81,boundary
153,5.375,-0.375,,1000,0,0,,0,0,0,,0,0,0,-9.81,boundary
154,5.625,-0.375,,1000,0,0,,0,0,0,,0,0,0,-9.81,boundary
155,5.875,-0.375,,1000,0,0,,0,0,0,,0,0,0,-9.81,boundary
156,6.125,-0.375,,1000,0,0,,0,0,0,,0,0,0,-9.81,boundary
157,6.375,-0.375,,1000,0,0,,0,0,0,,0,0,0,-9.81,boundary
158,6.625,-0.375,,1000,0,0,,0,0,0,,0,0,0,-9.81,boundary
159,6.875,-0.375,,1000,0,0,,0,0,0,,0,0,0,-9.81,boundary
160,7.125,-0.375,,1000,0,0,,0,0,0,,0,0,0,-9.81,boundary
161,7.375,-0.375,,1000,0,0,,0,0,0,,0,0,0,-9.81,boundary
162,7.625,-0.375,,1000,0,0,,0,0,0,,0,0,0,-9.81,boundary
163,7.875,-0.375,,1000,0,0,,0,0,0,,0,0,0,-9.81,boundary
164,8.125,-0.375,,1000,0,0,,0,0,0,,0,0,0,-9.81,boundary
165,8.375,-0.375,,1000,0,0,,0,0,0,,0,0,0,-9.81,boundary
166,8.625,-0.375,,1000,0,0,,0,0,0,,0,0,0,-9.81,boundary
167,8.875,-0.375,,1000,0,0,,0,0,0,,0,0,0,-9.81,boundary
168,9.125,-0.375,,1000,0,0,,0,0,0,,0,0,0,-9.81,boundary
169,9.375,-0.375,,1000,0,0,,0,0,0,,0,0,0,-9.81,boundary
170,9.625,-0.375,,1000,0,0,,0,0,0,,0,0,0,-9.81,boundary
171,9.875,-0.375,,1000,0,0,,0,0,0,,0,0,0,-9.81,boundary
172,10.125,-0.375,,1000,0,0,,0,0,0,,0,0,0,-9.81,boundary
173,10.375,-0.375,,1000,0,0,,0,0,0,,0,0,0,-9.81,boundary
174,10.625,-0.375,,1000,0,0,,0,0,0,,0,0,0,-9.81,boundary
175,10.875,-0.375,,1000,0,0,,0,0,0,,0,0,0,-9.81,boundary
176,11.125,-0.375,,1000,0,0,,0,0,0,,0,0,0,-9.81,boundary
177,11.375,-0.375,,1000,0,0,,0,0,0,,0,0,0,-9.81,boundary
178,11.625,-0.375,,1000,0,0,,0,0,0,,0,0,0,-9.81,boundary
179,11.875,-0.375,,1000,0,0,,0,0,0,,0,0,0,-9.81,boundary
180,12.125,-0.375,,1000,0,0,,0,0,0,,0,0,0,-9.81,boundary
181,12.375,-0.375,,1000,0,0,,0,0,0,,0,0,0,-9.81,boundary
182,12.625,-0.375,,1000,0,0,,0,0,0,,0,0,0,-9.81,boundary
183,12.875,-0.375,,1000,0,0,,0,0,0,,0,0,0,-9.81,boundary
184,13.125,-0.375,,1000,0,0,,0,0,0,,0,0,0,-9.81,boundary
185,13.375,-0.375,,1000,0,0,,0,0,0,,0,0,0,-9.81,boundary
186,13.625,-0.375,,1000,0,0,,0,0,0,,0,0,0,-9.81,boundary
187,13.875,-0.375,,1000,0,0,,0,0,0,,0,0,0,-9.81,boundary
188,14.125,-0.375,,1000,0,0,,0,0,0,,0,0,0,-9.81,boundary
189,14.375,-0.375,,1000,0,0,,0,0,0,,0,0,0,-9.81,boundary
190,14.625,-0.375,,1000,0,0,,0,0,0,,0,0,0,-9.81,boundary
191,14.875,-0.375,,1000,0,0,,0,0,0,,0,0,0,-9.81,boundary
192,15.125,-0.375,,1000,0,0,,0,0,0,,0,0,0,-9.81,boundary
193,15.375,-0.375,,1000,0,0,,0,0,0,,0,0,0,-9.81,boundary
194,15.625,-0.375,,1000,0,0,,0,0,0,,0,0,0,-9.81,boundary
195,15.875,-0.375,,1000,0,0,,0,0,0,,0,0,0,-9.81,boundary
196,16.125,-0.375,,1000,0,0,,0,0,0,,0,0,0,-9.81,boundary
197,16.375,-0.375,,1000,0,0,,0,0,0,,0,0,0,-9.81,boundary
198,16.625,-0.375,,1000,0,0,,0,0,0,,0,0,0,-9.81,boundary
199,16.875,-0.375,,1000,0,0,,0,0,0,,0,0,0,-9.81,boundary
200,17.125,-0.375,,1000,0,0,,0,0,0,,0,0,0,-9.81,boundary
201,17.375,-0.375,,1000,0,0,,0,0,0,,0,0,0,-9.81,boundary
202,17.625,-0.375,,1000,0,0,,0,0,0,,0,0,0,-9.81,boundary
203,17.875,-0.375,,1000,0,0,,0,0,0,,0,0,0,-9.81,boundary
204,18.125,-0.375,,1000,0,0,,0,0,0,,0,0,0,-9.81,boundary
205,18.375,-0.375,,1000,0,0,,0,0,0,,0,0,0,-9.81,boundary
206,18.625,-0.375,,1000,0,0,,0,0,0,,0,0,0,-9.81,boundary
207,18.875,-0.375,,1000,0,0,,0,0,0,,0,0,0,-9.81,boundary
208,19.125,-0.375,,1000,0,0,,0,0,0,,0,0,0,-9.81,boundary
209,19.375,-0.375,,1000,0,0,,0,0,0,,0,0,0,-9.81,boundary
210,19.625,-0.375,,1000,0,0,,0,0,0,,0,0,0,-9.81,boundary
211,19.875,-0.375,,1000,0,0,,0,0,0,,0,0,0,-9.81,boundary
212,20.125,-0.375,,1000,0,0,,0,0,0,,0,0,0,-9.81,boundary
213,20.375,-0.375,,1000,0,0,,0,0,0,,0,0,0,-9.81,boundary
214,20.625,-0.375,,1000,0,0,,0,0,0,,0,0,0,-9.81,boundary
215,20.875,-0.375,,1000,0,0,,0,0,0,,0,0,0,-9.81,boundary
216,21.125,-0.375,,1000,0,0,,0,0,0,,0,0,0,-9.81,boundary
217,21.375,-0.375,,1000,0,0,,0,0,0,,0,0,0,-9.81,boundary
218,21.625,-0.375,,1000,0,0,,0,0,0,,0,0,0,-9.81,boundary
219,21.875,-0.375,,1000,0,0,,0,0,0,,0,0,0,-9.81,boundary
220,22.125,-0.375,,1000,0,0,,0,0,0,,0,0,0,-9.81,boundary
221,22.375,-0.375,,1000,0,0,,0,0,0,,0,0,0,-9.81,boundary
222,22.625,-0.375,,1001.75,0,27643.1,,0,0,0,,0,0,1.21966,-9.81,boundary
223,22.875,-0.375,,1008.51,0,136963,,0,0,0,,0,0,5.93696,-9.81,boundary
224,23.125,-0.375,,1000,0,0,,0,0,0,,0,0,0,-9.81,boundary
225,23.375,-0.375,,1000,0,0,,0,0,0,,0,0,0,-9.81,boundary
226,23.625,-0.375,,1000,0,0,,0,0,0,,0,0,0,-9.81,boundary
227,23.875,-0.375,,1000,0,0,,0,0,0,,0,0,0,-9.81,boundary
228,24.125,-0.375,,1000,0,0,,0,0,0,,0,0,0,-9.81,boundary
229,24.375,-0.375,,1000,0,0,,0,0,0,,0,0,0,-9.81,boundary
230,24.625,-0.375,,1000,0,0,,0,0,0,,0,0,0,-9.81,boundary
231,24.875,-0.375,,1000,0,0,,0,0,0,,0,0,0,-9.81,boundary
232,25.125,-0.375,,1000,0,0,,0,0,0,,0,0,0,-9.81,boundary
233,25.375,-0.375,,1000,0,0,,0,0,0,,0,0,0,-9.81,boundary
234,25.625,-0.375,,1000,0,0,,0,0,0,,0,0,0,-9.81,boundary
235,25.875,-0.375,,1000,0,0,,0,0,0,,0,0,0,-9.81,boundary
236,26.125,-0.375,,1000,0,0,,0,0,0,,0,0,0,-9.81,boundary
237,26.375,-0.375,,1000,0,0,,0,0,0,,0,0,0,-9.81,boundary
238,26.625,-0.375,,1000,0,0,,0,0,0,,0,0,0,-9.81,boundary
239,26.875,-0.375,,1000,0,0,,0,0,0,,0,0,0,-9.81,boundary
240,27.125,-0.375,,1000,0,0,,0,0,0,,0,0,0,-9.81,boundary
241,27.375,-0.375,,1000,0,0,,0,0,0,,0,0,0,-9.81,boundary
242,27.625,-0.375,,1000,0,0,,0,0,0,,0,0,0,-9.81,boundary
243,27.875,-0.375,,1000,0,0,,0,0,0,,0,0,0,-9.81,boundary
244,28.125,-0.375,,1000,0,0,,0,0,0,,0,0,0,-9.81,boundary
245,28.375,-0.375,,1000,0,0,,0,0,0,,0,0,0,-9.81,boundary
246,28.625,-0.375,,1000,0,0,,0,0,0,,0,0,0,-9.81,boundary
247,28.875,-0.375,,1000,0,0,,0,0,0,,0,0,0,-9.81,boundary
248,29.125,-0.375,,1000,0,0,,0,0,0,,0,0,0,-9.81,boundary
249,29.375,-0.375,,1000,0,0,,0,0,0,,0,0,0,-9.81,boundary
250,29.625,-0.375,,1000,0,0,,0,0,0,,0,0,0,-9.81,boundary
251,29.875,-0.375,,1000,0,0,,0,0,0,,0,0,0,-9.81,boundary
252,30.125,-0.375,,1000,0,0,,0,0,0,,0,0,0,-9.81,boundary
253,30.375,-0.375,,1000,0,0,,0,0,0,,0,0,0,-9.81,boundary
254,30.625,-0.375,,1000,0,0,,0,0,0,,0,0,0,-9.81,boundary
255,30.875,-0.375,,1000,0,0,,0,0,0,,0,0,0,-9.81,boundary
256,31.125,-0.375,,1000,0,0,,0,0,0,,0,0,0,-9.81,boundary
257,31.375,-0.375,,1000,0,0,,0,0,0,,0,0,0,-9.81,boundary
258,31.625,-0.375,,1000,0,0,,0,0,0,,0,0,0,-9.81,boundary
259,31.875,-0.375,,1000,0,0,,0,0,0,,0,0,0,-9.81,boundary
260,32.125,-0.375,,1000,0,0,,0,0,0,,0,0,0,-9.81,boundary
261,32.375,-0.375,,1000,0,0,,0,0,0,,0,0,0,-9.81,boundary
262,32.625,-0.375,,1000,0,0,,0,0,0,,0,0,0,-9.81,boundary
263,32.875,-0.375,,1000,0,0,,0,0,0,,0,0,0,-9.81,boundary
264,0.125,-0.625,,1006.43,0,102951,,0,0,0,,0,0,818.341,-9.81,boundary
265,0.375,-0.625,,1004.64,0,73917.3,,0,0,0,,0,0,196.202,-9.81,boundary
266,0.625,-0.625,,1003.09,0,48983.2,,0,0,0,,0,0,78.1316,-9.81,boundary
267,0.875,-0.625,,1002.38,0,37579.9,,0,0,0,,0,0,42.8467,-9.81,boundary
268,1.125,-0.625,,1002.27,0,35886.6,,0,0,0,,0,0,31.8269,-9.81,boundary
269,1.375,-0.625,,1002.12,0,33459,,0,0,0,,0,0,24.2824,-9.81,boundary
270,1.625,-0.625,,1002.12,0,33418.9,,0,0,0,,0,0,20.5221,-9.81,boundary
271,1.875,-0.625,,1002.06,0,32481.5,,0,0,0,,0,0,17.2879,-9.81,boundary
272,2.125,-0.625,,1001.93,0,30412.6,,0,0,0,,0,0,14.2843,-9.81,boundary
273,2.375,-0.625,,1001.85,0,29240.3,,0,0,0,,0,0,12.2889,-9.81,boundary
274,2.625,-0.625,,1001.52,0,24029.3,,0,0,0,,0,0,9.14009,-9.81,boundary
275,2.875,-0.625,,1001.2,0,18931.9,,0,0,0,,0,0,6.57709,-9.81,boundary
276,3.125,-0.625,,1000.97,0,15289.9,,0,0,0,,0,0,4.88802,-9.81,boundary
277,3.375,-0.625,,1000.8,0,12619.7,,0,0,0,,0,0,3.73616,-9.81,boundary
278,3.625,-0.625,,1000.61,0,9623.58,,0,0,0,,0,0,2.65316,-9.81,boundary
279,3.875,-0.625,,1000.59,0,9304.46,,0,0,0,,0,0,2.39973,-9.81,boundary
280,4.125,-0.625,,1000.37,0,5766.96,,0,0,0,,0,0,1.39754,-9.81,boundary
281,4.375,-0.625,,1000.26,0,4151.7,,0,0,0,,0,0,0.948709,-9.81,boundary
282,4.625,-0.625,,1000.14,0,2252,,0,0,0,,0,0,0.486848,-9.81,boundary
283,4.875,-0.625,,1000.07,0,1062.1,,0,0,0,,0,0,0.217853,-9.81,boundary
284,5.125,-0.625,,1000,0,0,,0,0,0,,0,0,0,-9.81,boundary
285,5.375,-0.625,,1000,0,0,,0,0,0,,0,0,0,-9.81,boundary
286,5.625,-0.625,,1000,0,0,,0,0,0,,0,0,0,-9.81,boundary
287,5.875,-0.625,,1000,0,0,,0,0,0,,0,0,0,-9.81,boundary
288,6.125,-0.625,,1000,0,0,,0,0,0,,0,0,0,-9.81,boundary
289,6.375,-0.625,,1000,0,0,,0,0,0,,0,0,0,-9.81,boundary
290,6.625,-0.625,,1000,0,0,,0,0,0,,0,0,0,-9.81,boundary
291,6.875,-0.625,,1000,0,0,,0,0,0,,0,0,0,-9.81,boundary
292,7.125,-0.625,,1000,0,0,,0,0,0,,0,0,0,-9.81,boundary
293,7.375,-0.625,,1000,0,0,,0,0,0,,0,0,0,-9.81,boundary
294,7.625,-0.625,,1000,0,0,,0,0,0,,0,0,0,-9.81,boundary
295,7.875,-0.625,,1000,0,0,,0,0,0,,0,0,0,-9.81,boundary
296,8.125,-0.625,,1000,0,0,,0,0,0,,0,0,0,-9.81,boundary
297,8.375,-0.625,,1000,0,0,,0,0,0,,0,0,0,-9.81,boundary
298,8.625,-0.625,,1000,0,0,,0,0,0,,0,0,0,-9.81,boundary
299,8.875,-0.625,,1000,0,0,,0,0,0,,0,0,0,-9.81,boundary
300,9.125,-0.625,,1000,0,0,,0,0,0,,0,0,0,-9.81,boundary
301,9.375,-0.625,,1000,0,0,,0,0,0,,0,0,0,-9.81,boundary
302,9.625,-0.625,,1000,0,0,,0,0,0,,0,0,0,-9.81,boundary
303,9.875,-0.625,,1000,0,0,,0,0,0,,0,0,0,-9.81,boundary
304,10.125,-0.625,,1000,0,0,,0,0,0,,0,0,0,-9.81,boundary
305,10.375,-0.625,,1000,0,0,,0,0,0,,0,0,0,-9.81,boundary
306,10.625,-0.625,,1000,0,0,,0,0,0,,0,0,0,-9.81,boundary
307,10.875,-0.625,,1000,0,0,,0,0,0,,0,0,0,-9.81,boundary
308,11.125,-0.625,,1000,0,0,,0,0,0,,0,0,0,-9.81,boundary
309,11.375,-0.625,,1000,0,0,,0,0,0,,0,0,0,-9.81,boundary
310,11.625,-0.625,,1000,0,0,,0,0,0,,0,0,0,-9.81,boundary
311,11.875,-0.625,,1000,0,0,,0,0,0,,0,0,0,-9.81,boundary
312,12.125,-0.625,,1000,0,0,,0,0,0,,0,0,0,-9.81,boundary
313,12.375,-0.625,,1000,0,0,,0,0,0,,0,0,0,-9.81,boundary
314,12.625,-0.625,,1000,0,0,,0,0,0,,0,0,0,-9.81,boundary
315,12.875,-0.625,,1000,0,0,,0,0,0,,0,0,0,-9.81,boundary
316,13.125,-0.625,,1000,0,0,,0,0,0,,0,0,0,-9.81,boundary
317,13.375,-0.625,,1000,0,0,,0,0,0,,0,0,0,-9.81,boundary
318,13.625,-0.625,,1000,0,0,,0,0,0,,0,0,0,-9.81,boundary
319,13.875,-0.625,,1000,0,0,,0,0,0,,0,0,0,-9.81,boundary
320,14.125,-0.625,,1000,0,0,,0,0,0,,0,0,0,-9.81,boundary
321,14.375,-0.625,,1000,0,0,,0,0,0,,0,0,0,-9.81,boundary
322,14.625,-0.625,,1000,0,0,,0,0,0,,0,0,0,-9.81,boundary
323,14.875,-0.625,,1000,0,0,,0,0,0,,0,0,0,-9.81,boundary
324,15.125,-0.625,,1000,0,0,,0,0,0,,0,0,0,-9.81,boundary
325,15.375,-0.625,,1000,0,0,,0,0,0,,0,0,0,-9.81,boundary
326,15.625,-0.625,,1000,0,0,,0,0,0,,0,0,0,-9.81,boundary
327,15.875,-0.625,,1000,0,0,,0,0,0,,0,0,0,-9.81,boundary
328,16.125,-0.625,,1000,0,0,,0,0,0,,0,0,0,-9.81,boundary
329,16.375,-0.625,,1000,0,0,,0,0,0,,0,0,0,-9.81,boundary
330,16.625,-0.625,,1000,0,0,,0,0,0,,0,0,0,-9.81,boundary
331,16.875,-0.625,,1000,0,0,,0,0,0,,0,0,0,-9.81,boundary
332,17.125,-0.625,,1000,0,0,,0,0,0,,0,0,0,-9.81,boundary
333,17.375,-0.625,,1000,0,0,,0,0,0,,0,0,0,-9.81,boundary
334,17.625,-0.625,,1000,0,0,,0,0,0,,0,0,0,-9.81,boundary
335,17.875,-0.625,,1000,0,0,,0,0,0,,0,0,0,-9.81,boundary
336,18.125,-0.625,,1000,0,0,,0,0,0,,0,0,0,-9.81,boundary
337,18.375,-0.625,,1000,0,0,,0,0,0,,0,0,0,-9.81,boundary
338,18.625,-0.625,,1000,0,0,,0,0,0,,0,0,0,-9.81,boundary
339,18.875,-0.625,,1000,0,0,,0,0,0,,0,0,0,-9.81,boundary
340,19.125,-0.625,,1000.17,0,2659.38,,0,0,0,,0,0,0.139029,-9.81,boundary
341,19.375,-0.625,,1000,0,0,,0,0,0,,0,0,0,-9.81,boundary
342,19.625,-0.625,,1000,0,0,,0,0,0,,0,0,0,-9.81,boundary
343,19.875,-0.625,,1000,0,0,,0,0,0,,0,0,0,-9.81,boundary
344,20.125,-0.625,,1000,0,0,,0,0,0,,0,0,0,-9.81,boundary
345,20.375,-0.625,,1000,0,0,,0,0,0,,0,0,0,-9.81,boundary
346,20.625,-0.625,,1000,0,0,,0,0,0,,0,0,0,-9.81,boundary
347,20.875,-0.625,,1000,0,0,,0,0,0,,0,0,0,-9.81,boundary
348,21.125,-0.625,,1000,0,0,,0,0,0,,0,0,0,-9.81,boundary
349,21.375,-0.625,,1000,0,0,,0,0,0,,0,0,0,-9.81,boundary
350,21.625,-0.625,,1000,0,0,,0,0,0,,0,0,0,-9.81,boundary
351,21.875,-0.625,,1000,0,0,,0,0,0,,0,0,0,-9.81,boundary
352,22.125,-0.625,,1000,0,0,,0,0,0,,0,0,0,-9.81,boundary
353,22.375,-0.625,,1000,0,0,,0,0,0,,0,0,0,-9.81,boundary
354,22.625,-0.625,,1001.5,0,23729.2,,0,0,0,,0,0,1.04723,-9.81,boundary
355,22.875,-0.625,,1010.04,0,162383,,0,0,0,,0,0,7.02815,-9.81,boundary
356,23.125,-0.625,,1019.1,0,317466,,0,0,0,,0,0,13.471,-9.81,boundary
357,23.375,-0.625,,1000,0,0,,0,0,0,,0,0,0,-9.81,boundary
358,23.625,-0.625,,1000,0,0,,0,0,0,,0,0,0,-9.81,boundary
359,23.875,-0.625,,1000,0,0,,0,0,0,,0,0,0,-9.81,boundary
360,24.125,-0.625,,1000,0,0,,0,0,0,,0,0,0,-9.81,boundary
361,24.375,-0.625,,1000,0,0,,0,0,0,,0,0,0,-9.81,boundary
362,24.625,-0.625,,1000,0,0,,0,0,0,,0,0,0,-9.81,boundary
363,24.875,-0.625,,1000,0,0,,0,0,0,,0,0,0,-9.81,boundary
364,25.125,-0.625,,1000,0,0,,0,0,0,,0,0,0,-9.81,boundary
365,25.375,-0.625,,1000,0,0,,0,0,0,,0,0,0,-9.81,boundary
366,25.625,-0.625,,1000,0,0,,0,0,0,,0,0,0,-9.81,boundary
367,25.875,-0.625,,1000,0,0,,0,0,0,,0,0,0,-9.81,boundary
368,26.125,-0.625,,1000,0,0,,0,0,0,,0,0,0,-9.81,boundary
369,26.375,-0.625,,1000,0,0,,0,0,0,,0,0,0,-9.81,boundary
370,26.625,-0.625,,1000,0,0,,0,0,0,,0,0,0,-9.81,boundary
371,26.875,-0.625,,1000,0,0,,0,0,0,,0,0,0,-9.81,boundary
372,27.125,-0.625,,1000,0,0,,0,0,0,,0,0,0,-9.81,boundary
373,27.375,-0.625,,1000,0,0,,0,0,0,,0,0,0,-9.81,boundary
374,27.625,-0.625,,1000,0,0,,0,0,0,,0,0,0,-9.81,boundary
375,27.875,-0.625,,1000,0,0,,0,0,0,,0,0,0,-9.81,boundary
376,28.125,-0.625,,1000,0,0,,0,0,0,,0,0,0,-9.81,boundary
377,28.375,-0.625,,1000,0,0,,0,0,0,,0,0,0,-9.81,boundary
378,28.625,-0.625,,1000,0,0,,0,0,0,,0,0,0,-9.81,boundary
379,28.875,-0.625,,1000,0,0,,0,0,0,,0,0,0,-9.81,boundary
380,29.125,-0.625,,1000,0,0,,0,0,0,,0,0,0,-9.81,boundary
381,29.375,-0.625,,1000,0,0,,0,0,0,,0,0,0,-9.81,boundary
382,29.625,-0.625,,1000,0,0,,0,0,0,,0,0,0,-9.81,boundary
383,29.875,-0.625,,1000,0,0,,0,0,0,,0,0,0,-9.81,boundary
384,30.125,-0.625,,1000,0,0,,0,0,0,,0,0,0,-9.81,boundary
385,30.375,-0.625,,1000,0,0,,0,0,0,,0,0,0,-9.81,boundary
386,30.625,-0.625,,1000,0,0,,0,0,0,,0,0,0,-9.81,boundary
387,30.875,-0.625,,1000,0,0,,0,0,0,,0,0,0,-9.81,boundary
388,31.125,-0.625,,1000,0,0,,0,0,0,,0,0,0,-9.81,boundary
389,31.375,-0.625,,1000,0,0,,0,0,0,,0,0,0,-9.81,boundary
390,31.625,-0.625,,1000,0,0,,0,0,0,,0,0,0,-9.81,boundary
391,31.875,-0.625,,1000,0,0,,0,0,0,,0,0,0,-9.81,boundary
392,32.125,-0.625,,1000,0,0,,0,0,0,,0,0,0,-9.81,boundary
393,32.375,-0.625,,1000,0,0,,0,0,0,,0,0,0,-9.81,boundary
394,32.625,-0.625,,1000,0,0,,0,0,0,,0,0,0,-9.81,boundary
395,32.875,-0.625,,1000,0,0,,0,0,0,,0,0,0,-9.81,boundary
396,0.125,-0.875,,1006.73,0,107819,,0,0,0,,0,0,856.785,-9.81,boundary
397,0.375,-0.875,,1005.33,0,85030.7,,0,0,0,,0,0,225.546,-9.81,boundary
398,0.625,-0.875,,1004.07,0,64597.6,,0,0,0,,0,0,102.938,-9.81,boundary
399,0.875,-0.875,,1003.57,0,56637.9,,0,0,0,,0,0,64.4988,-9.81,boundary
400,1.125,-0.875,,1003.76,0,59622.2,,0,0,0,,0,0,52.7992,-9.81,boundary
401,1.375,-0.875,,1003.87,0,61443.9,,0,0,0,,0,0,44.5142,-9.81,boundary
402,1.625,-0.875,,1004.12,0,65427.5,,0,0,0,,0,0,40.098,-9.81,boundary
403,1.875,-0.875,,1004.42,0,70269,,0,0,0,,0,0,37.312,-9.81,boundary
404,2.125,-0.875,,1004.51,0,71737,,0,0,0,,0,0,33.6071,-9.81,boundary
405,2.375,-0.875,,1004.41,0,70140.2,,0,0,0,,0,0,29.4031,-9.81,boundary
406,2.625,-0.875,,1004.18,0,66514.2,,0,0,0,,0,0,25.2331,-9.81,boundary
407,2.875,-0.875,,1003.86,0,61217.9,,0,0,0,,0,0,21.2114,-9.81,boundary
408,3.125,-0.875,,1003.83,0,60863.9,,0,0,0,,0,0,19.4021,-9.81,boundary
409,3.375,-0.875,,1003.9,0,61950.8,,0,0,0,,0,0,18.2845,-9.81,boundary
410,3.625,-0.875,,1003.81,0,60555.3,,0,0,0,,0,0,16.6414,-9.81,boundary
411,3.875,-0.875,,1003.69,0,58487.1,,0,0,0,,0,0,15.038,-9.81,boundary
412,4.125,-0.875,,1003.43,0,54469.8,,0,0,0,,0,0,13.1596,-9.81,boundary
413,4.375,-0.875,,1003.34,0,52986.3,,0,0,0,,0,0,12.0708,-9.81,boundary
414,4.625,-0.875,,1003.37,0,53394.9,,0,0,0,,0,0,11.5061,-9.81,boundary
415,4.875,-0.875,,1003.37,0,53439.9,,0,0,0,,0,0,10.9252,-9.81,boundary
416,5.125,-0.875,,1003.44,0,54519.5,,0,0,0,,0,0,10.6015,-9.81,boundary
417,5.375,-0.875,,1003.39,0,53827.2,,0,0,0,,0,0,9.98049,-9.81,boundary
418,5.625,-0.875,,1003.18,0,50451.3,,0,0,0,,0,0,8.94065,-9.81,boundary
419,5.875,-0.875,,1003.23,0,51184.3,,0,0,0,,0,0,8.68418,-9.81,boundary
420,6.125,-0.875,,1003.09,0,48900.5,,0,0,0,,0,0,7.95918,-9.81,boundary
421,6.375,-0.875,,1003.19,0,50599.6,,0,0,0,,0,0,7.91193,-9.81,boundary
422,6.625,-0.875,,1003.19,0,50621.9,,0,0,0,,0,0,7.6167,-9.81,boundary
423,6.875,-0.875,,1003.09,0,48944.8,,0,0,0,,0,0,7.09731,-9.81,boundary
424,7.125,-0.875,,1002.99,0,47370,,0,0,0,,0,0,6.6286,-9.81,boundary
425,7.375,-0.875,,1002.87,0,45443.3,,0,0,0,,0,0,6.14416,-9.81,boundary
426,7.625,-0.875,,1002.84,0,44882.3,,0,0,0,,0,0,5.86956,-9.81,boundary
427,7.875,-0.875,,1002.89,0,45753.5,,0,0,0,,0,0,5.79323,-9.81,boundary
428,8.125,-0.875,,1002.85,0,45120.1,,0,0,0,,0,0,5.53746,-9.81,boundary
429,8.375,-0.875,,1002.94,0,46541.7,,0,0,0,,0,0,5.54093,-9.81,boundary
430,8.625,-0.875,,1002.94,0,46566.5,,0,0,0,,0,0,5.38318,-9.81,boundary
431,8.875,-0.875,,1002.55,0,40393.1,,0,0,0,,0,0,4.53974,-9.81,boundary
432,9.125,-0.875,,1002.52,0,39914.4,,0,0,0,,0,0,4.36316,-9.81,boundary
433,9.375,-0.875,,1002.47,0,39135.3,,0,0,0,,0,0,4.16413,-9.81,boundary
434,9.625,-0.875,,1002.28,0,36070.9,,0,0,0,,0,0,3.73909,-9.81,boundary
435,9.875,-0.875,,1002.27,0,35899.9,,0,0,0,,0,0,3.6272,-9.81,boundary
436,10.125,-0.875,,1002.05,0,32358.2,,0,0,0,,0,0,3.18934,-9.81,boundary
437,10.375,-0.875,,1001.76,0,27763,,0,0,0,,0,0,2.67125,-9.81,boundary
438,10.625,-0.875,,1001.79,0,28303.5,,0,0,0,,0,0,2.65909,-9.81,boundary
439,10.875,-0.875,,1001.64,0,25876.8,,0,0,0,,0,0,2.37558,-9.81,boundary
440,11.125,-0.875,,1001.16,0,18334.1,,0,0,0,,0,0,1.64609,-9.81,boundary
441,11.375,-0.875,,1001.05,0,16546.8,,0,0,0,,0,0,1.45314,-9.81,boundary
442,11.625,-0.875,,1001.08,0,17064.5,,0,0,0,,0,0,1.46633,-9.81,boundary
443,11.875,-0.875,,1000.41,0,6493.61,,0,0,0,,0,0,0.546604,-9.81,boundary
444,12.125,-0.875,,1000,0,0,,0,0,0,,0,0,0,-9.81,boundary
445,12.375,-0.875,,1000,0,0,,0,0,0,,0,0,0,-9.81,boundary
446,12.625,-0.875,,1000.89,0,14025,,0,0,0,,0,0,1.1099,-9.81,boundary
447,12.875,-0.875,,1001.47,0,23166,,0,0,0,,0,0,1.79666,-9.81,boundary
448,13.125,-0.875,,1001.5,0,23608.8,,0,0,0,,0,0,1.79607,-9.81,boundary
449,13.375,-0.875,,1000.75,0,11737.8,,0,0,0,,0,0,0.876937,-9.81,boundary
450,13.625,-0.875,,1000,0,0,,0,0,0,,0,0,0,-9.81,boundary
451,13.875,-0.875,,1000,0,0,,0,0,0,,0,0,0,-9.81,boundary
452,14.125,-0.875,,1000.19,0,2961.24,,0,0,0,,0,0,0.209606,-9.81,boundary
453,14.375,-0.875,,1000.92,0,14489.3,,0,0,0,,0,0,1.00702,-9.81,boundary
454,14.625,-0.875,,1000.52,0,8175.8,,0,0,0,,0,0,0.558739,-9.81,boundary
455,14.875,-0.875,,1000.91,0,14347.1,,0,0,0,,0,0,0.963635,-9.81,boundary
456,15.125,-0.875,,1002.12,0,33454.8,,0,0,0,,0,0,2.20721,-9.81,boundary
457,15.375,-0.875,,1001.51,0,23848.4,,0,0,0,,0,0,1.54878,-9.81,boundary
458,15.625,-0.875,,1000,0,0,,0,0,0,,0,0,0,-9.81,boundary
459,15.875,-0.875,,1000,0,0,,0,0,0,,0,0,0,-9.81,boundary
460,16.125,-0.875,,1000.28,0,4460.02,,0,0,0,,0,0,0.276512,-9.81,boundary
461,16.375,-0.875,,1002.5,0,39523.4,,0,0,0,,0,0,2.40763,-9.81,boundary
462,16.625,-0.875,,1002.59,0,40918.6,,0,0,0,,0,0,2.45492,-9.81,boundary
463,16.875,-0.875,,1002.02,0,31946,,0,0,0,,0,0,1.88928,-9.81,boundary
464,17.125,-0.875,,1002.19,0,34550.3,,0,0,0,,0,0,2.01314,-9.81,boundary
465,17.375,-0.875,,1002.12,0,33481.7,,0,0,0,,0,0,1.92293,-9.81,boundary
466,17.625,-0.875,,1001.1,0,17295.9,,0,0,0,,0,0,0.980254,-9.81,boundary
467,17.875,-0.875,,1000.62,0,9781.94,,0,0,0,,0,0,0.546901,-9.81,boundary
468,18.125,-0.875,,1000.78,0,12250.3,,0,0,0,,0,0,0.675352,-9.81,boundary
469,18.375,-0.875,,1000.32,0,5051.68,,0,0,0,,0,0,0.274833,-9.81,boundary
470,18.625,-0.875,,1000.07,0,1165.93,,0,0,0,,0,0,0.0625956,-9.81,boundary
471,18.875,-0.875,,1001.16,0,18329,,0,0,0,,0,0,0.969946,-9.81,boundary
472,19.125,-0.875,,1002.05,0,32446.8,,0,0,0,,0,0,1.69309,-9.81,boundary
473,19.375,-0.875,,1001.77,0,27881.9,,0,0,0,,0,0,1.43653,-9.81,boundary
474,19.625,-0.875,,1001.26,0,19864.2,,0,0,0,,0,0,1.01092,-9.81,boundary
475,19.875,-0.875,,1000.68,0,10675,,0,0,0,,0,0,0.536745,-9.81,boundary
476,20.125,-0.875,,1000,0,0,,0,0,0,,0,0,0,-9.81,boundary
477,20.375,-0.875,,1000,0,0,,0,0,0,,0,0,0,-9.81,boundary
478,20.625,-0.875,,1000,0,0,,0,0,0,,0,0,0,-9.81,boundary
479,20.875,-0.875,,1000.43,0,6777.19,,0,0,0,,0,0,0.324516,-9.81,boundary
480,21.125,-0.875,,1000.08,0,1193.12,,0,0,0,,0,0,0.0564749,-9.81,boundary
481,21.375,-0.875,,1000,0,0,,0,0,0,,0,0,0,-9.81,boundary
482,21.625,-0.875,,1000,0,0,,0,0,0,,0,0,0,-9.81,boundary
483,21.875,-0.875,,1000,0,0,,0,0,0,,0,0,0,-9.81,boundary
484,22.125,-0.875,,1000,0,0,,0,0,0,,0,0,0,-9.81,boundary
485,22.375,-0.875,,1000,0,0,,0,0,0,,0,0,0,-9.81,boundary
486,22.625,-0.875,,1000.54,0,8459.97,,0,0,0,,0,0,0.37372,-9.81,boundary
487,22.875,-0.875,,1008.16,0,131293,,0,0,0,,0,0,5.6931,-9.81,boundary
488,23.125,-0.875,,1000,0,0,,0,0,0,,0,0,0,-9.81,boundary
489,23.375,-0.875,,1000,0,0,,0,0,0,,0,0,0,-9.81,boundary
490,23.625,-0.875,,1000,0,0,,0,0,0,,0,0,0,-9.81,boundary
491,23.875,-0.875,,1000,0,0,,0,0,0,,0,0,0,-9.81,boundary
492,24.125,-0.875,,1000,0,0,,0,0,0,,0,0,0,-9.81,boundary
493,24.375,-0.875,,1000,0,0,,0,0,0,,0,0,0,-9.81,boundary
494,24.625,-0.875,,1000,0,0,,0,0,0,,0,0,0,-9.81,boundary
495,24.875,-0.875,,1000,0,0,,0,0,0,,0,0,0,-9.81,boundary
496,25.125,-0.875,,1000,0,0,,0,0,0,,0,0,0,-9.81,boundary
497,25.375,-0.875,,1000,0,0,,0,0,0,,0,0,0,-9.81,boundary
498,25.625,-0.875,,1000,0,0,,0,0,0,,0,0,0,-9.81,boundary
499,25.875,-0.875,,1000,0,0,,0,0,0,,0,0,0,-9.81,boundary
500,26.125,-0.875,,1000,0,0,,0,0,0,,0,0,0,-9.81,boundary
501,26.375,-0.875,,1000,0,0,,0,0,0,,0,0,0,-9.81,boundary
502,26.625,-0.875,,1000,0,0,,0,0,0,,0,0,0,-9.81,boundary
503,26.875,-0.875,,1000,0,0,,0,0,0,,0,0,0,-9.81,boundary
504,27.125,-0.875,,1000,0,0,,0,0,0,,0,0,0,-9.81,boundary
505,27.375,-0.875,,1000,0,0,,0,0,0,,0,0,0,-9.81,boundary
506,27.625,-0.875,,1000,0,0,,0,0,0,,0,0,0,-9.81,boundary
507,27.875,-0.875,,1000,0,0,,0,0,0,,0,0,0,-9.81,boundary
508,28.125,-0.875,,1000,0,0,,0,0,0,,0,0,0,-9.81,boundary
509,28.375,-0.875,,1000,0,0,,0,0,0,,0,0,0,-9.81,boundary
510,28.625,-0.875,,1000,0,0,,0,0,0,,0,0,0,-9.81,boundary
511,28.875,-0.875,,1000,0,0,,0,0,0,,0,0,0,-9.81,boundary
512,29.125,-0.875,,1000,0,0,,0,0,0,,0,0,0,-9.81,boundary
513,29.375,-0.875,,1000,0,0,,0,0,0,,0,0,0,-9.81,boundary
514,29.625,-0.875,,1000,0,0,,0,0,0,,0,0,0,-9.81,boundary
515,29.875,-0.875,,1000,0,0,,0,0,0,,0,0,0,-9.81,boundary
516,30.125,-0.875,,1000,0,0,,0,0,0,,0,0,0,-9.81,boundary
517,30.375,-0.875,,1000,0,0,,0,0,0,,0,0,0,-9.81,boundary
518,30.625,-0.875,,1000,0,0,,0,0,0,,0,0,0,-9.81,boundary
519,30.875,-0.875,,1000,0,0,,0,0,0,,0,0,0,-9.81,boundary
520,31.125,-0.875,,1000,0,0,,0,0,0,,0,0,0,-9.81,boundary
521,31.375,-0.875,,1000,0,0,,0,0,0,,0,0,0,-9.81,boundary
522,31.625,-0.875,,1000,0,0,,0,0,0,,0,0,0,-9.81,boundary
523,31.875,-0.875,,1000,0,0,,0,0,0,,0,0,0,-9.81,boundary
524,32.125,-0.875,,1000,0,0,,0,0,0,,0,0,0,-9.81,boundary
525,32.375,-0.875,,1000,0,0,,0,0,0,,0,0,0,-9.81,boundary
526,32.625,-0.875,,1000,0,0,,0,0,0,,0,0,0,-9.81,boundary
527,32.875,-0.875,,1000,0,0,,0,0,0,,0,0,0,-9.81,boundary
528,32.125,0.125,,1000,0,0,,0,0,0,,0,0,0,-9.81,boundary
529,32.125,0.375,,1000,0,0,,0,0,0,,0,0,0,-9.81,boundary
530,32.125,0.625,,1000,0,0,,0,0,0,,0,0,0,-9.81,boundary
531,32.125,0.875,,1000,0,0,,0,0,0,,0,0,0,-9.81,boundary
532,32.125,1.125,,1000,0,0,,0,0,0,,0,0,0,-9.81,boundary
533,32.125,1.375,,1000,0,0,,0,0,0,,0,0,0,-9.81,boundary
534,32.125,1.625,,1000,0,0,,0,0,0,,0,0,0,-9.81,boundary
535,32.125,1.875,,1000,0,0,,0,0,0,,0,0,0,-9.81,boundary
536,32.125,2.125,,1000,0,0,,0,0,0,,0,0,0,-9.81,boundary
537,32.125,2.375,,1000,0,0,,0,0,0,,0,0,0,-9.81,boundary
538,32.125,2.625,,1000,0,0,,0,0,0,,0,0,0,-9.81,boundary
539,32.125,2.875,,1000,0,0,,0,0,0,,0,0,0,-9.81,boundary
540,32.125,3.125,,1000,0,0,,0,0,0,,0,0,0,-9.81,boundary
541,32.125,3.375,,1000,0,0,,0,0,0,,0,0,0,-9.81,boundary
542,32.125,3.625,,1000,0,0,,0,0,0,,0,0,0,-9.81,boundary
543,32.125,3.875,,1000,0,0,,0,0,0,,0,0,0,-9.81,boundary
544,32.125,4.125,,1000,0,0,,0,0,0,,0,0,0,-9.81,boundary
545,32.125,4.375,,1000,0,0,,0,0,0,,0,0,0,-9.81,boundary
546,32.125,4.625,,1000,0,0,,0,0,0,,0,0,0,-9.81,boundary
547,32.125,4.875,,1000,0,0,,0,0,0,,0,0,0,-9.81,boundary
548,32.125,5.125,,1000,0,0,,0,0,0,,0,0,0,-9.81,boundary
549,32.125,5.375,,1000,0,0,,0,0,0,,0,0,0,-9.81,boundary
550,32.125,5.625,,1000,0,0,,0,0,0,,0,0,0,-9.81,boundary
551,32.125,5.875,,1000,0,0,,0,0,0,,0,0,0,-9.81,boundary
552,32.125,6.125,,1000,0,0,,0,0,0,,0,0,0,-9.81,boundary
553,32.125,6.375,,1000,0,0,,0,0,0,,0,0,0,-9.81,boundary
554,32.125,6.625,,1000,0,0,,0,0,0,,0,0,0,-9.81,boundary
555,32.125,6.875,,1000,0,0,,0,0,0,,0,0,0,-9.81,boundary
556,32.125,7.125,,1000,0,0,,0,0,0,,0,0,0,-9.81,boundary
557,32.125,7.375,,1000,0,0,,0,0,0,,0,0,0,-9.81,boundary
558,32.125,7.625,,1000,0,0,,0,0,0,,0,0,0,-9.81,boundary
559,32.125,7.875,,1000,0,0,,0,0,0,,0,0,0,-9.81,boundary
560,32.125,8.125,,1000,0,0,,0,0,0,,0,0,0,-9.81,boundary
561,32.125,8.375,,1000,0,0,,0,0,0,,0,0,0,-9.81,boundary
562,32.125,8.625,,1000,0,0,,0,0,0,,0,0,0,-9.81,boundary
563,32.125,8.875,,1000,0,0,,0,0,0,,0,0,0,-9.81,boundary
564,32.125,9.125,,1000,0,0,,0,0,0,,0,0,0,-9.81,boundary
565,32.125,9.375,,1000,0,0,,0,0,0,,0,0,0,-9.81,boundary
566,32.125,9.625,,1000,0,0,,0,0,0,,0,0,0,-9.81,boundary
567,32.125,9.875,,1000,0,0,,0,0,0,,0,0,0,-9.81,boundary
568,32.125,10.125,,1000,0,0,,0,0,0,,0,0,0,-9.81,boundary
569,32.125,10.375,,1000,0,0,,0,0,0,,0,0,0,-9.81,boundary
570,32.125,10.625,,1000,0,0,,0,0,0,,0,0,0,-9.81,boundary
571,32.125,10.875,,1000,0,0,,0,0,0,,0,0,0,-9.81,boundary
572,32.125,11.125,,1000,0,0,,0,0,0,,0,0,0,-9.81,boundary
573,32.125,11.375,,1000,0,0,,0,0,0,,0,0,0,-9.81,boundary
574,32.125,11.625,,1000,0,0,,0,0,0,,0,0,0,-9.81,boundary
575,32.125,11.875,,1000,0,0,,0,0,0,,0,0,0,-9.81,boundary
576,32.125,12.125,,1000,0,0,,0,0,0,,0,0,0,-9.81,boundary
577,32.125,12.375,,1000,0,0,,0,0,0,,0,0,0,-9.81,boundary
578,32.125,12.625,,1000,0,0,,0,0,0,,0,0,0,-9.81,boundary
579,32.125,12.875,,1000,0,0,,0,0,0,,0,0,0,-9.81,boundary
580,32.125,13.125,,1000,0,0,,0,0,0,,0,0,0,-9.81,boundary
581,32.125,13.375,,1000,0,0,,0,0,0,,0,0,0,-9.81,boundary
582,32.125,13.625,,1000,0,0,,0,0,0,,0,0,0,-9.81,boundary
583,32.125,13.875,,1000,0,0,,0,0,0,,0,0,0,-9.81,boundary
584,32.125,14.125,,1000,0,0,,0,0,0,,0,0,0,-9.81,boundary
585,32.125,14.375,,1000,0,0,,0,0,0,,0,0,0,-9.81,boundary
586,32.125,14.625,,1000,0,0,,0,0,0,,0,0,0,-9.81,boundary
587,32.125,14.875,,1000,0,0,,0,0,0,,0,0,0,-9.81,boundary
588,32.125,15.125,,1000,0,0,,0,0,0,,0,0,0,-9.81,boundary
589,32.125,15.375,,1000,0,0,,0,0,0,,0,0,0,-9.81,boundary
590,32.125,15.625,,1000,0,0,,0,0,0,,0,0,0,-9.81,boundary
591,32.125,15.875,,1000,0,0,,0,0,0,,0,0,0,-9.81,boundary
592,32.125,16.125,,1000,0,0,,0,0,0,,0,0,0,-9.81,boundary
593,32.125,16.375,,1000,0,0,,0,0,0,,0,0,0,-9.81,boundary
594,32.125,16.625,,1000,0,0,,0,0,0,,0,0,0,-9.81,boundary
595,32.125,16.875,,1000,0,0,,0,0,0,,0,0,0,-9.81,boundary
596,32.125,17.125,,1000,0,0,,0,0,0,,0,0,0,-9.81,boundary
597,32.125,17.375,,1000,0,0,,0,0,0,,0,0,0,-9.81,boundary
598,32.125,17.625,,1000,0,0,,0,0,0,,0,0,0,-9.81,boundary
599,32.125,17.875,,1000,0,0,,0,0,0,,0,0,0,-9.81,boundary
600,32.125,18.125,,1000,0,0,,0,0,0,,0,0,0,-9.81,boundary
601,32.125,18.375,,1000,0,0,,0,0,0,,0,0,0,-9.81,boundary
602,32.125,18.625,,1000,0,0,,0,0,0,,0,0,0,-9.81,boundary
603,32.125,18.875,,1000,0,0,,0,0,0,,0,0,0,-9.81,boundary
604,32.375,0.125,,1000,0,0,,0,0,0,,0,0,0,-9.81,boundary
605,32.375,0.375,,1000,0,0,,0,0,0,,0,0,0,-9.81,boundary
606,32.375,0.625,,1000,0,0,,0,0,0,,0,0,0,-9.81,boundary
607,32.375,0.875,,1000,0,0,,0,0,0,,0,0,0,-9.81,boundary
608,32.375,1.125,,1000,0,0,,0,0,0,,0,0,0,-9.81,boundary
609,32.375,1.375,,1000,0,0,,0,0,0,,0,0,0,-9.81,boundary
610,32.375,1.625,,1000,0,0,,0,0,0,,0,0,0,-9.81,boundary
611,32.375,1.875,,1000,0,0,,0,0,0,,0,0,0,-9.81,boundary
612,32.375,2.125,,1000,0,0,,0,0,0,,0,0,0,-9.81,boundary
613,32.375,2.375,,1000,0,0,,0,0,0,,0,0,0,-9.81,boundary
614,32.375,2.625,,1000,0,0,,0,0,0,,0,0,0,-9.81,boundary
615,32.375,2.875,,1000,0,0,,0,0,0,,0,0,0,-9.81,boundary
616,32.375,3.125,,1000,0,0,,0,0,0,,0,0,0,-9.81,boundary
617,32.375,3.375,,1000,0,0,,0,0,0,,0,0,0,-9.81,boundary
618,32.375,3.625,,1000,0,0,,0,0,0,,0,0,0,-9.81,boundary
619,32.375,3.875,,1000,0,0,,0,0,0,,0,0,0,-9.81,boundary
620,32.375,4.125,,1000,0,0,,0,0,0,,0,0,0,-9.81,boundary
621,32.375,4.375,,1000,0,0,,0,0,0,,0,0,0,-9.81,boundary
622,32.375,4.625,,1000,0,0,,0,0,0,,0,0,0,-9.81,boundary
623,32.375,4.875,,1000,0,0,,0,0,0,,0,0,0,-9.81,boundary
624,32.375,5.125,,1000,0,0,,0,0,0,,0,0,0,-9.81,boundary
625,32.375,5.375,,1000,0,0,,0,0,0,,0,0,0,-9.81,boundary
626,32.375,5.625,,1000,0,0,,0,0,0,,0,0,0,-9.81,boundary
627,32.375,5.875,,1000,0,0,,0,0,0,,0,0,0,-9.81,boundary
628,32.375,6.125,,1000,0,0,,0,0,0,,0,0,0,-9.81,boundary
629,32.375,6.375,,1000,0,0,,0,0,0,,0,0,0,-9.81,boundary
630,32.375,6.625,,1000,0,0,,0,0,0,,0,0,0,-9.81,boundary
631,32.375,6.875,,1000,0,0,,0,0,0,,0,0,0,-9.81,boundary
632,32.375,7.125,,1000,0,0,,0,0,0,,0,0,0,-9.81,boundary
633,32.375,7.375,,1000,0,0,,0,0,0,,0,0,0,-9.81,boundary
634,32.375,7.625,,1000,0,0,,0,0,0,,0,0,0,-9.81,boundary
635,32.375,7.875,,1000,0,0,,0,0,0,,0,0,0,-9.81,boundary
636,32.375,8.125,,1000,0,0,,0,0,0,,0,0,0,-9.81,boundary
637,32.375,8.375,,1000,0,0,,0,0,0,,0,0,0,-9.81,boundary
638,32.375,8.625,,1000,0,0,,0,0,0,,0,0,0,-9.81,boundary
639,32.375,8.875,,1000,0,0,,0,0,0,,0,0,0,-9.81,boundary
640,32.375,9.125,,1000,0,0,,0,0,0,,0,0,0,-9.81,boundary
641,32.375,9.375,,1000,0,0,,0,0,0,,0,0,0,-9.81,boundary
642,32.375,9.625,,1000,0,0,,0,0,0,,0,0,0,-9.81,boundary
643,32.375,9.875,,1000,0,0,,0,0,0,,0,0,0,-9.81,boundary
644,32.375,10.125,,1000,0,0,,0,0,0,,0,0,0,-9.81,boundary
645,32.375,10.375,,1000,0,0,,0,0,0,,0,0,0,-9.81,boundary
646,32.375,10.625,,1000,0,0,,0,0,0,,0,0,0,-9.81,boundary
647,32.375,10.875,,1000,0,0,,0,0,0,,0,0,0,-9.81,boundary
648,32.375,11.125,,1000,0,0,,0,0,0,,0,0,0,-9.81,boundary
649,32.375,11.375,,1000,0,0,,0,0,0,,0,0,0,-9.81,boundary
650,32.375,11.625,,1000,0,0,,0,0,0,,0,0,0,-9.81,boundary
651,32.375,11.875,,1000,0,0,,0,0,0,,0,0,0,-9.81,boundary
652,32.375,12.125,,1000,0,0,,0,0,0,,0,0,0,-9.81,boundary
653,32.375,12.375,,1000,0,0,,0,0,0,,0,0,0,-9.81,boundary
654,32.375,12.625,,1000,0,0,,0,0,0,,0,0,0,-9.81,boundary
655,32.375,12.875,,1000,0,0,,0,0,0,,0,0,0,-9.81,boundary
656,32.375,13.125,,1000,0,0,,0,0,0,,0,0,0,-9.81,boundary
657,32.375,13.375,,1000,0,0,,0,0,0,,0,0,0,-9.81,boundary
658,32.375,13.625,,1000,0,0,,0,0,0,,0,0,0,-9.81,boundary
659,32.375,13.875,,1000,0,0,,0,0,0,,0,0,0,-9.81,boundary
660,32.375,14.125,,1000,0,0,,0,0,0,,0,0,0,-9.81,boundary
661,32.375,14.375,,1000,0,0,,0,0,0,,0,0,0,-9.81,boundary
662,32.375,14.625,,1000,0,0,,0,0,0,,0,0,0,-9.81,boundary
663,32.375,14.875,,1000,0,0,,0,0,0,,0,0,0,-9.81,boundary
664,32.375,15.125,,1000,0,0,,0,0,0,,0,0,0,-9.81,boundary
665,32.375,15.375,,1000,0,0,,0,0,0,,0,0,0,-9.81,boundary
666,32.375,15.625,,1000,0,0,,0,0,0,,0,0,0,-9.81,boundary
667,32.375,15.875,,1000,0,0,,0,0,0,,0,0,0,-9.81,boundary
668,32.375,16.125,,1000,0,0,,0,0,0,,0,0,0,-9.81,boundary
669,32.375,16.375,,1000,0,0,,0,0,0,,0,0,0,-9.81,boundary
670,32.375,16.625,,1000,0,0,,0,0,0,,0,0,0,-9.81,boundary
671,32.375,16.875,,1000,0,0,,0,0,0,,0,0,0,-9.81,boundary
672,32.375,17.125,,1000,0,0,,0,0,0,,0,0,0,-9.81,boundary
673,32.375,17.375,,1000,0,0,,0,0,0,,0,0,0,-9.81,boundary
674,32.375,17.625,,1000,0,0,,0,0,0,,0,0,0,-9.81,boundary
675,32.375,17.875,,1000,0,0,,0,0,0,,0,0,0,-9.81,boundary
676,32.375,18.125,,1000,0,0,,0,0,0,,0,0,0,-9.81,boundary
677,32.375,18.375,,1000,0,0,,0,0,0,,0,0,0,-9.81,boundary
678,32.375,18.625,,1000,0,0,,0,0,0,,0,0,0,-9.81,boundary
679,32.375,18.875,,1000,0,0,,0,0,0,,0,0,0,-9.81,boundary
680,32.625,0.125,,1000,0,0,,0,0,0,,0,0,0,-9.81,boundary
681,32.625,0.375,,1000,0,0,,0,0,0,,0,0,0,-9.81,boundary
682,32.625,0.625,,1000,0,0,,0,0,0,,0,0,0,-9.81,boundary
683,32.625,0.875,,1000,0,0,,0,0,0,,0,0,0,-9.81,boundary
684,32.625,1.125,,1000,0,0,,0,0,0,,0,0,0,-9.81,boundary
685,32.625,1.375,,1000,0,0,,0,0,0,,0,0,0,-9.81,boundary
686,32.625,1.625,,1000,0,0,,0,0,0,,0,0,0,-9.81,boundary
687,32.625,1.875,,1000,0,0,,0,0,0,,0,0,0,-9.81,boundary
688,32.625,2.125,,1000,0,0,,0,0,0,,0,0,0,-9.81,boundary
689,32.625,2.375,,1000,0,0,,0,0,0,,0,0,0,-9.81,boundary
690,32.625,2.625,,1000,0,0,,0,0,0,,0,0,0,-9.81,boundary
691,32.625,2.875,,1000,0,0,,0,0,0,,0,0,0,-9.81,boundary
692,32.625,3.125,,1000,0,0,,0,0,0,,0,0,0,-9.81,boundary
693,32.625,3.375,,1000,0,0,,0,0,0,,0,0,0,-9.81,boundary
694,32.625,3.625,,1000,0,0,,0,0,0,,0,0,0,-9.81,boundary
695,32.625,3.875,,1000,0,0,,0,0,0,,0,0,0,-9.81,boundary
696,32.625,4.125,,1000,0,0,,0,0,0,,0,0,0,-9.81,boundary
697,32.625,4.375,,1000,0,0,,0,0,0,,0,0,0,-9.81,boundary
698,32.625,4.625,,1000,0,0,,0,0,0,,0,0,0,-9.81,boundary
699,32.625,4.875,,1000,0,0,,0,0,0,,0,0,0,-9.81,boundary
700,32.625,5.125,,1000,0,0,,0,0,0,,0,0,0,-9.81,boundary
701,32.625,5.375,,1000,0,0,,0,0,0,,0,0,0,-9.81,boundary
702,32.625,5.625,,1000,0,0,,0,0,0,,0,0,0,-9.81,boundary
703,32.625,5.875,,1000,0,0,,0,0,0,,0,0,0,-9.81,boundary
704,32.625,6.125,,1000,0,0,,0,0,0,,0,0,0,-9.81,boundary
705,32.625,6.375,,1000,0,0,,0,0,0,,0,0,0,-9.81,boundary
706,32.625,6.625,,1000,0,0,,0,0,0,,0,0,0,-9.81,boundary
707,32.625,6.875,,1000,0,0,,0,0,0,,0,0,0,-9.81,boundary
708,32.625,7.125,,1000,0,0,,0,0,0,,0,0,0,-9.81,boundary
709,32.625,7.375,,1000,0,0,,0,0,0,,0,0,0,-9.81,boundary
710,32.625,7.625,,1000,0,0,,0,0,0,,0,0,0,-9.81,boundary
711,32.625,7.875,,1000,0,0,,0,0,0,,0,0,0,-9.81,boundary
712,32.625,8.125,,1000,0,0,,0,0,0,,0,0,0,-9.81,boundary
713,32.625,8.375,,1000,0,0,,0,0,0,,0,0,0,-9.81,boundary
714,32.625,8.625,,1000,0,0,,0,0,0,,0,0,0,-9.81,boundary
715,32.625,8.875,,1000,0,0,,0,0,0,,0,0,0,-9.81,boundary
716,32.625,9.125,,1000,0,0,,0,0,0,,0,0,0,-9.81,boundary
717,32.625,9.375,,1000,0,0,,0,0,0,,0,0,0,-9.81,boundary
718,32.625,9.625,,1000,0,0,,0,0,0,,0,0,0,-9.81,boundary
719,32.625,9.875,,1000,0,0,,0,0,0,,0,0,0,-9.81,boundary
720,32.625,10.125,,1000,0,0,,0,0,0,,0,0,0,-9.81,boundary
721,32.625,10.375,,1000,0,0,,0,0,0,,0,0,0,-9.81,boundary
722,32.625,10.625,,1000,0,0,,0,0,0,,0,0,0,-9.81,boundary
723,32.625,10.875,,1000,0,0,,0,0,0,,0,0,0,-9.81,boundary
724,32.625,11.125,,1000,0,0,,0,0,0,,0,0,0,-9.81,boundary
725,32.625,11.375,,1000,0,0,,0,0,0,,0,0,0,-9.81,boundary
726,32.625,11.625,,1000,0,0,,0,0,0,,0,0,0,-9.81,boundary
727,32.625,11.875,,1000,0,0,,0,0,0,,0,0,0,-9.81,boundary
728,32.625,12.125,,1000,0,0,,0,0,0,,0,0,0,-9.81,boundary
729,32.625,12.375,,1000,0,0,,0,0,0,,0,0,0,-9.81,boundary
730,32.625,12.625,,1000,0,0,,0,0,0,,0,0,0,-9.81,boundary
731,32.625,12.875,,1000,0,0,,0,0,0,,0,0,0,-9.81,boundary
732,32.625,13.125,,1000,0,0,,0,0,0,,0,0,0,-9.81,boundary
733,32.625,13.375,,1000,0,0,,0,0,0,,0,0,0,-9.81,boundary
734,32.625,13.625,,1000,0,0,,0,0,0,,0,0,0,-9.81,boundary
735,32.625,13.875,,1000,0,0,,0,0,0,,0,0,0,-9.81,boundary
736,32.625,14.125,,1000,0,0,,0,0,0,,0,0,0,-9.81,boundary
737,32.625,14.375,,1000,0,0,,0,0,0,,0,0,0,-9.81,boundary
738,32.625,14.625,,1000,0,0,,0,0,0,,0,0,0,-9.81,boundary
739,32.625,14.875,,1000,0,0,,0,0,0,,0,0,0,-9.81,boundary
740,32.625,15.125,,1000,0,0,,0,0,0,,0,0,0,-9.81,boundary
741,32.625,15.375,,1000,0,0,,0,0,0,,0,0,0,-9.81,boundary
742,32.625,15.625,,1000,0,0,,0,0,0,,0,0,0,-9.81,boundary
743,32.625,15.875,,1000,0,0,,0,0,0,,0,0,0,-9.81,boundary
744,32.625,16.125,,1000,0,0,,0,0,0,,0,0,0,-9.81,boundary
745,32.625,16.375,,1000,0,0,,0,0,0,,0,0,0,-9.81,boundary
746,32.625,16.625,,1000,0,0,,0,0,0,,0,0,0,-9.81,boundary
747,32.625,16.875,,1000,0,0,,0,0,0,,0,0,0,-9.81,boundary
748,32.625,17.125,,1000,0,0,,0,0,0,,0,0,0,-9.81,boundary
749,32.625,17.375,,1000,0,0,,0,0,0,,0,0,0,-9.81,boundary
750,32.625,17.625,,1000,0,0,,0,0,0,,0,0,0,-9.81,boundary
751,32.625,17.875,,1000,0,0,,0,0,0,,0,0,0,-9.81,boundary
752,32.625,18.125,,1000,0,0,,0,0,0,,0,0,0,-9.81,boundary
753,32.625,18.375,,1000,0,0,,0,0,0,,0,0,0,-9.81,boundary
754,32.625,18.625,,1000,0,0,,0,0,0,,0,0,0,-9.81,boundary
755,32.625,18.875,,1000,0,0,,0,0,0,,0,0,0,-9.81,boundary
756,32.875,0.125,,1000,0,0,,0,0,0,,0,0,0,-9.81,boundary
757,32.875,0.375,,1000,0,0,,0,0,0,,0,0,0,-9.81,boundary
758,32.875,0.625,,1000,0,0,,0,0,0,,0,0,0,-9.81,boundary
759,32.875,0.875,,1000,0,0,,0,0,0,,0,0,0,-9.81,boundary
760,32.875,1.125,,1000,0,0,,0,0,0,,0,0,0,-9.81,boundary
761,32.875,1.375,,1000,0,0,,0,0,0,,0,0,0,-9.81,boundary
762,32.875,1.625,,1000,0,0,,0,0,0,,0,0,0,-9.81,boundary
763,32.875,1.875,,1000,0,0,,0,0,0,,0,0,0,-9.81,boundary
764,32.875,2.125,,1000,0,0,,0,0,0,,0,0,0,-9.81,boundary
765,32.875,2.375,,1000,0,0,,0,0,0,,0,0,0,-9.81,boundary
766,32.875,2.625,,1000,0,0,,0,0,0,,0,0,0,-9.81,boundary
767,32.875,2.875,,1000,0,0,,0,0,0,,0,0,0,-9.81,boundary
768,32.875,3.125,,1000,0,0,,0,0,0,,0,0,0,-9.81,boundary
769,32.875,3.375,,1000,0,0,,0,0,0,,0,0,0,-9.81,boundary
770,32.875,3.625,,1000,0,0,,0,0,0,,0,0,0,-9.81,boundary
771,32.875,3.875,,1000,0,0,,0,0,0,,0,0,0,-9.81,boundary
772,32.875,4.125,,1000,0,0,,0,0,0,,0,0,0,-9.81,boundary
773,32.875,4.375,,1000,0,0,,0,0,0,,0,0,0,-9.81,boundary
774,32.875,4.625,,1000,0,0,,0,0,0,,0,0,0,-9.81,boundary
775,32.875,4.875,,1000,0,0,,0,0,0,,0,0,0,-9.81,boundary
776,32.875,5.125,,1000,0,0,,0,0,0,,0,0,0,-9.81,boundary
777,32.875,5.375,,1000,0,0,,0,0,0,,0,0,0,-9.81,boundary
778,32.875,5.625,,1000,0,0,,0,0,0,,0,0,0,-9.81,boundary
779,32.875,5.875,,1000,0,0,,0,0,0,,0,0,0,-9.81,boundary
780,32.875,6.125,,1000,0,0,,0,0,0,,0,0,0,-9.81,boundary
781,32.875,6.375,,1000,0,0,,0,0,0,,0,0,0,-9.81,boundary
782,32.875,6.625,,1000,0,0,,0,0,0,,0,0,0,-9.81,boundary
783,32.875,6.875,,1000,0,0,,0,0,0,,0,0,0,-9.81,boundary
784,32.875,7.125,,1000,0,0,,0,0,0,,0,0,0,-9.81,boundary
785,32.875,7.375,,1000,0,0,,0,0,0,,0,0,0,-9.81,boundary
786,32.875,7.625,,1000,0,0,,0,0,0,,0,0,0,-9.81,boundary
787,32.875,7.875,,1000,0,0,,0,0,0,,0,0,0,-9.81,boundary
788,32.875,8.125,,1000,0,0,,0,0,0,,0,0,0,-9.81,boundary
789,32.875,8.375,,1000,0,0,,0,0,0,,0,0,0,-9.81,boundary
790,32.875,8.625,,1000,0,0,,0,0,0,,0,0,0,-9.81,boundary
791,32.875,8.875,,1000,0,0,,0,0,0,,0,0,0,-9.81,boundary
792,32.875,9.125,,1000,0,0,,0,0,0,,0,0,0,-9.81,boundary
793,32.875,9.375,,1000,0,0,,0,0,0,,0,0,0,-9.81,boundary
794,32.875,9.625,,1000,0,0,,0,0,0,,0,0,0,-9.81,boundary
795,32.875,9.875,,1000,0,0,,0,0,0,,0,0,0,-9.81,boundary
796,32.875,10.125,,1000,0,0,,0,0,0,,0,0,0,-9.81,boundary
797,32.875,10.375,,1000,0,0,,0,0,0,,0,0,0,-9.81,boundary
798,32.875,10.625,,1000,0,0,,0,0,0,,0,0,0,-9.81,boundary
799,32.875,10.875,,1000,0,0,,0,0,0,,0,0,0,-9.81,boundary
800,32.875,11.125,,1000,0,0,,0,0,0,,0,0,0,-9.81,boundary
801,32.875,11.375,,1000,0,0,,0,0,0,,0,0,0,-9.81,boundary
802,32.875,11.625,,1000,0,0,,0,0,0,,0,0,0,-9.81,boundary
803,32.875,11.875,,1000,0,0,,0,0,0,,0,0,0,-9.81,boundary
804,32.875,12.125,,1000,0,0,,0,0,0,,0,0,0,-9.81,boundary
805,32.875,12.375,,1000,0,0,,0,0,0,,0,0,0,-9.81,boundary
806,32.875,12.625,,1000,0,0,,0,0,0,,0,0,0,-9.81,boundary
807,32.875,12.875,,1000,0,0,,0,0,0,,0,0,0,-9.81,boundary
808,32.875,13.125,,1000,0,0,,0,0,0,,0,0,0,-9.81,boundary
809,32.875,13.375,,1000,0,0,,0,0,0,,0,0,0,-9.81,boundary
810,32.875,13.625,,1000,0,0,,0,0,0,,0,0,0,-9.81,boundary
811,32.875,13.875,,1000,0,0,,0,0,0,,0,0,0,-9.81,boundary
812,32.875,14.125,,1000,0,0,,0,0,0,,0,0,0,-9.81,boundary
813,32.875,14.375,,1000,0,0,,0,0,0,,0,0,0,-9.81,boundary
814,32.875,14.625,,1000,0,0,,0,0,0,,0,0,0,-9.81,boundary
815,32.875,14.875,,1000,0,0,,0,0,0,,0,0,0,-9.81,boundary
816,32.875,15.125,,1000,0,0,,0,0,0,,0,0,0,-9.81,boundary
817,32.875,15.375,,1000,0,0,,0,0,0,,0,0,0,-9.81,boundary
818,32.875,15.625,,1000,0,0,,0,0,0,,0,0,0,-9.81,boundary
819,32.875,15.875,,1000,0,0,,0,0,0,,0,0,0,-9.81,boundary
820,32.875,16.125,,1000,0,0,,0,0,0,,0,0,0,-9.81,boundary
821,32.875,16.375,,1000,0,0,,0,0,0,,0,0,0,-9.81,boundary
822,32.875,16.625,,1000,0,0,,0,0,0,,0,0,0,-9.81,boundary
823,32.875,16.875,,1000,0,0,,0,0,0,,0,0,0,-9.81,boundary
824,32.875,17.125,,1000,0,0,,0,0,0,,0,0,0,-9.81,boundary
825,32.875,17.375,,1000,0,0,,0,0,0,,0,0,0,-9.81,boundary
826,32.875,17.625,,1000,0,0,,0,0,0,,0,0,0,-9.81,boundary
827,32.875,17.875,,1000,0,0,,0,0,0,,0,0,0,-9.81,boundary
828,32.875,18.125,,1000,0,0,,0,0,0,,0,0,0,-9.81,boundary
829,32.875,18.375,,1000,0,0,,0,0,0,,0,0,0,-9.81,boundary
830,32.875,18.625,,1000,0,0,,0,0,0,,0,0,0,-9.81,boundary
831,32.875,18.875,,1000,0,0,,0,0,0,,0,0,0,-9.81,boundary
832,0.128246,0.209043,,1005.7,-62.0406,91051.3,,0.220334,0.000304051,0.220334,,-527.316,42.8752,178.634,33.0652,fluid
833,0.13795,0.156057,,1007.46,-369.219,119688,,-0.220849,-0.0296872,0.222835,,-525.591,44.9569,335.602,35.1469,fluid
834,0.131799,1.29671,,1002.26,1149.29,35649.9,,-0.611196,1.5989,1.71173,,-407.69,8.13352,-137.812,-1.67648,fluid
835,0.169622,1.50195,,1002.99,932.585,47433.1,,-0.130294,0.123599,0.179592,,-279.416,2.28606,-0.611317,-7.52394,fluid
836,0.193716,1.55388,,1002.32,1009.36,36739.6,,0.110721,-0.0861283,0.140276,,-236.536,7.68965,-47.3191,-2.12035,fluid
837,0.210035,1.64592,,1002.51,1015.68,39678.6,,0.161102,-0.0256007,0.163123,,-211.037,6.34015,-22.5947,-3.46985,fluid
838,0.224313,1.72968,,1002.59,986.069,40972.7,,0.189037,-0.132311,0.23074,,-195.562,6.46057,-13.3756,-3.34943,fluid
839,0.236013,1.79686,,1002.67,949.43,42233.9,,0.204327,-0.15817,0.258394,,-187.196,7.92104,-8.72477,-1.88896,fluid
840,0.251501,1.84899,,1002.72,929.187,43094.4,,0.222358,-0.168989,0.279285,,-177.077,9.95562,-6.19299,0.145618,fluid
841,0.286448,1.87597,,1002.66,1101.4,42026.7,,0.31135,-0.440385,0.53933,,-150.683,9.10205,-4.35536,-0.70795,fluid
842,0.318731,1.90494,,1002.59,1249.07,41005,,0.400013,-0.686641,0.794661,,-131.19,8.33151,-2.87117,-1.47849,fluid
843,0.342123,1.94727,,1002.59,1351.77,40969.9,,0.46833,-0.83754,0.959587,,-120.896,8.47951,-1.45393,-1.33049,fluid
844,0.361046,1.98627,,1002.59,1438.65,40986.5,,0.527365,-0.968761,1.103,,-113.572,8.43219,-0.343332,-1.37781,fluid
845,0.375822,2.02662,,1002.6,1506.57,41207.7,,0.574822,-1.06006,1.20588,,-108.769,8.44348,0.592638,-1.36652,fluid
846,0.390399,2.058,,1002.58,1568.42,40880.3,,0.621146,-1.15675,1.31297,,-103.189,8.26891,1.25486,-1.54109,fluid
847,0.39986,2.09383,,1002.59,1610.91,41005.4,,0.652309,-1.20779,1.37269,,-100.454,8.4492,1.83059,-1.3608,fluid
848,0.409504,2.12474,,1002.58,1651.74,40751,,0.68392,-1.27437,1.44629,,-96.9779,8.61312,2.27943,-1.19688,fluid
849,0.417887,2.15404,,1002.56,1686.75,40415,,0.711685,-1.34521,1.52187,,-93.814,8.87533,2.65226,-0.934667,fluid
850,0.42309,2.18463,,1002.55,1711.95,40344.4,,0.730243,-1.40988,1.58777,,-92.1461,9.2941,2.96784,-0.515904,fluid
851,0.428086,2.21331,,1002.54,1734.89,40133.5,,0.747856,-1.4893,1.66653,,-90.2653,9.68803,3.24819,-0.121968,fluid
852,0.428142,2.24609,,1002.57,1742.51,40589.3,,0.750205,-1.55822,1.72941,,-91.0227,10.1602,3.53806,0.350153,fluid
853,0.427543,2.27908,,1002.6,1741.47,41094.1,,0.747674,-1.63651,1.79921,,-92.0577,10.5232,3.8102,0.713205,fluid
854,0.428496,2.31125,,1002.61,1736.29,41293.9,,0.746184,-1.7258,1.88021,,-92.0585,10.7182,4.06,0.908236,fluid
855,0.428795,2.34475,,1002.63,1719,41551.2,,0.738356,-1.81313,1.95771,,-92.3818,10.7968,4.26662,0.986798,fluid
856,0.428493,2.37911,,1002.65,1689.1,41856.4,,0.724101,-1.89444,2.02811,,-93.0173,10.7596,4.40776,0.949554,fluid
857,0.427691,2.4142,,1002.67,1647.09,42202.1,,0.703888,-1.96675,2.08891,,-93.9385,10.6317,4.47335,0.821695,fluid
858,0.426282,2.45004,,1002.69,1593.19,42622.8,,0.677754,-2.02781,2.13807,,-95.2652,10.4587,4.45361,0.648685,fluid
859,0.427276,2.4841,,1002.69,1545.1,42565.6,,0.658134,-2.0881,2.18936,,-94.9125,10.2734,4.44107,0.463353,fluid
860,0.427813,2.51839,,1002.69,1491.64,42552.8,,0.635487,-2.14005,2.23241,,-94.8284,10.1191,4.37066,0.309065,fluid
861,0.427575,2.55282,,1002.69,1433.81,42643.4,,0.60982,-2.18563,2.26911,,-95.2291,10.0305,4.23617,0.220536,fluid
862,0.426594,2.587,,1002.71,1374.16,42840.9,,0.582441,-2.22865,2.3035,,-96.0984,10.0485,4.05597,0.238515,fluid
863,0.425921,2.62037,,1002.71,1319.16,42940.7,,0.557665,-2.27611,2.34343,,-96.6684,10.1912,3.87741,0.381185,fluid
864,0.426249,2.65299,,1002.7,1271.97,42794.1,,0.537617,-2.33201,2.39318,,-96.3933,10.4387,3.73299,0.628722,fluid
865,0.427264,2.68553,,1002.68,1230.3,42456,,0.520863,-2.39551,2.45148,,-95.4696,10.7587,3.63168,0.948666,fluid
866,0.424942,2.71709,,1002.7,1177.34,42745.3,,0.495195,-2.46321,2.51249,,-96.8674,11.1528,3.45268,1.34275,fluid
867,0.423278,2.74872,,1002.71,1126.78,42831.4,,0.471604,-2.54479,2.58812,,-97.606,11.509,3.31062,1.69895,fluid
868,0.422938,2.78156,,1002.69,1078.07,42563.4,,0.450422,-2.64041,2.67856,,-97.1392,11.7415,3.22825,1.9315,fluid
869,0.423154,2.81603,,1002.66,1025.29,42080.1,,0.428158,-2.74643,2.7796,,-95.9981,11.7439,3.1819,1.93387,fluid
870,0.422067,2.85107,,1002.64,960.401,41695.8,,0.399467,-2.86159,2.88933,,-95.4633,11.4431,3.0667,1.63314,fluid
871,0.422085,2.88952,,1002.58,892.012,40787.6,,0.370425,-2.97418,2.99716,,-93.579,10.6267,2.80598,0.816728,fluid
872,0.422066,2.93039,,1002.5,823.438,39494.6,,0.34126,-3.07349,3.09238,,-91.0718,9.31079,2.26934,-0.499207,fluid
873,0.421052,2.97242,,1002.4,765.175,37926.2,,0.315726,-3.15148,3.16725,,-88.4806,7.66356,1.37856,-2.14644,fluid
874,0.422576,3.01997,,1002.24,764.445,35429.3,,0.316627,-3.16859,3.18437,,-83.421,5.86547,0.23264,-3.94453,fluid
875,0.421985,3.06685,,1002.09,816.997,33054.6,,0.338554,-3.14602,3.16418,,-79.0694,4.4428,-0.901679,-5.3672,fluid
876,0.419498,3.11299,,1001.96,928.252,30882.7,,0.383409,-3.08376,3.10751,,-75.2413,3.64231,-1.76661,-6.16769,fluid
877,0.414353,3.15705,,1001.85,1077.35,29122.7,,0.44054,-2.99813,3.03033,,-72.3979,3.5302,-2.24263,-6.2798,fluid
878,0.405392,3.19677,,1001.77,1225.36,27978,,0.490852,-2.9205,2.96146,,-71.2967,3.88031,-2.40411,-5.92969,fluid
879,0.393858,3.23344,,1001.73,1366.86,27228.7,,0.532368,-2.85034,2.89963,,-71.3738,4.61045,-2.35963,-5.19955,fluid
880,0.377861,3.26445,,1001.72,1461.18,27099.4,,0.546062,-2.83558,2.88768,,-73.973,5.25992,-2.3779,-4.55008,fluid
881,0.360363,3.29384,,1001.72,1534.84,27174.8,,0.54699,-2.84426,2.89638,,-77.6414,6.14651,-2.36168,-3.66349,fluid
882,0.340932,3.32161,,1001.74,1574.35,27492.5,,0.53068,-2.8987,2.94688,,-82.8385,7.20002,-2.33958,-2.60998,fluid
883,0.320522,3.34908,,1001.77,1582.74,27898,,0.501392,-3.00504,3.04658,,-89.1927,8.66863,-2.30703,-1.14137,fluid
884,0.299988,3.37722,,1001.79,1565.23,28271.2,,0.463936,-3.17356,3.20729,,-96.3258,10.8226,-2.25345,1.01263,fluid
885,0.27862,3.40631,,1001.81,1525.29,28601.5,,0.41985,-3.42428,3.44993,,-104.729,13.5973,-2.26037,3.78735,fluid
886,0.25592,3.44215,,1001.81,1503.89,28630,,0.380584,-3.73832,3.75765,,-113.854,17.3864,-2.18526,7.57638,fluid
887,0.231239,3.50155,,1001.76,1577.79,27846.7,,0.362173,-4.08839,4.1044,,-121.557,22.8159,-1.346,13.0059,fluid
888,0.200749,3.58302,,1001.71,1656.52,26955.3,,0.334361,-4.52005,4.5324,,-132.734,26.71,1.31064,16.9,fluid
889,0.162391,3.70343,,1001.65,1575.17,26094.8,,0.257,-5.06898,5.07549,,-151.845,26.7899,8.5818,16.9799,fluid
890,0.12816,3.89641,,1002.02,793.375,31928.9,,0.326926,-5.5841,5.59367,,-171.265,22.2325,77.3646,12.4225,fluid
891,0.107642,4.25212,,999.918,-316.713,0,,0.383849,-5.58222,5.59541,,-152.623,15.9299,-152.623,6.11992,fluid
892,0.103412,4.66306,,1001.17,-270.924,18422.8,,-0.276836,-5.01284,5.02047,,-103.207,12.3094,74.7336,2.49938,fluid
893,0.101766,5.23606,,999.349,94.6618,0,,0.0913718,-4.94871,4.94955,,-43.8949,9.62129,-43.8949,-0.188712,fluid
894,0.121596,5.48546,,998.637,377.229,0,,-0.0305461,-5.29618,5.29626,,-16.3924,9.19048,-16.3924,-0.619518,fluid
895,0.357853,5.29248,,1000.3,469.674,4640.51,,0.174071,-5.59866,5.60136,,-5.59176,16.1572,7.37206,6.34718,fluid
896,0.577066,0.105111,,1003.06,118.313,48420.1,,0.0216283,-0.0541675,0.0583258,,-66.0703,22.167,17.5813,12.357,fluid
897,0.42635,0.149646,,1003.41,123.64,54133.8,,-0.0127968,-0.0477351,0.0494206,,-108.874,28.4257,17.6646,18.6157,fluid
898,0.35346,0.333544,,1003.67,-13.8844,58239.4,,-0.0529216,-0.0421207,0.0676376,,-157.53,29.8122,6.63741,20.0022,fluid
899,0.305863,0.518688,,1004,-198.559,63551.7,,-0.0794421,-0.0275355,0.0840788,,-205.534,22.3105,1.41587,12.5005,fluid
900,0.297654,0.700235,,1004.16,-351.727,66192,,-0.102198,0.286809,0.304473,,-221.094,14.2715,0.362435,4.46153,fluid
901,0.315946,0.819971,,1004.13,-316.881,65647.2,,-0.0881838,0.267337,0.281506,,-206.98,19.381,-0.0545076,9.57102,fluid
902,0.353896,0.958369,,1004.04,-279.166,64147.1,,-0.074138,0.0630243,0.0973062,,-180.301,18.1205,0.229788,8.31051,fluid
903,0.410579,1.11897,,1003.9,-265.287,62008.3,,-0.0600307,-0.0737126,0.0950643,,-152.059,10.609,-1.62027,0.799001,fluid
904,0.483136,1.21131,,1003.62,-128.622,57492.1,,0.0155281,-0.0961967,0.0974419,,-121.535,9.15164,-2.96706,-0.65836,fluid
905,0.547561,1.29094,,1003.47,4.06104,54978.7,,0.0973178,-0.0672612,0.1183,,-103.483,9.3061,-3.42319,-0.503902,fluid
906,0.605941,1.3688,,1003.41,129.455,54152.3,,0.178119,-0.061972,0.188592,,-92.4685,9.75975,-3.40374,-0.0502507,fluid
907,0.657475,1.4325,,1003.36,246.195,53325.7,,0.256339,-0.143713,0.293876,,-83.987,9.83582,-3.15202,0.0258247,fluid
908,0.702324,1.49063,,1003.32,362.313,52555.5,,0.337717,-0.228893,0.407977,,-77.3922,10.0225,-2.8086,0.212474,fluid
909,0.741158,1.53927,,1003.23,472.576,51249,,0.420583,-0.337913,0.539514,,-71.3388,9.9902,-2.41444,0.180198,fluid
910,0.773823,1.58834,,1003.19,573.318,50619.7,,0.500415,-0.415695,0.650552,,-67.1564,10.3605,-1.94965,0.550495,fluid
911,0.803122,1.63682,,1003.18,663.938,50338.1,,0.577216,-0.502856,0.765534,,-63.9016,10.7278,-1.42199,0.917791,fluid
912,0.830645,1.68407,,1003.16,744.537,50137.9,,0.651495,-0.60604,0.889792,,-61.0066,10.9162,-0.836739,1.10621,fluid
913,0.856973,1.72875,,1003.14,815.434,49703.2,,0.723325,-0.724658,1.02388,,-58.0344,10.832,-0.217197,1.02205,fluid
914,0.881484,1.77331,,1003.12,873.489,49359.3,,0.787897,-0.831781,1.14571,,-55.4362,10.7495,0.385507,0.939463,fluid
915,0.904257,1.8171,,1003.09,919.436,48918.1,,0.844576,-0.931686,1.25752,,-52.9763,10.6326,0.95474,0.822605,fluid
916,0.927347,1.8561,,1002.99,964.475,47326.8,,0.904797,-1.05756,1.39179,,-49.352,10.0982,1.53059,0.288241,fluid
917,0.94657,1.89796,,1002.93,990.87,46428.3,,0.945921,-1.14493,1.48513,,-46.9243,9.87734,1.98125,0.067341,fluid
918,0.960859,1.94276,,1002.93,997.974,46459.1,,0.964473,-1.2,1.53955,,-45.9333,9.95476,2.27695,0.144765,fluid
919,0.971688,1.98802,,1002.96,993.334,46845,,0.968599,-1.24963,1.58106,,-45.615,10.1205,2.45269,0.310507,fluid
920,0.980175,2.03304,,1002.99,981.741,47303.4,,0.963807,-1.30313,1.62083,,-45.5847,10.3357,2.53178,0.525737,fluid
921,0.987145,2.07756,,1003.01,966.534,47677,,0.954076,-1.36551,1.6658,,-45.6,10.5971,2.55291,0.787076,fluid
922,0.992674,2.12202,,1003.04,947.25,48073.7,,0.938841,-1.4339,1.71391,,-45.7576,10.9023,2.52441,1.09231,fluid
923,0.996682,2.16695,,1003.07,922.718,48625.6,,0.916784,-1.5032,1.76071,,-46.1934,11.23,2.44481,1.41997,fluid
924,1.00011,2.21236,,1003.1,896.267,49050.9,,0.892058,-1.57386,1.80909,,-46.5601,11.4781,2.33404,1.66811,fluid
925,1.00332,2.25853,,1003.11,870.029,49206.7,,0.867159,-1.6424,1.85727,,-46.7223,11.5896,2.16994,1.7796,fluid
926,1.00612,2.30548,,1003.1,845.193,49119.4,,0.843084,-1.7045,1.90161,,-46.7453,11.5539,1.92454,1.74394,fluid
927,1.00898,2.35278,,1003.06,827.235,48548.1,,0.825981,-1.7587,1.943,,-46.3736,11.3838,1.59523,1.57376,fluid
928,1.01193,2.40009,,1003,819.851,47473.8,,0.819838,-1.80391,1.98147,,-45.5629,11.1433,1.21119,1.33326,fluid
929,1.01471,2.44716,,1002.91,824.931,46011,,0.826542,-1.84086,2.0179,,-44.4003,10.9272,0.812297,1.11719,fluid
930,1.01726,2.49389,,1002.8,843.586,44248.4,,0.847375,-1.87183,2.0547,,-42.9062,10.8114,0.470378,1.00135,fluid
931,1.01869,2.54016,,1002.69,871.919,42534.3,,0.877449,-1.90001,2.09283,,-41.4402,10.8617,0.201809,1.05171,fluid
932,1.01844,2.5859,,1002.6,906.208,41094,,0.912327,-1.92971,2.13451,,-40.2168,11.1122,0.0285208,1.30215,fluid
933,1.01615,2.6311,,1002.53,943.128,40026.6,,0.947914,-1.96531,2.18197,,-39.3412,11.58,-0.0502144,1.77001,fluid
934,1.01167,2.67591,,1002.49,980.148,39346.9,,0.981245,-2.01048,2.23716,,-38.8393,12.2471,-0.0427326,2.4371,fluid
935,1.0046,2.72048,,1002.47,1013.71,39116.1,,1.00797,-2.06962,2.30203,,-38.8134,13.0788,0.0274663,3.26882,fluid
936,0.995024,2.76528,,1002.48,1042.96,39213.2,,1.02715,-2.14517,2.3784,,-39.1597,14.0251,0.152111,4.21512,fluid
937,0.98278,2.81071,,1002.5,1066,39562.7,,1.03658,-2.24086,2.469,,-39.8388,15.017,0.316695,5.20695,fluid
938,0.968147,2.85752,,1002.52,1083.29,39915.4,,1.0371,-2.35775,2.57576,,-40.6051,15.9833,0.519732,6.17326,fluid
939,0.951273,2.90633,,1002.53,1094.61,40029,,1.02878,-2.49626,2.69994,,-41.2361,16.8425,0.737041,7.03246,fluid
940,0.932661,2.95792,,1002.51,1101.36,39625.5,,1.01383,-2.65278,2.83991,,-41.4168,17.5309,0.963511,7.72086,fluid
941,0.912414,3.01279,,1002.44,1103.95,38553.7,,0.993099,-2.82338,2.99295,,-41.044,17.9811,1.10786,8.17113,fluid
942,0.890997,3.07188,,1002.32,1106.35,36728,,0.971037,-2.99987,3.15311,,-39.9891,18.1735,1.13657,8.36352,fluid
943,0.868518,3.13588,,1002.16,1114,34198.6,,0.952776,-3.17558,3.31543,,-38.3647,18.1261,0.926108,8.31607,fluid
944,0.8447,3.20475,,1001.98,1134.18,31231.5,,0.9438,-3.34787,3.47836,,-36.468,17.874,0.432554,8.064,fluid
945,0.818762,3.27705,,1001.79,1171.81,28174,,0.945925,-3.52123,3.64607,,-34.7145,17.5579,-0.365273,7.74789,fluid
946,0.789602,3.35133,,1001.61,1231.78,25362.5,,0.959353,-3.70652,3.82866,,-33.3309,17.2228,-1.2619,7.41279,fluid
947,0.756394,3.42752,,1001.46,1314.02,22948.3,,0.979634,-3.91291,4.03368,,-32.3164,16.9074,-2.02153,7.09739,fluid
948,0.718352,3.5048,,1001.35,1404.17,21266.6,,0.991964,-4.13797,4.25521,,-31.6967,16.648,-2.13196,6.83798,fluid
949,0.674676,3.58286,,1001.3,1476.89,20532.4,,0.975191,-4.37596,4.4833,,-31.5907,16.4272,-1.19727,6.61716,fluid
950,0.623305,3.66673,,1001.32,1493.48,20727,,0.901734,-4.63512,4.72202,,-32.1404,16.0984,1.06921,6.28836,fluid
951,0.564047,3.759,,1001.36,1382.43,21486.3,,0.74071,-4.88402,4.93987,,-33.7738,15.4124,4.26735,5.60236,fluid
952,0.496977,3.86205,,1001.4,1081.92,22010.8,,0.492193,-5.03918,5.06316,,-37.2365,14.5544,6.99107,4.74441,fluid
953,0.421853,3.97208,,1001.41,625.916,22152.1,,0.222878,-5.1764,5.1812,,-43.607,14.4954,8.83067,4.68536,fluid
954,0.346112,4.13156,,1001.33,-30.3603,21014.6,,-0.039396,-5.34943,5.34958,,-49.6754,14.4673,10.9597,4.65733,fluid
955,0.296372,4.4171,,1000.99,-430.605,15510.9,,-0.156015,-5.1235,5.12588,,-44.3276,13.4664,7.95691,3.65642,fluid
956,0.271046,4.7534,,1000.55,-57.1342,8698.73,,-0.0502409,-4.96131,4.96156,,-32.8111,11.4258,-0.735606,1.6158,fluid
957,0.288243,5.09612,,1000.4,115.828,6318.88,,0.0210005,-5.14144,5.14149,,-17.105,10.4549,4.80825,0.644935,fluid
958,0.315495,5.3082,,1000.28,25.8244,4438.79,,0.0106538,-5.16835,5.16836,,-6.93741,15.2495,7.12789,5.43953,fluid
959,0.601729,5.22989,,1000.22,509.641,3533.18,,0.298131,-5.51817,5.52621,,-3.41641,15.5959,2.45399,5.78587,fluid
960,0.971607,0.0736897,,1002.42,135.337,38297.9,,0.148068,-0.0676928,0.162808,,-34.4115,12.4779,4.91035,2.66788,fluid
961,0.840757,0.143833,,1002.75,95.1212,43518.9,,0.0838219,-0.0751785,0.112596,,-45.2879,14.6704,6.33162,4.86044,fluid
962,0.760612,0.273354,,1003.11,15.9213,49255.2,,0.0104751,-0.0961554,0.0967243,,-60.6239,15.8467,3.93271,6.03674,fluid
963,0.687223,0.394076,,1003.85,-172.934,61180.3,,-0.122426,-0.0861482,0.149698,,-86.3721,15.2813,2.31156,5.47131,fluid
964,0.790723,0.475931,,1003.32,-48.1117,52569.7,,-0.0229352,-0.11569,0.117942,,-66.4181,12.1668,-0.15473,2.35681,fluid
965,0.845968,0.54722,,1003.01,22.4338,47714.6,,0.043136,-0.143015,0.149379,,-56.9381,11.2032,-0.705127,1.39316,fluid
966,0.81253,0.653006,,1003.61,-90.3206,57317.8,,-0.0458632,-0.139635,0.146974,,-70.3935,11.1068,-0.104904,1.2968,fluid
967,0.787154,0.818855,,1004.43,-284.477,70479.5,,-0.184942,0.216621,0.28483,,-87.9476,12.3073,1.19455,2.49726,fluid
968,0.858739,0.817297,,1003.49,2.27575,55360.3,,0.0402523,-0.470648,0.472366,,-62.5892,6.86021,1.65351,-2.94979,fluid
969,0.87452,0.965737,,1004.1,-109.134,65177,,-0.0528532,0.0410233,0.0669057,,-72.1959,10.4066,2.02849,0.596581,fluid
970,0.927905,1.03074,,1003.9,-17.6195,61860.2,,0.024074,-0.116698,0.119156,,-64.3358,9.46951,2.07206,-0.340489,fluid
971,0.98455,1.09667,,1003.76,56.9581,59632,,0.0923533,-0.195312,0.216046,,-58.5374,9.27809,1.80374,-0.531909,fluid
972,1.04171,1.17298,,1003.78,124.563,60026,,0.16043,-0.121347,0.201154,,-56.0237,10.9794,1.38153,1.16944,fluid
973,1.10404,1.22505,,1003.62,216.724,57441.2,,0.267068,-0.24414,0.361843,,-50.5364,10.7559,1.30417,0.945852,fluid
974,1.16137,1.27883,,1003.52,306.79,55901.9,,0.38123,-0.290384,0.479228,,-46.673,11.5021,1.29261,1.69212,fluid
975,1.21108,1.33272,,1003.48,392.003,55175.7,,0.496413,-0.307806,0.584097,,-44.055,12.55,1.3462,2.74,fluid
976,1.2572,1.37682,,1003.35,481.794,53043.7,,0.625558,-0.428913,0.758478,,-40.4567,12.2991,1.59458,2.48909,fluid
977,1.29832,1.41933,,1003.2,567.038,50787.4,,0.754968,-0.569417,0.945628,,-37.0603,11.7898,1.93268,1.97983,fluid
978,1.3291,1.47195,,1003.24,621.233,51407.5,,0.84176,-0.611045,1.04016,,-36.5597,12.4599,1.99363,2.64991,fluid
979,1.36045,1.51607,,1003.16,683.946,50018.3,,0.945821,-0.744937,1.20396,,-34.2954,12.1441,2.35501,2.33412,fluid
980,1.39118,1.55707,,1003,746.754,47582.7,,1.05481,-0.91529,1.39656,,-31.2006,11.5043,2.90008,1.69426,fluid
981,1.41483,1.60375,,1002.97,781.231,47013.6,,1.12062,-1.03156,1.52313,,-29.8999,11.551,3.23082,1.74104,fluid
982,1.43159,1.65493,,1003.04,788.43,48130.5,,1.14202,-1.11289,1.59459,,-30.1791,11.923,3.33926,2.11296,fluid
983,1.44461,1.70799,,1003.14,779.469,49680,,1.13674,-1.18618,1.64292,,-30.9991,12.2436,3.28337,2.43359,fluid
984,1.4564,1.76194,,1003.2,764.342,50783.4,,1.12128,-1.26109,1.68749,,-31.6104,12.4095,3.14739,2.59948,fluid
985,1.46785,1.81688,,1003.23,747.855,51128.1,,1.10326,-1.3355,1.73227,,-31.7902,12.3576,2.92976,2.54763,fluid
986,1.47872,1.87289,,1003.2,733.108,50731.7,,1.08727,-1.39949,1.77221,,-31.6041,12.1744,2.59416,2.36436,fluid
987,1.48742,1.93011,,1003.16,719.162,50138.1,,1.07063,-1.44663,1.79972,,-31.4869,12.0638,2.115,2.25382,fluid
988,1.49431,1.9877,,1003.11,711.041,49328.3,,1.06171,-1.48503,1.82552,,-31.3003,12.0792,1.60784,2.26916,fluid
989,1.50069,2.04496,,1003.04,714.29,48126.3,,1.06986,-1.52469,1.8626,,-30.7533,12.2437,1.21892,2.43371,fluid
990,1.50594,2.10184,,1002.95,726.486,46793.8,,1.09092,-1.56886,1.91087,,-30.0622,12.5447,0.919028,2.73466,fluid
991,1.50958,2.15836,,1002.88,745.113,45526.5,,1.12065,-1.62183,1.97134,,-29.3632,12.977,0.708626,3.16701,fluid
992,1.51135,2.21475,,1002.8,767.876,44385.8,,1.15532,-1.68736,2.04498,,-28.7137,13.4784,0.572459,3.66837,fluid
993,1.51152,2.27149,,1002.74,793.973,43310.7,,1.19381,-1.76736,2.13278,,-28.0452,14.012,0.53042,4.202,fluid
994,1.50968,2.3291,,1002.68,820.694,42355.2,,1.23137,-1.86179,2.23216,,-27.4284,14.5288,0.552331,4.71884,fluid
995,1.50613,2.38808,,1002.62,847.347,41397.3,,1.26709,-1.96875,2.34126,,-26.7771,14.9851,0.637153,5.17508,fluid
996,1.50034,2.44857,,1002.56,871.671,40452.2,,1.29694,-2.08593,2.45625,,-26.1514,15.3388,0.741771,5.52876,fluid
997,1.49255,2.51076,,1002.49,893.648,39391,,1.3211,-2.21013,2.57487,,-25.4816,15.5593,0.844533,5.74927,fluid
998,1.48245,2.57461,,1002.42,912.766,38201,,1.33866,-2.33793,2.69405,,-24.7896,15.6054,0.917087,5.79535,fluid
999,1.46996,2.64014,,1002.33,929.625,36873.6,,1.35057,-2.46485,2.81061,,-24.082,15.4792,0.944437,5.66923,fluid
1000,1.45486,2.70728,,1002.24,945.246,35462.3,,1.35826,-2.58696,2.92186,,-23.3923,15.2051,0.928148,5.39506,fluid
1001,1.43664,2.77589,,1002.16,960.351,34082.3,,1.36232,-2.70115,3.02525,,-22.7612,14.825,0.911312,5.01497,fluid
1002,1.41503,2.84597,,1002.08,975.322,32837.3,,1.363,-2.80547,3.11905,,-22.2107,14.4191,0.947168,4.60907,fluid
1003,1.38952,2.91738,,1002.02,989.586,31883.8,,1.35876,-2.90055,3.20303,,-21.8,14.0572,1.09975,4.24716,fluid
1004,1.36011,2.99031,,1001.98,1001.12,31323.6,,1.34639,-2.98809,3.27742,,-21.5789,13.8175,1.40575,4.00747,fluid
1005,1.32666,3.06462,,1001.98,1006.99,31187.3,,1.32158,-3.07339,3.34549,,-21.6423,13.7714,1.81946,3.96138,fluid
1006,1.2896,3.14076,,1001.99,1004.39,31368.8,,1.28137,-3.16129,3.41111,,-22.0395,13.9167,2.23667,4.10674,fluid
1007,1.2496,3.21975,,1002,992.046,31605,,1.22564,-3.25467,3.4778,,-22.7376,14.1822,2.50402,4.37219,fluid
1008,1.20747,3.30283,,1002,971.673,31519.4,,1.15878,-3.35382,3.54836,,-23.5899,14.4491,2.46171,4.63913,fluid
1009,1.16413,3.39078,,1001.95,948.139,30841,,1.08903,-3.46092,3.62821,,-24.3561,14.5829,2.08499,4.77292,fluid
1010,1.12019,3.48461,,1001.87,924.012,29522,,1.02072,-3.58057,3.72321,,-24.7676,14.4288,1.53758,4.61882,fluid
1011,1.07594,3.58487,,1001.76,891.299,27697.2,,0.94548,-3.71291,3.8314,,-24.6694,13.9653,1.02774,4.15531,fluid
1012,1.03075,3.68923,,1001.62,836.749,25492.2,,0.849584,-3.86371,3.95602,,-23.9637,13.2328,0.728034,3.42283,fluid
1013,0.982772,3.79296,,1001.47,740.769,23253.2,,0.714051,-4.04239,4.10497,,-22.9426,12.6889,0.683387,2.87894,fluid
1014,0.928976,3.89663,,1001.33,596.325,20948.4,,0.535805,-4.25535,4.28895,,-21.7959,12.3726,0.724234,2.56264,fluid
1015,0.86757,3.99632,,1001.2,418.091,18891.9,,0.334937,-4.46379,4.47634,,-21.0085,12.5419,0.741092,2.73193,fluid
1016,0.789684,4.0966,,1001.09,222.696,17212.4,,0.132781,-4.66477,4.66666,,-21.018,12.986,0.754728,3.17603,fluid
1017,0.692661,4.20424,,1001,12.5147,15805.5,,-0.04572,-4.88531,4.88553,,-21.9971,13.5829,0.798602,3.77288,fluid
1018,0.611292,4.36327,,1000.83,-175.205,13107.9,,-0.15329,-4.93302,4.93541,,-20.9632,13.9079,0.461846,4.09794,fluid
1019,0.547836,4.57951,,1000.63,-161.056,9976.28,,-0.110171,-4.90073,4.90196,,-18.027,12.3298,0.171824,2.51978,fluid
1020,0.51076,4.83822,,1000.45,75.6597,7143.87,,0.0347248,-4.97757,4.97769,,-13.2488,10.5804,0.731594,0.770356,fluid
1021,0.603928,5.07772,,1000.27,51.7764,4166.09,,0.0275051,-4.8782,4.87827,,-5.59713,11.318,1.29936,1.50805,fluid
1022,0.689249,5.18908,,1000.19,148.822,3011.06,,0.093047,-5.16452,5.16536,,-2.24172,13.4675,2.12605,3.65751,fluid
1023,0.916459,5.23665,,1000.18,581.282,2766.68,,0.518168,-5.49831,5.52267,,-1.58497,14.7257,1.43338,4.91573,fluid
1024,1.31108,0.0613547,,1002.34,113.832,36995,,0.175862,-0.0763319,0.191713,,-27.3811,10.4594,0.770208,0.649392,fluid
1025,1.42638,0.128594,,1002.3,143.344,36387.9,,0.236855,-0.0922443,0.254184,,-25.002,10.4227,0.450142,0.612693,fluid
1026,1.15255,0.232119,,1003.1,22.4808,49137.7,,0.0592408,-0.108117,0.123283,,-41.4809,11.1021,1.02122,1.29214,fluid
1027,1.09635,0.330212,,1003.59,-49.2907,57005.2,,-0.0194216,-0.108762,0.110482,,-50.9415,11.0263,0.867944,1.2163,fluid
1028,1.33908,0.356837,,1003.21,24.2978,50824.4,,0.0732974,-0.16009,0.176072,,-38.0707,10.8449,-0.237248,1.03491,fluid
1029,1.48069,0.413518,,1002.85,128.753,45113.1,,0.233575,-0.1699,0.28883,,-30.9016,10.708,-0.520483,0.898014,fluid
1030,1.3473,0.485592,,1003.23,47.8961,51175.6,,0.109294,-0.200612,0.228452,,-38.0811,10.8651,-0.219518,1.05511,fluid
1031,1.23051,0.577467,,1004.88,-292.642,77776.3,,-0.320817,-0.14076,0.350338,,-62.7665,11.321,0.133049,1.51095,fluid
1032,1.33151,0.634646,,1003.44,42.8021,54610.5,,0.103761,-0.274536,0.29349,,-40.5569,11.3199,0.316243,1.50985,fluid
1033,1.29403,0.775435,,1004.59,-249.315,73044.2,,-0.285814,0.0929802,0.300557,,-57.1598,16.0617,-0.970721,6.2517,fluid
1034,1.38766,0.788492,,1003.42,111.999,54159.1,,0.20437,-0.656441,0.687519,,-36.694,9.32181,2.20219,-0.48819,fluid
1035,1.40119,0.919317,,1004.17,-53.7643,66331.7,,-0.0382745,-0.219127,0.222445,,-45.925,12.3233,1.21795,2.51328,fluid
1036,1.44763,1.0412,,1004.47,-60.6235,71061.2,,-0.0566277,0.352877,0.357392,,-46.7891,17.7071,2.08074,7.89705,fluid
1037,1.55535,0.993731,,1003.57,98.3059,56652,,0.192923,-0.886416,0.907167,,-35.7246,6.6072,0.569722,-3.2028,fluid
1038,1.6292,1.05842,,1003.6,138.591,57128,,0.260184,-0.76633,0.809294,,-35.6684,9.32865,-0.729176,-0.481351,fluid
1039,1.68196,1.13934,,1003.8,175.473,60346.8,,0.319726,-0.468131,0.566897,,-38.2157,14.1889,-2.47274,4.37893,fluid
1040,1.74702,1.17641,,1003.41,321.806,54040.3,,0.588509,-0.71008,0.922256,,-33.3503,12.4951,-2.52249,2.68508,fluid
1041,1.80037,1.21706,,1003.06,458.731,48456.6,,0.855556,-0.910819,1.24963,,-28.3183,11.6044,-1.48564,1.79443,fluid
1042,1.83364,1.27045,,1003.03,533.499,48049,,1.00804,-0.976072,1.40316,,-26.711,12.064,-0.586138,2.254,fluid
1043,1.86218,1.32219,,1003,598.054,47526.2,,1.14426,-1.0593,1.55931,,-25.0431,11.994,0.402331,2.18398,fluid
1044,1.88861,1.3722,,1002.92,659.624,46233.6,,1.27816,-1.16609,1.73016,,-22.8861,11.6192,1.52287,1.80919,fluid
1045,1.90052,1.4305,,1003.09,670.534,49023.3,,1.30361,-1.19977,1.77168,,-23.687,12.1073,2.02811,2.29733,fluid
1046,1.9044,1.49213,,1003.36,653.188,53237,,1.26727,-1.23376,1.76866,,-25.7793,12.79,2.08188,2.98,fluid
1047,1.90827,1.55455,,1003.53,636.74,56030.3,,1.23244,-1.301,1.79206,,-27.1886,13.1565,2.06991,3.34653,fluid
1048,1.91484,1.61837,,1003.57,630.724,56589.1,,1.22009,-1.38632,1.84675,,-27.2753,13.191,2.17254,3.38096,fluid
1049,1.92419,1.68373,,1003.47,634.925,55003.9,,1.23025,-1.46762,1.91505,,-26.2405,12.9601,2.24622,3.15012,fluid
1050,1.93293,1.74992,,1003.31,641.108,52531.3,,1.24512,-1.53124,1.97358,,-25.0439,12.7944,2.04332,2.98435,fluid
1051,1.93765,1.81663,,1003.19,643.659,50493.7,,1.25108,-1.58234,2.01717,,-24.3883,12.9439,1.5882,3.1339,fluid
1052,1.94019,1.88373,,1003.07,650.259,48709.3,,1.26447,-1.6341,2.0662,,-23.7978,13.3491,1.23063,3.53906,fluid
1053,1.94182,1.95146,,1002.98,662.663,47119.9,,1.28885,-1.69678,2.13077,,-23.0921,13.8489,1.1018,4.0389,fluid
1054,1.94214,2.02021,,1002.89,678.418,45766.6,,1.3181,-1.77257,2.20893,,-22.3594,14.2254,1.13769,4.41545,fluid
1055,1.94016,2.0903,,1002.82,694.356,44670.9,,1.34562,-1.85818,2.29423,,-21.7302,14.3166,1.22939,4.50665,fluid
1056,1.93622,2.16201,,1002.77,709.996,43776.9,,1.37118,-1.94612,2.38066,,-21.1541,14.1452,1.39295,4.33517,fluid
1057,1.93061,2.23535,,1002.72,724.13,43061.6,,1.39262,-2.02906,2.46099,,-20.6482,13.787,1.59584,3.97696,fluid
1058,1.92305,2.30986,,1002.69,734.662,42598.8,,1.40566,-2.10259,2.52918,,-20.281,13.3663,1.81114,3.5563,fluid
1059,1.91442,2.38513,,1002.67,741.645,42202.1,,1.41101,-2.1661,2.58514,,-19.9649,12.9729,2.02077,3.16295,fluid
1060,1.90418,2.46061,,1002.65,743.458,41927.4,,1.40515,-2.22175,2.6288,,-19.7816,12.6473,2.17878,2.83731,fluid
1061,1.89332,2.53627,,1002.62,741.931,41506.3,,1.39231,-2.27065,2.66353,,-19.6181,12.4168,2.24706,2.60685,fluid
1062,1.88078,2.61174,,1002.6,736.878,41068.1,,1.37147,-2.31631,2.69188,,-19.5832,12.2789,2.1959,2.46892,fluid
1063,1.86677,2.68722,,1002.56,730.842,40475.7,,1.34783,-2.36027,2.718,,-19.5889,12.2316,2.03799,2.42163,fluid
1064,1.8505,2.76264,,1002.52,725.151,39786,,1.32352,-2.4056,2.74566,,-19.6461,12.279,1.80014,2.46896,fluid
1065,1.83125,2.83812,,1002.47,721.126,39041.1,,1.30066,-2.45517,2.77841,,-19.74,12.4075,1.52687,2.59748,fluid
1066,1.80813,2.91378,,1002.42,718.922,38315.3,,1.27877,-2.51193,2.8187,,-19.8741,12.5819,1.26518,2.77188,fluid
1067,1.78055,2.98996,,1002.38,718.059,37561,,1.25645,-2.57876,2.86856,,-20.0305,12.7838,1.01469,2.97379,fluid
1068,1.74813,3.06699,,1002.32,717.466,36721.7,,1.23136,-2.65838,2.92971,,-20.1848,12.954,0.77283,3.14397,fluid
1069,1.71118,3.14542,,1002.25,716.373,35598.7,,1.20218,-2.74948,3.00081,,-20.223,13.1017,0.533804,3.29169,fluid
1070,1.66959,3.22542,,1002.17,712.425,34205.5,,1.16517,-2.85347,3.08219,,-20.1425,13.2388,0.300704,3.42884,fluid
1071,1.62399,3.30791,,1002.06,704.954,32535.4,,1.12022,-2.96571,3.17023,,-19.8864,13.4136,0.106656,3.6036,fluid
1072,1.5748,3.39327,,1001.95,694.071,30791.7,,1.06856,-3.08278,3.26272,,-19.528,13.6526,-0.0132484,3.84258,fluid
1073,1.52338,3.48202,,1001.84,682.77,29105,,1.01681,-3.19991,3.35758,,-19.1065,13.9755,-0.0360495,4.16549,fluid
1074,1.47144,3.57579,,1001.74,674.227,27449.8,,0.971012,-3.31461,3.45391,,-18.5893,14.3304,0.0333802,4.52037,fluid
1075,1.42055,3.67715,,1001.62,668.95,25579.7,,0.932318,-3.4274,3.55194,,-17.8427,14.5375,0.135003,4.72754,fluid
1076,1.37165,3.78548,,1001.48,658.304,23265.6,,0.888405,-3.55394,3.66329,,-16.8077,14.4608,0.129006,4.65078,fluid
1077,1.32374,3.89737,,1001.3,620.939,20492.9,,0.810346,-3.72838,3.81542,,-15.6448,14.1909,-0.183924,4.38089,fluid
1078,1.27339,4.01123,,1001.11,532.997,17547.8,,0.668943,-3.9446,4.00091,,-14.4841,13.878,-0.718994,4.06797,fluid
1079,1.21099,4.12252,,1000.96,391.742,15079.9,,0.46545,-4.17298,4.19886,,-13.5955,13.5838,-1.15494,3.77385,fluid
1080,1.12499,4.22721,,1000.86,215.695,13608,,0.233819,-4.41844,4.42462,,-13.2123,13.3984,-1.1267,3.5884,fluid
1081,1.021,4.34304,,1000.81,39.392,12693.6,,0.0305666,-4.61192,4.61202,,-13.0072,13.1983,-0.584747,3.38828,fluid
1082,0.919184,4.48351,,1000.74,-48.1326,11718.7,,-0.0543879,-4.68855,4.68886,,-12.404,12.5635,0.335579,2.75352,fluid
1083,0.829181,4.65299,,1000.64,18.5891,9995.81,,0.0122971,-4.76145,4.76147,,-10.8801,11.8482,1.16724,2.03825,fluid
1084,0.845221,4.87919,,1000.42,180.401,6650.43,,0.149909,-4.82491,4.82724,,-6.40926,11.3992,1.45568,1.58925,fluid
1085,0.94418,5.04906,,1000.2,94.8616,3128.11,,0.0783701,-4.84936,4.84999,,-2.52111,11.8097,0.791269,1.99972,fluid
1086,1.0042,5.15887,,1000.15,251.753,2395.61,,0.238435,-5.20066,5.20612,,-0.831115,12.8735,1.55412,3.06352,fluid
1087,1.21392,5.23032,,1000.15,602.366,2367.27,,0.711381,-5.50639,5.55215,,-0.763757,13.3173,1.18606,3.50729,fluid
1088,1.7344,0.0439708,,1001.9,169.521,30007.2,,0.32182,-0.0823451,0.332188,,-16.093,10.173,1.17541,0.362968,fluid
1089,1.95579,0.110443,,1002.08,136.673,32791.7,,0.299568,-0.102884,0.316743,,-16.0164,10.3104,0.715304,0.500364,fluid
1090,1.72466,0.19993,,1002.56,121.914,40498.4,,0.249551,-0.121325,0.277481,,-22.1469,10.4742,1.27508,0.664238,fluid
1091,1.59662,0.272053,,1002.99,80.3618,47315,,0.169685,-0.137792,0.218585,,-29.0325,10.5875,0.513656,0.77746,fluid
1092,1.99611,0.294647,,1003,56.2235,47450.7,,0.158762,-0.166798,0.230276,,-23.3289,10.6334,0.371708,0.823391,fluid
1093,2.09135,0.350473,,1002.99,116.204,47323.3,,0.297211,-0.189846,0.352669,,-22.3383,10.5844,0.222469,0.774418,fluid
1094,1.85433,0.393616,,1003.25,48.3979,51543.9,,0.137861,-0.20136,0.244032,,-26.5827,10.7148,1.12362,0.904811,fluid
1095,1.70247,0.461453,,1004.09,-62.0466,65051.9,,-0.0511567,-0.191733,0.19844,,-35.8258,10.6157,2.22874,0.805689,fluid
1096,1.9333,0.509814,,1003.17,123.514,50236.8,,0.284805,-0.247425,0.37727,,-26.0128,10.46,-0.109939,0.650041,fluid
1097,1.76786,0.600175,,1004.18,-58.6217,66404.6,,-0.0573561,-0.180932,0.189806,,-36.212,11.0068,1.19392,1.1968,fluid
1098,1.78357,0.686872,,1004.09,-37.6699,64949.9,,-0.0233143,-0.138978,0.14092,,-35.4552,13.4626,0.812222,3.65264,fluid
1099,1.79436,0.86719,,1003.9,51.4777,61874,,0.136174,-0.348713,0.374358,,-31.169,7.2143,3.17964,-2.5957,fluid
1100,1.90941,1.00628,,1003.57,251.353,56581,,0.524456,0.291524,0.600034,,-23.2461,6.13666,6.28123,-3.67334,fluid
1101,2.0496,0.715508,,1004.86,72.3095,77333.9,,0.191551,-1.38829,1.40145,,-35.918,22.4355,1.63079,12.6255,fluid
1102,2.13868,0.809992,,1004.39,85.9221,69889.5,,0.19373,-1.37405,1.38764,,-33.4176,11.9799,-0.881731,2.1699,fluid
1103,2.16035,0.948418,,1004.22,10.6299,67029.9,,0.0270206,-0.858417,0.858842,,-36.8954,12.4131,-5.99835,2.60313,fluid
1104,2.25846,0.986726,,1003.32,281.991,52564.2,,0.66207,-1.10168,1.28532,,-26.7845,9.81863,-3.58703,0.0086297,fluid
1105,2.2536,1.06742,,1003.72,232.542,58978.1,,0.544193,-0.894028,1.04663,,-31.6151,13.7384,-5.54142,3.92836,fluid
1106,2.31411,1.11004,,1003.05,427.562,48374,,1.02467,-1.10538,1.50726,,-23.1519,12.7355,-2.31159,2.92547,fluid
1107,2.34124,1.16821,,1002.87,505.387,45504.4,,1.22343,-1.16782,1.69133,,-20.5889,13.1044,-1.20854,3.29436,fluid
1108,2.35129,1.23139,,1002.94,539.621,46581.7,,1.30853,-1.20057,1.77584,,-20.2886,13.3816,-0.535557,3.57163,fluid
1109,2.35565,1.29556,,1003.05,563.355,48334,,1.36486,-1.24943,1.85038,,-20.1631,13.3157,0.292811,3.50565,fluid
1110,2.34602,1.36364,,1003.39,544.542,53747,,1.3075,-1.29149,1.8378,,-22.2628,13.2741,0.569702,3.46411,fluid
1111,2.33963,1.43391,,1003.63,529.911,57524.3,,1.26206,-1.34709,1.84593,,-23.5763,13.2007,0.921807,3.39068,fluid
1112,2.34897,1.50362,,1003.51,558.749,55716.9,,1.3324,-1.42746,1.95268,,-21.4676,12.8848,2.16907,3.0748,fluid
1113,2.35803,1.57435,,1003.36,575.293,53311.9,,1.37256,-1.50477,2.03673,,-19.7013,12.4707,2.83162,2.66075,fluid
1114,2.36213,1.6469,,1003.24,575.143,51417.7,,1.36991,-1.56027,2.07632,,-18.9097,12.0746,2.78742,2.26462,fluid
1115,2.36399,1.71971,,1003.12,574.996,49365.3,,1.36816,-1.6033,2.10771,,-18.2978,11.8764,2.51951,2.06641,fluid
1116,2.35562,1.79257,,1003.14,556.265,49803.4,,1.31682,-1.6432,2.10573,,-19.2299,11.9201,1.84624,2.11006,fluid
1117,2.35434,1.86524,,1003.06,563.35,48419.3,,1.3338,-1.68253,2.14707,,-18.707,12.2621,1.79634,2.45213,fluid
1118,2.35257,1.93796,,1003,571.299,47478.1,,1.35075,-1.72821,2.19345,,-18.2632,12.6934,1.85786,2.88342,fluid
1119,2.35103,2.0112,,1002.94,580.053,46551.7,,1.36854,-1.7798,2.24512,,-17.785,12.9024,1.95753,3.09245,fluid
1120,2.34643,2.08533,,1002.93,580.94,46428.3,,1.36457,-1.83163,2.28406,,-17.7869,12.8953,1.942,3.08528,fluid
1121,2.34322,2.16049,,1002.89,585.614,45813.9,,1.37021,-1.8782,2.32489,,-17.5142,12.7941,1.98115,2.98414,fluid
1122,2.33693,2.23588,,1002.89,584.128,45692.7,,1.35897,-1.92219,2.35407,,-17.6298,12.7019,1.86633,2.8919,fluid
1123,2.33013,2.31138,,1002.86,584.187,45252.3,,1.35141,-1.96561,2.38536,,-17.6683,12.6921,1.69692,2.88214,fluid
1124,2.32289,2.38685,,1002.81,586.915,44425.7,,1.3504,-2.01191,2.4231,,-17.5998,12.7867,1.47186,2.97675,fluid
1125,2.31564,2.46257,,1002.72,594.604,43096.4,,1.36161,-2.06236,2.4713,,-17.3184,12.9748,1.24203,3.16477,fluid
1126,2.30543,2.53829,,1002.65,601.505,41911.4,,1.369,-2.12115,2.52457,,-17.2127,13.2115,0.918671,3.40147,fluid
1127,2.29418,2.61502,,1002.55,613.851,40345.3,,1.3886,-2.18531,2.58917,,-16.8946,13.497,0.646617,3.68704,fluid
1128,2.27983,2.69269,,1002.45,627.909,38791.8,,1.40999,-2.25785,2.66195,,-16.5496,13.7786,0.423962,3.96856,fluid
1129,2.26153,2.77158,,1002.36,642.646,37308.2,,1.42982,-2.33859,2.74106,,-16.202,14.0354,0.256033,4.22543,fluid
1130,2.23833,2.85192,,1002.27,656.911,35909.2,,1.44485,-2.42785,2.82525,,-15.8707,14.2562,0.135768,4.44622,fluid
1131,2.20947,2.93412,,1002.19,670.245,34538.8,,1.45365,-2.52444,2.91306,,-15.5222,14.4082,0.0759367,4.59824,fluid
1132,2.17443,3.01857,,1002.09,682.588,33076.1,,1.45598,-2.62599,3.00262,,-15.1278,14.4764,0.0517882,4.6664,fluid
1133,2.13369,3.10579,,1001.99,694.356,31372.7,,1.45329,-2.7297,3.09246,,-14.6079,14.4848,0.066452,4.67477,fluid
1134,2.08713,3.1957,,1001.87,703.108,29486.1,,1.44019,-2.83833,3.18281,,-14.013,14.4357,0.0882725,4.62574,fluid
1135,2.03502,3.28835,,1001.75,705.479,27569.6,,1.40983,-2.95536,3.27441,,-13.412,14.35,0.112003,4.54003,fluid
1136,1.9785,3.38406,,1001.64,699.245,25827.5,,1.35899,-3.08033,3.36679,,-12.8621,14.2781,0.170673,4.46808,fluid
1137,1.91823,3.48198,,1001.56,684.055,24550.7,,1.28892,-3.21121,3.46023,,-12.4629,14.2893,0.315903,4.47935,fluid
1138,1.85596,3.58287,,1001.51,664.33,23827.6,,1.21124,-3.34088,3.55368,,-12.2316,14.3951,0.587476,4.58512,fluid
1139,1.79399,3.68938,,1001.48,647.173,23391.6,,1.14152,-3.45955,3.64302,,-12.0783,14.4488,0.941294,4.63879,fluid
1140,1.73529,3.80211,,1001.44,636.455,22730.4,,1.08809,-3.57043,3.73254,,-11.8876,14.2794,1.19246,4.46945,fluid
1141,1.68257,3.91992,,1001.33,621.723,21002.6,,1.03356,-3.70286,3.8444,,-11.4943,13.9446,0.971545,4.13459,fluid
1142,1.63382,4.04252,,1001.14,575.286,17975.5,,0.930392,-3.86432,3.97474,,-10.7748,13.6027,0.214823,3.7927,fluid
1143,1.57674,4.16464,,1000.94,477.531,14850.5,,0.744485,-4.04303,4.11101,,-9.97877,13.3364,-0.569162,3.52636,fluid
1144,1.49627,4.27865,,1000.83,341.57,13109.6,,0.501985,-4.25458,4.28409,,-9.39641,13.2095,-0.64216,3.39954,fluid
1145,1.39635,4.39673,,1000.78,210.284,12240.2,,0.283219,-4.43329,4.44233,,-8.7946,13.1194,-0.0355338,3.3094,fluid
1146,1.27717,4.52292,,1000.73,138.265,11499.6,,0.164908,-4.55477,4.55775,,-8.12516,12.8669,0.872205,3.05693,fluid
1147,1.16253,4.66411,,1000.66,158.957,10450.8,,0.172263,-4.68643,4.6896,,-7.39932,12.6328,1.58444,2.82276,fluid
1148,1.18472,4.86135,,1000.39,265.923,6100.12,,0.300506,-4.69363,4.70324,,-3.82968,12.6994,1.31732,2.88942,fluid
1149,1.27873,5.00877,,1000.13,195.72,2009.76,,0.233097,-4.85084,4.85644,,-1.16152,11.9687,0.409959,2.15873,fluid
1150,1.32412,5.12458,,1000.12,336.672,1952.1,,0.427302,-5.22728,5.24472,,-0.260115,12.3333,1.21396,2.52327,fluid
1151,1.51807,5.20903,,1000.15,593.226,2286.23,,0.881952,-5.495,5.56533,,-0.629504,12.6005,0.876291,2.7905,fluid
1152,2.20039,0.0186154,,1001.36,200.879,21486.5,,0.467137,-0.0831203,0.474474,,-10.16,10.1312,-0.408416,0.321187,fluid
1153,2.48821,0.0984532,,1001.71,188.448,27039.3,,0.500949,-0.104789,0.511792,,-9.42232,10.2488,1.42602,0.43875,fluid
1154,2.34919,0.175617,,1002.13,185.698,33671.9,,0.479148,-0.129343,0.496299,,-13.0111,10.4236,1.29185,0.613601,fluid
1155,2.18423,0.232362,,1002.34,171.128,36921.9,,0.421453,-0.148726,0.446925,,-16.4888,10.5535,0.375695,0.743492,fluid
1156,2.72019,0.258667,,1002.26,209.279,35756.1,,0.60869,-0.170689,0.63217,,-12.4012,10.5202,0.713886,0.710184,fluid
1157,2.70012,0.306228,,1002.48,213.275,39252.2,,0.617132,-0.193078,0.64663,,-13.5222,10.588,0.979049,0.778017,fluid
1158,2.48445,0.338428,,1003.01,180.787,47620.1,,0.501081,-0.209999,0.543306,,-15.2683,10.6527,3.84151,0.842696,fluid
1159,2.41973,0.387428,,1003.53,143.19,56073,,0.407643,-0.225287,0.465754,,-18.7688,10.5872,4.32281,0.777215,fluid
1160,2.5444,0.440212,,1003.37,221.383,53504.5,,0.613244,-0.268,0.669247,,-17.7144,10.6044,3.24322,0.794425,fluid
1161,2.21609,0.484667,,1003.75,155.572,59535.7,,0.418017,-0.278204,0.502132,,-24.3425,10.3438,2.42232,0.533756,fluid
1162,2.26774,0.557465,,1003.57,272.164,56588.9,,0.694912,-0.316401,0.763552,,-20.7652,9.88489,4.09997,0.0748934,fluid
1163,2.26516,0.682246,,1003.66,308.342,58117.1,,0.771452,-0.480221,0.908708,,-21.6182,10.2748,3.94517,0.464761,fluid
1164,2.3871,0.898142,,1003.18,407.126,50430,,1.03186,-0.187514,1.04876,,-19.321,5.20506,1.738,-4.60494,fluid
1165,2.60157,0.585075,,1004.43,170.382,70477.7,,0.496396,-0.450599,0.670409,,-25.1902,12.1084,1.78076,2.29842,fluid
1166,2.69454,0.643582,,1004.04,327.679,64168.3,,0.968926,-0.915056,1.33272,,-20.4955,20.1076,3.22285,10.2976,fluid
1167,2.59746,0.777439,,1005.61,29.3037,89606.5,,0.113906,-1.18371,1.18918,,-31.186,11.8332,3.11922,2.02316,fluid
1168,2.76012,0.831101,,1003.26,408.286,51719.8,,1.16123,-1.39974,1.81871,,-16.2417,6.64972,2.43561,-3.16028,fluid
1169,2.68578,0.927629,,1004.19,163.695,66602.3,,0.477292,-0.96608,1.07755,,-25.6573,11.0069,-0.962719,1.19688,fluid
1170,2.69253,1.00774,,1004.19,142.816,66595.1,,0.418476,-0.724964,0.837075,,-27.6396,13.6841,-3.00948,3.87413,fluid
1171,2.8585,1.0382,,1002.29,535.663,36220.9,,1.55118,-1.10541,1.90475,,-13.6591,10.3612,-1.0168,0.551169,fluid
1172,2.79279,1.11402,,1003.18,414.741,50428.2,,1.19494,-1.06413,1.60008,,-19.2369,11.193,-1.2376,1.38301,fluid
1173,2.87096,1.17112,,1002.14,619.097,33732.4,,1.81348,-1.13873,2.14136,,-10.2867,12.9276,1.43777,3.11762,fluid
1174,2.78219,1.23712,,1003.58,437.42,56824.9,,1.25415,-1.26142,1.77879,,-20.9305,11.9978,-0.578889,2.18779,fluid
1175,2.77526,1.30646,,1003.77,445.576,59862.4,,1.26968,-1.29412,1.81296,,-21.8139,12.7901,-0.324908,2.98014,fluid
1176,2.78387,1.37753,,1003.68,494.79,58470.5,,1.40844,-1.32751,1.93545,,-19.5028,13.2379,1.42341,3.4279,fluid
1177,2.80345,1.44679,,1003.36,566.243,53257.8,,1.62015,-1.40557,2.14488,,-14.9177,12.9753,4.01593,3.16533,fluid
1178,2.80546,1.51612,,1003.32,567.436,52700.7,,1.61642,-1.47547,2.18857,,-14.5964,12.9674,4.12643,3.15738,fluid
1179,2.80147,1.58604,,1003.32,549.584,52556.9,,1.55492,-1.54004,2.18849,,-15.1495,12.8717,3.54894,3.06174,fluid
1180,2.7935,1.65761,,1003.3,523.247,52264.9,,1.46974,-1.59497,2.16889,,-16.0697,12.7406,2.57826,2.93062,fluid
1181,2.77664,1.73035,,1003.39,471.971,53732.9,,1.31106,-1.63839,2.09837,,-18.7161,12.671,0.570336,2.86105,fluid
1182,2.78381,1.80387,,1003.11,503.101,49202.5,,1.40593,-1.66774,2.18129,,-16.1857,13.0607,1.43412,3.25067,fluid
1183,2.7837,1.87627,,1002.98,512.422,47118.5,,1.43274,-1.71391,2.23388,,-15.4114,13.4585,1.46504,3.6485,fluid
1184,2.77636,1.94869,,1002.98,504.745,47170.3,,1.40437,-1.77457,2.26304,,-15.9228,13.7325,1.0167,3.92251,fluid
1185,2.77729,2.02297,,1002.85,524.796,45193,,1.46012,-1.83701,2.3466,,-14.7391,13.8528,1.48692,4.04283,fluid
1186,2.76785,2.09763,,1002.88,520.094,45578.8,,1.43718,-1.90527,2.38653,,-15.2202,13.8091,1.19973,3.99907,fluid
1187,2.76163,2.17364,,1002.83,529.464,44757.4,,1.45641,-1.97286,2.45221,,-14.8971,13.7682,1.26405,3.95819,fluid
1188,2.75269,2.25015,,1002.78,536.963,44004.5,,1.46883,-2.04658,2.51912,,-14.7802,13.7161,1.16142,3.90611,fluid
1189,2.74392,2.32784,,1002.7,550.564,42677.5,,1.49901,-2.12239,2.59838,,-14.4269,13.7389,1.08468,3.9289,fluid
1190,2.73327,2.40669,,1002.6,566.126,41197.7,,1.53382,-2.20077,2.68254,,-14.1065,13.8389,0.927042,4.02886,fluid
1191,2.71992,2.48683,,1002.51,583.181,39672.5,,1.57118,-2.28228,2.77081,,-13.8195,13.9992,0.729885,4.18924,fluid
1192,2.70439,2.56902,,1002.4,603.92,37962.3,,1.6172,-2.36644,2.86625,,-13.4004,14.166,0.603216,4.35598,fluid
1193,2.6834,2.65276,,1002.31,622.324,36556.4,,1.65283,-2.45838,2.96235,,-13.1061,14.2648,0.485597,4.45479,fluid
1194,2.65831,2.73903,,1002.23,641.524,35203.8,,1.68718,-2.5535,3.06054,,-12.7023,14.3213,0.511183,4.51125,fluid
1195,2.62697,2.82765,,1002.16,658.068,34097.8,,1.70924,-2.65435,3.15706,,-12.3386,14.3262,0.613363,4.51623,fluid
1196,2.58892,2.91909,,1002.1,672.014,33150.9,,1.71906,-2.75776,3.24968,,-11.9743,14.3009,0.803803,4.49092,fluid
1197,2.54482,3.01396,,1002.04,683.584,32212.5,,1.71777,-2.85847,3.33491,,-11.5775,14.2631,1.05475,4.45305,fluid
1198,2.49415,3.11187,,1001.98,690.792,31224.2,,1.70028,-2.95857,3.41234,,-11.2437,14.2109,1.25055,4.40088,fluid
1199,2.43764,3.21314,,1001.9,692.474,30028.2,,1.66458,-3.06155,3.48481,,-10.9699,14.1225,1.32528,4.31252,fluid
1200,2.3766,3.31802,,1001.81,687.075,28544,,1.60858,-3.16936,3.55421,,-10.7259,13.9851,1.26286,4.17512,fluid
1201,2.31184,3.4254,,1001.71,673.448,26950,,1.53154,-3.28355,3.62316,,-10.4788,13.872,1.15863,4.06196,fluid
1202,2.24472,3.53494,,1001.62,653.463,25538.2,,1.44071,-3.40158,3.6941,,-10.2021,13.8675,1.15655,4.05751,fluid
1203,2.17672,3.64803,,1001.55,632.978,24416.3,,1.35188,-3.51383,3.76491,,-9.8811,13.9367,1.31859,4.12667,fluid
1204,2.11091,3.76529,,1001.49,619.368,23440,,1.2835,-3.61483,3.83593,,-9.54332,13.9471,1.54444,4.13707,fluid
1205,2.05112,3.88629,,1001.39,612.116,21831.9,,1.23587,-3.72428,3.92398,,-9.13915,13.8543,1.49001,4.04426,fluid
1206,1.99878,4.013,,1001.19,594.276,18715.2,,1.17321,-3.85428,4.02888,,-8.48074,13.7044,0.871449,3.89439,fluid
1207,1.94587,4.14183,,1000.94,540.959,14821.9,,1.04102,-4.00513,4.13821,,-7.63643,13.5846,-0.026509,3.77459,fluid
1208,1.87608,4.2654,,1000.79,450.304,12466.4,,0.833323,-4.18726,4.26938,,-6.925,13.5541,-0.285333,3.74406,fluid
1209,1.78577,4.39126,,1000.74,358.012,11696,,0.627011,-4.35211,4.39704,,-6.2356,13.6107,0.309104,3.8007,fluid
1210,1.66363,4.51836,,1000.71,302.475,11182.3,,0.489847,-4.47449,4.50122,,-5.54381,13.7745,1.17306,3.96446,fluid
1211,1.53309,4.65206,,1000.65,289.683,10275,,0.428838,-4.62632,4.64616,,-4.97855,13.8149,1.71921,4.00491,fluid
1212,1.53046,4.83443,,1000.36,331.831,5621.72,,0.493077,-4.62026,4.6465,,-2.6989,13.6389,0.973013,3.82892,fluid
1213,1.60656,4.96996,,1000.09,270.202,1445.75,,0.418819,-4.8501,4.86815,,-0.855035,12.2235,0.044787,2.41349,fluid
1214,1.63816,5.08875,,1000.12,379.875,1823.42,,0.606929,-5.22337,5.25851,,-0.241331,12.2408,0.871632,2.43075,fluid
1215,1.81447,5.18469,,1000.15,577.819,2397.73,,1.03717,-5.48763,5.58478,,-0.525067,12.427,0.796178,2.61702,fluid
1216,2.6833,-0.00568272,,1001.24,159.103,19531.3,,0.45313,-0.0802135,0.460175,,-6.32048,10.0524,0.949317,0.242384,fluid
1217,2.94866,0.0902236,,1001.61,210.341,25320.9,,0.659259,-0.105138,0.667591,,-7.8924,10.1995,0.681101,0.389528,fluid
1218,3.09804,0.157964,,1001.79,263.363,28320.1,,0.863277,-0.128613,0.872805,,-7.07102,10.2982,2.05392,0.488159,fluid
1219,2.8821,0.208102,,1001.95,259.484,30814.9,,0.792188,-0.145733,0.805481,,-10.6075,10.385,0.0634608,0.575023,fluid
1220,3.52563,0.238166,,1001.78,317.337,28121.8,,1.15664,-0.17103,1.16922,,-8.44989,10.4276,-0.487686,0.617622,fluid
1221,3.44637,0.276998,,1002.11,295.789,33273.5,,1.05285,-0.194061,1.07059,,-10.0876,10.4963,-0.453267,0.68626,fluid
1222,3.18807,0.304916,,1002.64,263.429,41799.2,,0.897615,-0.213903,0.92275,,-10.1288,10.6051,2.94777,0.795135,fluid
1223,3.3175,0.348057,,1002.25,361.671,35596.4,,1.24174,-0.244683,1.26562,,-9.41953,10.6626,1.28622,0.852563,fluid
1224,3.15366,0.386784,,1003.25,251.716,51572.5,,0.857586,-0.270673,0.899287,,-13.6787,10.7022,2.62153,0.892167,fluid
1225,2.89879,0.410716,,1002.83,329.102,44854.1,,1.01216,-0.279261,1.04997,,-15.5695,10.764,-0.139848,0.954024,fluid
1226,3.0082,0.457208,,1003.18,356.481,50388,,1.13588,-0.322349,1.18074,,-16.1784,10.7408,0.518685,0.930821,fluid
1227,2.82508,0.529181,,1003.05,380.856,48368.9,,1.1322,-0.416235,1.20628,,-17.3694,11.3871,-0.300295,1.57714,fluid
1228,2.90092,0.643814,,1002.96,543.553,46889.8,,1.61576,-0.804806,1.8051,,-17.7121,15.5653,-1.59601,5.75529,fluid
1229,3.2583,0.528024,,1003.27,396.64,51803.7,,1.34959,-0.458074,1.42521,,-13.701,11.5801,2.14625,1.77013,fluid
1230,3.21434,0.57991,,1003.88,335.259,61603.5,,1.13481,-0.51097,1.24454,,-17.1306,12.4597,1.96059,2.64972,fluid
1231,3.36464,0.635357,,1003.54,519.62,56219.7,,1.79565,-0.861601,1.99166,,-16.8145,16.8716,-0.164574,7.0616,fluid
1232,3.1342,0.710193,,1004.84,318.115,77034,,1.05437,-1.17599,1.57945,,-19.0147,17.84,5.44547,8.02996,fluid
1233,3.05886,0.828749,,1004.79,205.647,76261.9,,0.663653,-0.919415,1.13391,,-18.8902,10.6017,5.92243,0.791676,fluid
1234,3.03896,0.954525,,1004.74,171.489,75444.9,,0.559463,-0.35243,0.661215,,-17.1352,11.7948,7.57364,1.98475,fluid
1235,3.39,0.941392,,1003.28,543.006,51923.2,,1.85842,-1.20621,2.21555,,-16.8321,8.55815,-1.56557,-1.25185,fluid
1236,3.28131,0.990366,,1003.39,383.803,53790.8,,1.27021,-1.37215,1.86982,,-21.3004,7.81002,-4.96272,-1.99998,fluid
1237,3.40123,1.05455,,1002.47,603.367,39030.3,,2.0922,-1.07423,2.35187,,-12.4822,14.9251,-1.03506,5.11513,fluid
1238,3.31419,1.10497,,1002.73,511.937,43256.3,,1.74133,-1.25707,2.14766,,-14.5598,14.3095,-1.54356,4.4995,fluid
1239,3.21478,1.15995,,1003.67,296.216,58262.8,,0.981292,-1.46951,1.76703,,-23.3214,12.5802,-5.26422,2.77017,fluid
1240,3.18575,1.23916,,1004,233.249,63590.3,,0.763793,-1.36369,1.56302,,-26.4862,14.8879,-6.60494,5.07785,fluid
1241,3.28688,1.31033,,1002.72,562.784,43092.2,,1.91232,-1.44191,2.39501,,-10.9461,13.4888,2.12864,3.67878,fluid
1242,3.28656,1.378,,1002.82,572.623,44601,,1.93873,-1.51107,2.45805,,-10.3712,13.1053,3.16136,3.29531,fluid
1243,3.27252,1.44523,,1003.08,546.26,48752.6,,1.8288,-1.58618,2.42084,,-11.6755,12.8334,3.17638,3.02339,fluid
1244,3.25493,1.51482,,1003.27,513.692,51824.2,,1.69662,-1.65955,2.37331,,-13.0377,12.4483,2.83221,2.63827,fluid
1245,3.22176,1.58547,,1003.6,432.045,57071.9,,1.39465,-1.74022,2.23011,,-17.4736,11.7478,0.177426,1.93783,fluid
1246,3.22602,1.65999,,1003.3,469.053,52306,,1.51853,-1.75673,2.32208,,-14.2452,12.0933,1.91533,2.28333,fluid
1247,3.22327,1.73254,,1003.11,480.93,49216,,1.55681,-1.7953,2.37629,,-13.055,12.474,2.16661,2.66403,fluid
1248,3.21972,1.80525,,1002.94,492.473,46524.1,,1.59409,-1.85062,2.44252,,-12.2067,12.8579,2.20068,3.04794,fluid
1249,3.20902,1.87872,,1002.9,487.776,45914.2,,1.57285,-1.91737,2.47995,,-12.6494,13.1257,1.61708,3.31573,fluid
1250,3.20458,1.95456,,1002.8,503.573,44253.7,,1.62222,-1.97679,2.5572,,-11.9975,13.4593,1.77353,3.64926,fluid
1251,3.1916,2.03032,,1002.81,501.808,44550.8,,1.60581,-2.05114,2.60496,,-12.6305,13.6191,1.28916,3.80912,fluid
1252,3.18356,2.10845,,1002.75,517.945,43466.4,,1.65007,-2.12385,2.68951,,-12.256,13.6607,1.36001,3.85067,fluid
1253,3.1705,2.18748,,1002.72,527.352,42964.4,,1.66874,-2.20501,2.76527,,-12.369,13.5799,1.14557,3.76992,fluid
1254,3.15802,2.26895,,1002.64,544.991,41825.3,,1.71467,-2.28228,2.85463,,-12.106,13.5585,1.10321,3.7485,fluid
1255,3.14091,2.35161,,1002.59,560.383,40895.7,,1.75065,-2.3655,2.94285,,-12.0698,13.6267,0.916954,3.81673,fluid
1256,3.12132,2.43637,,1002.51,579.469,39682,,1.79709,-2.45205,3.04008,,-11.8782,13.8058,0.803162,3.99583,fluid
1257,3.09774,2.52338,,1002.43,599.525,38367,,1.8436,-2.54508,3.14266,,-11.6262,14.0353,0.729309,4.22533,fluid
1258,3.06884,2.61285,,1002.35,618.239,37081.4,,1.88159,-2.64643,3.24715,,-11.358,14.2456,0.696877,4.4356,fluid
1259,3.03448,2.70551,,1002.26,635.479,35788.8,,1.91014,-2.75369,3.35133,,-11.0458,14.3603,0.721545,4.55033,fluid
1260,2.99417,2.80197,,1002.18,650.683,34473.7,,1.9272,-2.86229,3.45062,,-10.6411,14.3786,0.847448,4.56857,fluid
1261,2.94709,2.90227,,1002.1,662.818,33131.5,,1.92954,-2.96816,3.54021,,-10.1856,14.33,1.03297,4.51997,fluid
1262,2.89384,3.00644,,1002.01,671.849,31672,,1.9184,-3.06777,3.61822,,-9.68055,14.2583,1.2422,4.44829,fluid
1263,2.83427,3.11403,,1001.91,676.44,30073.5,,1.89039,-3.16453,3.68616,,-9.20397,14.1571,1.38652,4.34709,fluid
1264,2.7699,3.22553,,1001.79,675.445,28256.5,,1.84384,-3.26028,3.74555,,-8.74111,14.0337,1.44192,4.22366,fluid
1265,2.70165,3.34006,,1001.67,667.234,26346.3,,1.77549,-3.35868,3.79909,,-8.30913,13.9299,1.42651,4.11992,fluid
1266,2.63085,3.45672,,1001.56,652.123,24600.7,,1.68809,-3.46236,3.85196,,-7.90113,13.9167,1.43515,4.10669,fluid
1267,2.55894,3.5762,,1001.47,633.789,23233.2,,1.59377,-3.5668,3.90668,,-7.50539,14.0156,1.56046,4.20559,fluid
1268,2.48835,3.6988,,1001.42,618.904,22311.3,,1.51251,-3.66453,3.9644,,-7.15359,14.1096,1.80003,4.29962,fluid
1269,2.42223,3.82395,,1001.35,611.132,21259.2,,1.45582,-3.76639,4.03796,,-6.85332,14.1133,1.91155,4.30335,fluid
1270,2.36298,3.9541,,1001.2,603.068,18932.4,,1.406,-3.8853,4.13187,,-6.44463,13.9797,1.55784,4.16974,fluid
1271,2.3083,4.08747,,1000.97,575.66,15244.8,,1.31409,-4.0267,4.2357,,-5.83571,13.8069,0.762243,3.99692,fluid
1272,2.24537,4.21796,,1000.79,517.092,12503.2,,1.14735,-4.19632,4.35034,,-5.24725,13.7138,0.31677,3.90379,fluid
1273,2.1651,4.35048,,1000.75,449.768,11766.7,,0.960395,-4.35743,4.46201,,-4.69353,13.7381,0.737115,3.92807,fluid
1274,2.04973,4.48472,,1000.73,409.13,11525.2,,0.826704,-4.47456,4.55029,,-4.10749,14.0237,1.51117,4.21371,fluid
1275,1.91391,4.62171,,1000.67,392.77,10522.8,,0.739848,-4.61005,4.66904,,-3.6267,14.3126,1.86767,4.50257,fluid
1276,1.88233,4.79524,,1000.37,392.947,5791.35,,0.732057,-4.60865,4.66643,,-2.18469,14.1467,0.890871,4.33668,fluid
1277,1.93247,4.92999,,1000.08,325.124,1178.94,,0.619992,-4.86194,4.90131,,-0.710134,12.5314,-0.100111,2.72145,fluid
1278,1.94519,5.05166,,1000.12,405.038,1884.67,,0.779759,-5.22497,5.28283,,-0.214311,12.4926,0.754461,2.68257,fluid
1279,2.10791,5.1526,,1000.16,567.411,2562.37,,1.19261,-5.49312,5.6211,,-0.200761,12.6644,1.01464,2.85441,fluid
1280,3.18684,-0.0224692,,1000.96,206.666,15081.2,,0.681272,-0.0800619,0.68596,,-2.8425,10.0616,1.88529,0.251649,fluid
1281,3.43784,0.0827174,,1001.4,197.755,22112.5,,0.699873,-0.105876,0.707836,,-6.42835,10.1875,-0.00526376,0.377464,fluid
1282,3.79515,0.146122,,1001.44,314.756,22697.4,,1.24001,-0.127378,1.24653,,-4.89736,10.248,1.07469,0.437984,fluid
1283,3.67026,0.191767,,1001.52,341.217,23945.1,,1.29524,-0.146841,1.30353,,-6.71351,10.3334,-0.199318,0.523384,fluid
1284,4.3042,0.223037,,1001.57,361.503,24721.6,,1.58876,-0.169878,1.59781,,-6.21733,10.3625,-0.482722,0.552542,fluid
1285,4.21884,0.258273,,1001.72,371.77,27072.8,,1.59932,-0.191453,1.61074,,-6.64637,10.4075,-0.240245,0.597473,fluid
1286,4.06812,0.286324,,1001.96,361.916,30869.4,,1.50415,-0.2113,1.51892,,-6.94383,10.472,0.629472,0.661995,fluid
1287,4.09245,0.325214,,1002,409.612,31511.3,,1.70875,-0.238371,1.72529,,-7.15221,10.533,0.532319,0.722992,fluid
1288,3.93605,0.355331,,1002.66,351.795,42100.8,,1.43351,-0.2696,1.45864,,-8.27003,10.6601,2.39779,0.850098,fluid
1289,3.67723,0.373883,,1002.47,404.346,39007.1,,1.54703,-0.279564,1.57209,,-9.74756,10.7455,0.834081,0.935465,fluid
1290,3.90199,0.414044,,1002.93,391.797,46329.2,,1.58692,-0.325895,1.62004,,-9.20576,10.8229,2.63284,1.01287,fluid
1291,3.56181,0.450093,,1002.85,406.966,45144.5,,1.49987,-0.363648,1.54333,,-13.0736,11.0078,-0.435088,1.19776,fluid
1292,3.5042,0.534216,,1003.09,473.477,48907,,1.69817,-0.490461,1.76758,,-15.2034,11.6187,-1.28969,1.80872,fluid
1293,3.83223,0.490162,,1003.23,442.691,51203.7,,1.76316,-0.421786,1.81291,,-11.5135,11.2189,1.80478,1.4089,fluid
1294,3.67973,0.550412,,1003.47,443.749,55042.3,,1.70803,-0.514071,1.78372,,-12.8,11.6096,2.10645,1.79962,fluid
1295,4.12468,0.575151,,1003.24,586.883,51395.6,,2.46001,-0.654202,2.54551,,-11.0871,13.0872,1.33317,3.27719,fluid
1296,3.88961,0.631967,,1003.72,572.254,59013.5,,2.30197,-0.933196,2.48394,,-13.2407,17.6756,1.87523,7.8656,fluid
1297,3.47004,0.762153,,1004.73,377.716,75371.3,,1.35336,-0.817886,1.5813,,-17.3613,6.29981,4.2569,-3.51019,fluid
1298,3.74237,0.709231,,1004.53,478.209,72136.3,,1.84762,-1.50013,2.37993,,-14.0576,18.1518,5.13099,8.34177,fluid
1299,3.58297,0.836202,,1005.2,258.705,82880.2,,1.00968,-0.985691,1.41105,,-11.2619,10.7737,11.7502,0.963717,fluid
1300,3.90077,0.871011,,1003.45,559.39,54675.7,,2.15005,-1.38973,2.56009,,-17.909,7.93726,-3.94046,-1.87274,fluid
1301,3.95324,0.969891,,1002.9,577.656,45991.9,,2.27966,-0.82049,2.42282,,-16.5588,15.1403,-4.95857,5.3303,fluid
1302,3.82953,1.00297,,1002.71,510.353,42811.5,,1.94641,-1.05518,2.21403,,-13.8444,13.8428,-2.69522,4.03279,fluid
1303,3.69459,1.03066,,1003.46,340.535,54920.4,,1.28121,-1.43282,1.9221,,-13.7181,12.399,1.09571,2.58896,fluid
1304,3.58304,1.10155,,1004.69,170.075,74684,,0.644413,-1.27611,1.42959,,-15.3621,17.5106,5.38431,7.70063,fluid
1305,3.77813,1.18475,,1002.47,545.795,38985.7,,2.08426,-1.40211,2.51198,,-8.93818,13.0127,1.35523,3.20267,fluid
1306,3.75488,1.24907,,1002.82,513.435,44655.9,,1.95814,-1.53578,2.48856,,-10.2105,12.3854,1.64883,2.57541,fluid
1307,3.77622,1.31707,,1002.5,576.377,39602.5,,2.21878,-1.61473,2.74414,,-6.84093,12.8104,3.62019,3.00042,fluid
1308,3.71807,1.38024,,1003.3,479.744,52374,,1.81275,-1.78309,2.54273,,-11.877,11.7392,2.16289,1.92919,fluid
1309,3.68003,1.44739,,1003.68,416.892,58372.9,,1.54752,-1.90233,2.45228,,-15.8789,11.1927,-0.0749162,1.3827,fluid
1310,3.68029,1.52306,,1003.43,457.273,54442.3,,1.6948,-1.89789,2.54447,,-12.9225,11.9376,1.81987,2.1276,fluid
1311,3.67391,1.5974,,1003.23,469.673,51238.4,,1.73364,-1.91376,2.58224,,-11.9018,12.2235,1.99984,2.41349,fluid
1312,3.66637,1.67181,,1003.05,475.888,48294.5,,1.75113,-1.94247,2.61527,,-11.4046,12.4115,1.7277,2.60147,fluid
1313,3.65603,1.74665,,1002.93,476.611,46378.4,,1.74806,-1.98815,2.64735,,-11.4355,12.6494,1.21293,2.83941,fluid
1314,3.64224,1.82214,,1002.88,473.221,45638,,1.72808,-2.04808,2.67972,,-11.9388,12.8658,0.555384,3.0558,fluid
1315,3.63279,1.8997,,1002.8,487.444,44299.3,,1.77653,-2.10938,2.75782,,-11.5254,13.2006,0.634843,3.39059,fluid
1316,3.61772,1.97756,,1002.78,496.467,44008.8,,1.80009,-2.18703,2.83257,,-11.657,13.393,0.47402,3.58298,fluid
1317,3.60156,2.0571,,1002.75,511.139,43550.4,,1.84222,-2.26894,2.92265,,-11.5459,13.5832,0.513029,3.77322,fluid
1318,3.58381,2.13869,,1002.7,529.395,42761,,1.89508,-2.35595,3.02355,,-11.3231,13.7415,0.576422,3.9315,fluid
1319,3.56188,2.22217,,1002.64,547.083,41833.9,,1.94242,-2.44918,3.12593,,-11.2133,13.8443,0.500649,4.0343,fluid
1320,3.53646,2.30836,,1002.56,566.868,40537.5,,1.99468,-2.54388,3.23266,,-10.9703,13.992,0.463159,4.18198,fluid
1321,3.50774,2.39797,,1002.46,588.79,38847,,2.05245,-2.64002,3.34399,,-10.5027,14.1988,0.544792,4.38879,fluid
1322,3.47345,2.49055,,1002.35,608.613,37105.2,,2.09898,-2.74441,3.45507,,-10.0114,14.3573,0.646142,4.5473,fluid
1323,3.43385,2.58661,,1002.24,626.55,35359.5,,2.13505,-2.854,3.56423,,-9.449,14.4269,0.82534,4.61694,fluid
1324,3.38875,2.68662,,1002.14,641.389,33750.7,,2.15603,-2.96418,3.66535,,-8.83274,14.4312,1.10568,4.62116,fluid
1325,3.3376,2.79079,,1002.05,651.922,32370.5,,2.15726,-3.06994,3.7521,,-8.25267,14.3862,1.42622,4.57622,fluid
1326,3.2805,2.89885,,1001.98,657.819,31208.3,,2.13817,-3.16804,3.82207,,-7.76199,14.3179,1.7325,4.50795,fluid
1327,3.21778,3.01034,,1001.91,658.942,30156.1,,2.09904,-3.26177,3.8788,,-7.42249,14.2435,1.93136,4.43351,fluid
1328,3.15082,3.12569,,1001.83,655.802,28921,,2.04338,-3.35445,3.92782,,-7.20612,14.1517,1.95597,4.34166,fluid
1329,3.08029,3.24436,,1001.73,648.47,27350.9,,1.97297,-3.44885,3.97331,,-7.01652,14.0529,1.84745,4.24286,fluid
1330,3.0072,3.36545,,1001.62,637.346,25578,,1.89021,-3.5477,4.01984,,-6.77531,14.0074,1.71652,4.19741,fluid
1331,2.93293,3.48929,,1001.52,623.947,23902.9,,1.80147,-3.64965,4.07004,,-6.43426,14.0468,1.70325,4.23677,fluid
1332,2.85923,3.61616,,1001.44,612.025,22651.5,,1.71992,-3.74714,4.12301,,-6.03845,14.106,1.87243,4.29598,fluid
1333,2.78853,3.74553,,1001.37,605.224,21581.8,,1.65899,-3.84481,4.18745,,-5.66398,14.107,2.06492,4.29699,fluid
1334,2.72266,3.87931,,1001.25,600.983,19640.6,,1.61228,-3.95468,4.27071,,-5.26667,13.9856,1.93811,4.17564,fluid
1335,2.66292,4.01727,,1001.03,587.553,16166.7,,1.54553,-4.08412,4.36677,,-4.71695,13.7903,1.34787,3.98032,fluid
1336,2.60165,4.15399,,1000.83,550.968,13020.1,,1.41608,-4.2401,4.47031,,-4.13194,13.6628,0.868498,3.85282,fluid
1337,2.52869,4.29209,,1000.76,501.825,12001.8,,1.25227,-4.3977,4.57252,,-3.59155,13.6728,1.15107,3.86281,fluid
1338,2.42334,4.43316,,1000.76,469.997,11957.4,,1.12611,-4.51279,4.65118,,-3.05746,13.9478,1.87306,4.13779,fluid
1339,2.28848,4.57652,,1000.69,459.401,10925.1,,1.04255,-4.62553,4.74156,,-2.54846,14.4258,2.22217,4.6158,fluid
1340,2.23384,4.74695,,1000.38,441.278,6011.63,,0.985496,-4.62629,4.73009,,-1.5472,14.4362,1.14294,4.6262,fluid
1341,2.2551,4.88556,,1000.07,364.753,1076.71,,0.82029,-4.88362,4.95203,,-0.40609,12.7852,0.0713319,2.97519,fluid
1342,2.25065,5.00853,,1000.13,421.29,2034.21,,0.94595,-5.23294,5.31775,,-0.00420815,12.8863,0.899507,3.07631,fluid
1343,2.3992,5.11507,,1000.18,555.233,2774.08,,1.33335,-5.50209,5.66134,,0.207555,13.0641,1.3636,3.25408,fluid
1344,3.69403,-0.0341094,,1000.81,210.979,12707.3,,0.802721,-0.0785994,0.80656,,-3.32448,10.0489,0.1127,0.238865,fluid
1345,3.9852,0.076586,,1001.26,239.905,19885.4,,0.983194,-0.104379,0.988719,,-3.67289,10.1454,1.31062,0.335406,fluid
1346,4.52415,0.136987,,1001.16,352.985,18343.2,,1.62475,-0.124316,1.6295,,-3.51348,10.2089,0.536313,0.398949,fluid
1347,4.42403,0.178126,,1001.34,368.691,21158.5,,1.66148,-0.144551,1.66775,,-5.25859,10.2882,-0.482364,0.478214,fluid
1348,5.08614,0.212866,,1001.5,410.661,23657.2,,2.13197,-0.16218,2.13813,,-3.70081,10.2893,0.943522,0.479286,fluid
1349,4.9977,0.245479,,1001.59,403.048,25043.7,,2.05238,-0.1856,2.06075,,-5.47642,10.3564,-0.473322,0.546382,fluid
1350,4.91452,0.27372,,1001.62,415.657,25472.7,,2.06775,-0.207952,2.07818,,-6.22648,10.3929,-1.05169,0.582918,fluid
1351,4.83406,0.306062,,1001.79,425.64,28192.4,,2.07826,-0.236258,2.09165,,-6.56661,10.467,-0.744979,0.657001,fluid
1352,4.70248,0.335468,,1002.21,412.598,34896,,1.97425,-0.265512,1.99202,,-6.4251,10.5762,0.979303,0.766183,fluid
1353,4.51214,0.354802,,1002.15,478.997,33946.8,,2.2288,-0.278669,2.24615,,-5.47664,10.7184,2.03065,0.908408,fluid
1354,4.81801,0.400759,,1002.16,529.144,34123.1,,2.57792,-0.331731,2.59917,,-6.95052,10.7458,0.116609,0.935811,fluid
1355,4.37679,0.412143,,1002.75,443.328,43454.1,,2.0031,-0.34095,2.03191,,-9.05474,10.8996,0.84638,1.08963,fluid
1356,4.1892,0.494469,,1002.73,553.418,43163.1,,2.34716,-0.455655,2.39098,,-10.2747,11.3215,0.000681047,1.51148,fluid
1357,4.52322,0.462805,,1002.77,532.671,43876.2,,2.48659,-0.422152,2.52217,,-7.75383,11.1153,1.91955,1.30535,fluid
1358,4.34943,0.512375,,1003.16,520.503,50039.2,,2.31596,-0.478417,2.36486,,-12.2963,11.4579,-0.827726,1.6479,fluid
1359,4.69327,0.546359,,1003.5,552.724,55446.1,,2.66568,-0.617063,2.73617,,-7.65849,12.0365,4.11432,2.22651,fluid
1360,4.60043,0.658225,,1004.27,603.998,67959.3,,2.86588,-1.22862,3.11813,,-11.2184,16.4085,3.49115,6.59851,fluid
1361,4.1023,0.634887,,1004.04,530.052,64258.8,,2.23257,-0.839683,2.38525,,-11.1293,13.452,4.4717,3.642,fluid
1362,4.40263,0.61438,,1003.93,561.153,62402.2,,2.56043,-0.839737,2.69461,,-14.9234,18.1392,-0.804981,8.32924,fluid
1363,4.07356,0.807211,,1004.94,417.855,78704.5,,1.771,-1.0445,2.05607,,-10.7333,4.28507,8.4926,-5.52493,fluid
1364,4.56528,0.781964,,1004.15,613.783,65955,,2.79355,-1.47317,3.15818,,-13.4819,7.94453,0.905418,-1.86547,fluid
1365,4.4746,0.87525,,1003.7,534.283,58757.5,,2.38071,-0.937013,2.55847,,-13.9859,12.0577,-0.902963,2.24773,fluid
1366,4.3556,0.902634,,1003.77,534.703,59823,,2.31926,-1.30094,2.65921,,-10.1066,10.0614,3.57657,0.251437,fluid
1367,4.24788,0.932223,,1003.93,473.799,62468,,2.02518,-1.62398,2.5959,,-9.72798,9.22137,4.92011,-0.588631,fluid
1368,4.08017,0.981594,,1004.98,253.273,79302.5,,1.08693,-1.4535,1.81496,,-13.5246,17.1073,5.81527,7.29733,fluid
1369,4.27831,1.08663,,1002.72,572.228,43021.6,,2.48628,-1.37428,2.84081,,-5.51055,13.7121,4.51795,3.90205,fluid
1370,4.24399,1.14671,,1002.94,526.962,46586.4,,2.27958,-1.48911,2.72286,,-7.61303,13.7774,3.33181,3.96741,fluid
1371,4.28183,1.21968,,1002.19,617.373,34678.6,,2.70257,-1.46864,3.07584,,-3.16015,15.3836,4.92113,5.57364,fluid
1372,4.18014,1.26359,,1003.44,446.988,54542.6,,1.90491,-1.81215,2.62917,,-12.3468,12.5965,0.65645,2.7865,fluid
1373,4.16046,1.33234,,1003.52,445.268,55893.7,,1.88342,-1.86748,2.65231,,-12.592,12.8606,0.795359,3.05061,fluid
1374,4.14606,1.40642,,1003.49,454.159,55407.3,,1.9081,-1.8882,2.68442,,-11.8551,13.1955,1.46219,3.38549,fluid
1375,4.13723,1.48288,,1003.33,472.104,52767.3,,1.97559,-1.89983,2.74086,,-10.2554,13.442,2.45651,3.63204,fluid
1376,4.12085,1.55716,,1003.24,468.14,51304,,1.94353,-1.95144,2.75416,,-10.4582,13.4469,1.95146,3.63687,fluid
1377,4.1073,1.63224,,1003.07,472.344,48685.4,,1.95103,-2.01446,2.80438,,-10.0656,13.5697,1.75144,3.75974,fluid
1378,4.08603,1.70609,,1003,461.507,47515.5,,1.89187,-2.10257,2.82843,,-11.0037,13.4883,0.590243,3.67829,fluid
1379,4.07104,1.78301,,1002.86,471.955,45269.2,,1.92914,-2.16889,2.9027,,-10.6584,13.7696,0.429724,3.95965,fluid
1380,4.05414,1.86131,,1002.76,486.965,43632.3,,1.98288,-2.23693,2.98926,,-10.3368,14.0575,0.396001,4.24752,fluid
1381,4.03211,1.9404,,1002.71,500.734,42932.8,,2.02628,-2.32088,3.08095,,-10.3159,14.2132,0.302991,4.40317,fluid
1382,4.00925,2.02242,,1002.66,521.256,42110.4,,2.09413,-2.41407,3.1958,,-10.0143,14.3141,0.461126,4.50408,fluid
1383,3.98115,2.10671,,1002.61,540.368,41344.6,,2.15174,-2.51978,3.3135,,-9.90436,14.1994,0.453652,4.38944,fluid
1384,3.95022,2.19479,,1002.54,562.822,40121.6,,2.22038,-2.61973,3.43411,,-9.53078,14.1578,0.600317,4.34784,fluid
1385,3.91376,2.28585,,1002.45,582.812,38720.3,,2.2752,-2.72045,3.54646,,-9.11348,14.2086,0.755734,4.3986,fluid
1386,3.87328,2.38075,,1002.35,601.234,37099.2,,2.32068,-2.82028,3.65234,,-8.5793,14.3021,0.976514,4.49214,fluid
1387,3.82699,2.47884,,1002.25,615.377,35591.4,,2.34522,-2.9253,3.74932,,-8.05551,14.3502,1.22368,4.54019,fluid
1388,3.77625,2.58102,,1002.17,626.205,34286.8,,2.35319,-3.03119,3.83739,,-7.53656,14.3706,1.52336,4.56061,fluid
1389,3.72058,2.68723,,1002.11,633.001,33268.2,,2.34152,-3.13597,3.9137,,-7.11326,14.3464,1.8096,4.53641,fluid
1390,3.66018,2.7973,,1002.05,636.154,32394.9,,2.31202,-3.23576,3.97688,,-6.82355,14.2877,2.00899,4.47765,fluid
1391,3.59525,2.91079,,1001.99,636.259,31388.7,,2.26792,-3.33075,4.02956,,-6.64112,14.2201,2.07215,4.41014,fluid
1392,3.52665,3.02803,,1001.9,633.939,29958.7,,2.21374,-3.42354,4.07691,,-6.45314,14.1585,2.02572,4.3485,fluid
1393,3.45459,3.14884,,1001.78,629.447,28069.1,,2.15122,-3.51705,4.12279,,-6.19696,14.0979,1.91376,4.28785,fluid
1394,3.37957,3.27235,,1001.65,622.842,25963.6,,2.08065,-3.6148,4.17083,,-5.8498,14.0763,1.8201,4.26634,fluid
1395,3.30261,3.39854,,1001.52,614.399,24025.7,,2.00311,-3.71814,4.22338,,-5.42728,14.1318,1.8364,4.32178,fluid
1396,3.22568,3.52814,,1001.43,605.854,22586.3,,1.92626,-3.81929,4.27755,,-4.97829,14.2132,2.01372,4.40324,fluid
1397,3.15021,3.66062,,1001.37,599.919,21535.5,,1.86169,-3.91875,4.33849,,-4.57832,14.2337,2.24857,4.42372,fluid
1398,3.07791,3.79737,,1001.26,596.41,19875.1,,1.81074,-4.02581,4.41429,,-4.20333,14.1356,2.24587,4.32559,fluid
1399,3.01134,3.93907,,1001.06,588.483,16705,,1.75151,-4.14869,4.50326,,-3.73054,13.9184,1.81095,4.10843,fluid
1400,2.94724,4.08106,,1000.85,564.725,13411.5,,1.64506,-4.29584,4.60005,,-3.18923,13.73,1.35744,3.92002,fluid
1401,2.8775,4.224,,1000.77,529.117,12063.4,,1.50258,-4.45212,4.69885,,-2.65293,13.6983,1.53618,3.88826,fluid
1402,2.78313,4.37118,,1000.77,504.884,12182.9,,1.38888,-4.56591,4.77248,,-2.14557,13.9015,2.22845,4.09149,fluid
1403,2.65263,4.52043,,1000.72,500.211,11256.7,,1.31706,-4.66286,4.8453,,-1.61353,14.4296,2.62703,4.61963,fluid
1404,2.5814,4.69184,,1000.39,477.371,6084.37,,1.23498,-4.66342,4.82418,,-0.790502,14.6044,1.56559,4.79435,fluid
1405,2.57399,4.83647,,1000.07,394.676,1134.64,,1.01554,-4.9235,5.02714,,0.0299922,12.9431,0.470773,3.13309,fluid
1406,2.55457,4.96085,,1000.14,433.449,2239.72,,1.10723,-5.25353,5.36895,,0.342041,13.2309,1.21867,3.4209,fluid
1407,2.68755,5.07238,,1000.19,544.503,2956.98,,1.46553,-5.52156,5.71274,,0.668887,13.435,1.76893,3.62496,fluid
1408,4.18821,-0.0412397,,1000.49,194.623,7671.24,,0.832032,-0.0769372,0.835582,,-1.96313,10.0177,-0.132396,0.207696,fluid
1409,4.63959,0.0723122,,1000.82,295.004,12846.9,,1.38233,-0.10059,1.38598,,-1.73555,10.0942,1.03118,0.284195,fluid
1410,5.25015,0.131696,,1000.79,430.078,12418.5,,2.29395,-0.116285,2.2969,,-0.489832,10.1686,1.87365,0.358586,fluid
1411,5.14767,0.168915,,1001.21,419.409,19102.1,,2.19668,-0.136537,2.20092,,-2.16745,10.222,1.53889,0.412016,fluid
1412,5.98819,0.2066,,1000.95,513.166,14981.9,,3.13404,-0.146176,3.13745,,-0.486638,10.2295,2.01289,0.419546,fluid
1413,5.8612,0.237402,,1001.18,502.547,18610.6,,2.98891,-0.171167,2.99381,,-3.00243,10.2886,0.169052,0.478583,fluid
1414,5.77237,0.264576,,1001.21,492.71,19063.5,,2.88663,-0.195847,2.89327,,-4.52966,10.3598,-1.23111,0.549769,fluid
1415,5.65733,0.29452,,1001.38,465.943,21690.6,,2.6755,-0.226081,2.68504,,-5.28375,10.4203,-1.45495,0.610334,fluid
1416,5.53566,0.320581,,1001.48,495.689,23310,,2.7863,-0.25183,2.79766,,-4.49107,10.5024,-0.286409,0.692388,fluid
1417,5.41194,0.341766,,1001.57,534.092,24719.3,,2.93922,-0.273389,2.9519,,-3.16251,10.5713,1.3979,0.761297,fluid
1418,5.61966,0.388533,,1001.84,585.857,29093.8,,3.32025,-0.325075,3.33613,,-6.28712,10.6522,-1.11949,0.842198,fluid
1419,5.28841,0.38607,,1002.12,545.583,33548.6,,2.95503,-0.327664,2.97314,,-2.47815,10.6591,3.8522,0.849136,fluid
1420,5.05241,0.429882,,1002.4,565.768,37864.7,,2.92273,-0.378217,2.9471,,-7.8999,10.8284,-0.423439,1.0184,fluid
1421,5.17208,0.460563,,1002.92,559.128,46214.4,,2.98844,-0.441699,3.02091,,-4.54041,10.8253,4.36893,1.01526,fluid
1422,4.79873,0.511809,,1002.86,588.542,45240.3,,2.87299,-0.517496,2.91922,,-6.34368,11.6031,3.05701,1.79312,fluid
1423,5.51028,0.525681,,1002.41,708.832,38103.8,,3.9267,-0.580292,3.96935,,-5.25156,11.9489,1.64685,2.13893,fluid
1424,5.21712,0.684436,,1004.98,548.59,79376.1,,2.944,-1.37783,3.25047,,-8.60859,15.4568,6.53052,5.64683,fluid
1425,5.07897,0.530414,,1002.75,694.16,43507,,3.57385,-0.573915,3.61964,,-11.2202,11.5264,-2.67755,1.71644,fluid
1426,4.96727,0.600078,,1003.27,655.306,51814.3,,3.31585,-0.803456,3.4118,,-11.9401,15.4917,-1.54293,5.68168,fluid
1427,4.7817,0.718046,,1004.3,617.129,68392.6,,3.00303,-1.43722,3.32923,,-2.9094,10.9083,11.3323,1.09833,fluid
1428,5.17871,0.778056,,1004.31,554.956,68505,,2.88163,-1.21643,3.12786,,-13.4047,10.8928,-0.233203,1.08283,fluid
1429,5.01202,0.835478,,1003.88,561.399,61682.4,,2.7779,-1.09566,2.98617,,-13.1016,9.43482,-0.84236,-0.37518,fluid
1430,5.01897,0.984712,,1003.6,561.247,57168.4,,2.77675,-0.452937,2.81345,,-12.0409,8.98354,-0.691382,-0.826461,fluid
1431,4.74364,0.851893,,1003.91,574.946,62071.3,,2.74863,-1.57482,3.16781,,-3.19001,10.4587,9.8442,0.648658,fluid
1432,4.63104,0.945088,,1004.27,365.184,67930.2,,1.71336,-1.1154,2.04444,,-11.876,15.9502,2.73001,6.14015,fluid
1433,4.816,1.04408,,1002.6,633.369,41098.3,,3.06638,-1.3045,3.33233,,-3.73959,11.4066,4.772,1.59657,fluid
1434,4.74009,1.09549,,1003.09,528.141,48912.4,,2.53673,-1.47178,2.93277,,-6.92286,12.2951,3.36425,2.4851,fluid
1435,4.81383,1.17654,,1002.17,645.207,34309.3,,3.1398,-1.35584,3.42004,,-3.87027,15.2303,3.24153,5.42031,fluid
1436,4.6734,1.20196,,1003.3,459.069,52314.5,,2.1752,-1.82842,2.84159,,-9.99942,12.4403,1.15786,2.63026,fluid
1437,4.63762,1.26433,,1003.42,431.387,54250.1,,2.02561,-1.9234,2.7933,,-11.6315,12.1898,0.026491,2.37975,fluid
1438,4.62328,1.33769,,1003.33,453.795,52742.1,,2.12622,-1.88963,2.84455,,-9.78004,13.0568,1.59007,3.24682,fluid
1439,4.61253,1.41294,,1003.15,479.699,49936.1,,2.24299,-1.86134,2.91472,,-7.56503,13.5727,3.22716,3.76267,fluid
1440,4.58025,1.48334,,1003.25,454.316,51511.7,,2.09348,-1.93759,2.85252,,-9.60142,12.8855,1.60862,3.07551,fluid
1441,4.56729,1.55841,,1003.06,474.558,48509.7,,2.17797,-1.97915,2.94289,,-8.25357,12.9731,2.33512,3.16315,fluid
1442,4.54392,1.62988,,1002.98,473.544,47219.1,,2.15703,-2.06911,2.98898,,-8.89807,12.8266,1.46275,3.01658,fluid
1443,4.52045,1.70242,,1002.88,478.273,45648,,2.16728,-2.15242,3.05451,,-9.27409,12.9516,0.794985,3.1416,fluid
1444,4.50145,1.77893,,1002.74,499.962,43438.1,,2.26106,-2.2041,3.1576,,-8.5741,13.4854,1.04928,3.67542,fluid
1445,4.47213,1.85436,,1002.72,508.616,43024.7,,2.28455,-2.28781,3.23315,,-9.00771,13.8766,0.586839,4.06663,fluid
1446,4.44175,1.93336,,1002.68,524.183,42450,,2.33594,-2.37838,3.33366,,-9.0293,14.2978,0.502162,4.48779,fluid
1447,4.40638,2.01537,,1002.64,540.02,41818.7,,2.38349,-2.48902,3.44619,,-9.06113,14.3681,0.404347,4.55814,fluid
1448,4.36736,2.10175,,1002.58,558.937,40840.4,,2.44114,-2.60062,3.56685,,-8.78588,14.3496,0.541321,4.53958,fluid
1449,4.32347,2.19182,,1002.5,577.079,39583.8,,2.49153,-2.71417,3.68434,,-8.34236,14.3685,0.790343,4.55852,fluid
1450,4.27458,2.28532,,1002.41,592.57,38104.5,,2.52634,-2.83154,3.79473,,-7.83906,14.4002,1.05372,4.59019,fluid
1451,4.22161,2.38286,,1002.31,605.017,36518.8,,2.54521,-2.94719,3.8941,,-7.26972,14.4335,1.36079,4.62353,fluid
1452,4.16445,2.48464,,1002.22,613.395,35107.8,,2.54365,-3.05926,3.9786,,-6.74276,14.4625,1.66891,4.65246,fluid
1453,4.10359,2.59094,,1002.15,617.967,33965.6,,2.52323,-3.16686,4.04916,,-6.31318,14.4533,1.94612,4.64333,fluid
1454,4.03937,2.70156,,1002.09,619.824,32939.6,,2.48859,-3.2697,4.10902,,-6.02203,14.38,2.11563,4.57,fluid
1455,3.97156,2.8156,,1002.01,619.724,31769.5,,2.44373,-3.36911,4.16206,,-5.81152,14.3057,2.17167,4.49569,fluid
1456,3.90075,2.93333,,1001.91,618.256,30224.1,,2.39249,-3.46715,4.2125,,-5.59805,14.2756,2.13543,4.46555,fluid
1457,3.82652,3.0548,,1001.79,615.417,28292.3,,2.33493,-3.56613,4.26253,,-5.33722,14.2641,2.04328,4.45406,fluid
1458,3.74904,3.17947,,1001.66,611.289,26188,,2.2708,-3.6684,4.31436,,-5.01067,14.275,1.96302,4.465,fluid
1459,3.66891,3.30705,,1001.54,605.822,24251.7,,2.19965,-3.7767,4.37057,,-4.62475,14.3316,1.97517,4.52163,fluid
1460,3.58807,3.4385,,1001.44,599.728,22762.2,,2.12616,-3.88419,4.42804,,-4.19753,14.4044,2.13718,4.59445,fluid
1461,3.50765,3.57348,,1001.37,594.758,21652.7,,2.05934,-3.988,4.48832,,-3.78791,14.4126,2.37661,4.60264,fluid
1462,3.42905,3.71275,,1001.27,591.159,20062.4,,2.00264,-4.09522,4.55866,,-3.40476,14.3171,2.4385,4.50712,fluid
1463,3.35523,3.85746,,1001.08,584.693,17077,,1.9412,-4.21406,4.63967,,-2.96486,14.0889,2.1193,4.27894,fluid
1464,3.28537,4.00367,,1000.88,567.299,13771.7,,1.84398,-4.35429,4.72865,,-2.46772,13.8426,1.72045,4.03262,fluid
1465,3.21465,4.1505,,1000.77,540.875,12142.2,,1.71674,-4.51044,4.82611,,-1.94604,13.7692,1.82821,3.95921,fluid
1466,3.12953,4.30258,,1000.78,523.214,12340.7,,1.61766,-4.62683,4.90146,,-1.43393,13.9011,2.50631,4.09112,fluid
1467,3.00674,4.45722,,1000.74,523.717,11611.7,,1.56176,-4.71492,4.96685,,-0.874096,14.3814,2.98495,4.57138,fluid
1468,2.92229,4.63184,,1000.39,501.724,6159.13,,1.46856,-4.70937,4.93303,,-0.10778,14.6988,1.99903,4.88884,fluid
1469,2.89001,4.78274,,1000.08,417.358,1185.4,,1.20425,-4.9746,5.11828,,0.558216,13.0265,0.968357,3.21645,fluid
1470,2.85686,4.90844,,1000.15,443.009,2433.81,,1.26468,-5.28522,5.43443,,0.771869,13.4927,1.62365,3.68269,fluid
1471,2.97596,5.02467,,1000.2,536.684,3080.32,,1.59783,-5.55129,5.77667,,1.14693,13.7103,2.1818,3.90033,fluid
1472,4.6548,-0.0457497,,1000.51,207.719,8019.91,,0.964374,-0.074379,0.967238,,-1.74542,9.98559,-0.0233713,0.175589,fluid
1473,5.42273,0.0697947,,1000.31,358.484,4801.44,,1.95223,-0.0921417,1.95441,,-1.379,10.0972,-0.493845,0.287243,fluid
1474,6.08607,0.128815,,1000.66,432.92,10332,,2.67421,-0.106908,2.67635,,0.99413,10.0878,2.69067,0.277809,fluid
1475,5.90575,0.162592,,1000.94,439.365,14834.8,,2.63662,-0.127132,2.63969,,-2.6568,10.1952,-0.147245,0.385214,fluid
1476,6.88511,0.202263,,1000.01,558.423,87.239,,3.88044,-0.137316,3.88287,,0.121727,10.1746,0.134398,0.364582,fluid
1477,6.70807,0.232151,,1000.73,573.254,11518.6,,3.89452,-0.161627,3.89787,,1.38791,10.2842,3.10378,0.474182,fluid
1478,6.53759,0.25765,,1001.05,550.551,16570.7,,3.66572,-0.188587,3.67057,,-1.40541,10.3881,1.12661,0.57814,fluid
1479,6.4996,0.289358,,1001.24,551.766,19478.8,,3.65546,-0.218087,3.66196,,-2.62138,10.4628,0.371837,0.652849,fluid
1480,6.36526,0.309286,,1001.1,530.515,17310,,3.40491,-0.236785,3.41313,,-4.3159,10.4,-1.59944,0.590013,fluid
1481,6.19335,0.330951,,1001.3,559.299,20441.8,,3.48563,-0.257382,3.49512,,-1.63148,10.3801,1.66485,0.570143,fluid
1482,6.48365,0.375486,,1001.67,629.781,26299.2,,4.14142,-0.317374,4.15356,,-4.39184,10.7387,-0.342364,0.928682,fluid
1483,5.75857,0.383979,,1002.09,552.42,32977.4,,3.23352,-0.319843,3.2493,,-4.86851,10.6792,0.846228,0.869195,fluid
1484,6.33973,0.401267,,1001.66,618.807,26116.7,,3.93763,-0.35121,3.95326,,-6.16814,10.6323,-2.05542,0.822328,fluid
1485,6.0397,0.431944,,1001.77,685.635,27855.6,,4.20856,-0.402548,4.22777,,-2.13399,10.9106,2.46997,1.10064,fluid
1486,5.46842,0.470991,,1002.24,639.556,35369.9,,3.53675,-0.464866,3.56717,,-4.87566,11.286,1.57793,1.476,fluid
1487,5.99271,0.484888,,1002.33,678.88,36774.6,,4.15059,-0.513851,4.18228,,-2.65654,11.3971,3.46577,1.58715,fluid
1488,6.01229,0.580383,,1003.15,704.923,49910.4,,4.33484,-0.792043,4.4066,,-1.82914,13.3163,6.44619,3.50625,fluid
1489,5.8038,0.519232,,1003.14,625.981,49748.5,,3.70395,-0.590553,3.75073,,-7.13716,11.7209,1.40772,1.91088,fluid
1490,5.35694,0.560323,,1003.52,582.5,55857.8,,3.20717,-0.678975,3.27825,,-2.51025,12.1071,7.88033,2.29713,fluid
1491,5.78901,0.599476,,1003.95,647.774,62766.9,,3.83852,-0.886807,3.93962,,-10.977,16.5178,-0.177217,6.70783,fluid
1492,5.55659,0.645564,,1003.97,699.459,63105.6,,3.93552,-1.17965,4.10852,,-6.70749,20.7813,4.60446,10.9713,fluid
1493,5.70987,0.828937,,1004.33,581.914,68880.5,,3.24705,-1.23879,3.47533,,-11.3717,4.01383,0.63967,-5.79617,fluid
1494,5.60475,0.901999,,1004.08,588.545,64806,,3.22885,-0.929536,3.35998,,-11.6905,5.21483,-0.174791,-4.59517,fluid
1495,5.2718,0.729302,,1004.95,598.489,78876.4,,3.21502,-1.77724,3.67354,,-2.11229,15.5441,12.7759,5.73409,fluid
1496,5.42801,0.902028,,1003.12,688.364,49421.8,,3.67211,-1.39233,3.92721,,-3.91684,7.69481,5.15981,-2.11519,fluid
1497,5.29559,0.961247,,1003.4,536.608,53936.1,,2.85843,-1.3778,3.17316,,-7.08512,11.497,3.06547,1.68701,fluid
1498,5.37043,1.05366,,1002.49,643.821,39341.2,,3.46742,-1.22992,3.67909,,-4.62338,14.0326,2.68396,4.22256,fluid
1499,5.31572,1.10933,,1002.43,602.562,38402.1,,3.24617,-1.29802,3.49607,,-4.6716,16.0471,2.53515,6.23714,fluid
1500,5.23439,1.14773,,1002.72,537.488,43099,,2.88019,-1.58878,3.28934,,-4.72086,15.3473,3.49059,5.53733,fluid
1501,5.10157,1.16206,,1003.77,367.558,59797.8,,1.89728,-2.23016,2.92802,,-11.5391,11.0761,0.138334,1.26605,fluid
1502,5.13033,1.2578,,1003.21,480.517,50811.2,,2.52235,-1.89545,3.15515,,-5.71627,13.8012,4.15615,3.99125,fluid
1503,5.11806,1.33701,,1003,509.173,47556.3,,2.6627,-1.81321,3.22144,,-3.97964,13.9514,5.28442,4.14143,fluid
1504,5.0665,1.401,,1003.35,456.851,53118.7,,2.33832,-1.94605,3.04218,,-8.65909,12.406,1.7902,2.596,fluid
1505,5.05933,1.48014,,1003.08,497.172,48804.4,,2.5385,-1.93454,3.19161,,-6.17497,12.7026,3.44182,2.89261,fluid
1506,5.02565,1.54895,,1003.09,484.776,48987.7,,2.44451,-2.04728,3.18857,,-8.22978,12.2973,1.48771,2.48731,fluid
1507,5.00017,1.62222,,1002.95,496.695,46720.3,,2.48978,-2.11348,3.26586,,-8.24141,12.7434,1.07485,2.9334,fluid
1508,4.96905,1.6951,,1002.84,505.291,45006.7,,2.51768,-2.1937,3.33932,,-8.58986,13.336,0.441865,3.52602,fluid
1509,4.9331,1.76865,,1002.76,515.09,43678.4,,2.5491,-2.29159,3.42772,,-8.86735,13.8566,-0.0375645,4.0466,fluid
1510,4.89247,1.84419,,1002.69,527.511,42624.6,,2.59001,-2.40632,3.53533,,-8.96196,14.2412,-0.27308,4.43121,fluid
1511,4.84918,1.92473,,1002.62,546.583,41510.3,,2.65958,-2.52192,3.66517,,-8.56902,14.502,-0.0311569,4.692,fluid
1512,4.80087,2.01038,,1002.55,567.058,40296.4,,2.72806,-2.63546,3.79315,,-7.95622,14.5398,0.416017,4.72975,fluid
1513,4.74732,2.10059,,1002.46,585.21,38929.1,,2.78071,-2.74463,3.90708,,-7.21041,14.5112,0.969683,4.70116,fluid
1514,4.68884,2.19448,,1002.37,598.805,37519.3,,2.8079,-2.85531,4.00463,,-6.4808,14.4744,1.5021,4.66437,fluid
1515,4.62579,2.2917,,1002.29,606.911,36181.9,,2.80621,-2.96871,4.0851,,-5.8497,14.4758,1.95423,4.66584,fluid
1516,4.56027,2.39322,,1002.22,610.816,35049.1,,2.78283,-3.07873,4.15003,,-5.38328,14.5377,2.28546,4.72767,fluid
1517,4.49214,2.49902,,1002.16,611.369,34156.8,,2.74079,-3.18639,4.20298,,-5.13196,14.5929,2.45533,4.7829,fluid
1518,4.42243,2.60949,,1002.1,610.774,33214.1,,2.69139,-3.28937,4.25012,,-5.01953,14.5817,2.47509,4.77169,fluid
1519,4.35037,2.72355,,1002.03,609.724,31997,,2.639,-3.39184,4.29754,,-4.93553,14.5293,2.4046,4.71926,fluid
1520,4.27612,2.84126,,1001.92,608.572,30378.6,,2.58657,-3.49653,4.34926,,-4.78641,14.491,2.30419,4.68096,fluid
1521,4.19879,2.96284,,1001.8,606.892,28392,,2.5315,-3.60433,4.4045,,-4.54177,14.4668,2.20805,4.65678,fluid
1522,4.11796,3.08795,,1001.67,604.239,26279.5,,2.47046,-3.7141,4.46068,,-4.21385,14.4725,2.1572,4.66253,fluid
1523,4.03405,3.21638,,1001.55,600.239,24396.2,,2.40134,-3.82731,4.51827,,-3.84001,14.5246,2.1982,4.71458,fluid
1524,3.94864,3.34913,,1001.46,595.296,22980.5,,2.32752,-3.93963,4.57581,,-3.4456,14.5888,2.36579,4.77882,fluid
1525,3.86284,3.4861,,1001.39,590.732,21912.3,,2.25723,-4.04749,4.63435,,-3.07755,14.5796,2.58718,4.76961,fluid
1526,3.77794,3.62747,,1001.29,586.596,20367.1,,2.19352,-4.15631,4.69962,,-2.74215,14.4803,2.64196,4.67029,fluid
1527,3.697,3.77454,,1001.11,579.785,17447.2,,2.12438,-4.27361,4.7725,,-2.35955,14.262,2.3545,4.45201,fluid
1528,3.61992,3.92396,,1000.9,564.997,14135.8,,2.02619,-4.40863,4.85195,,-1.91027,13.9899,1.99125,4.17987,fluid
1529,3.54449,4.07396,,1000.79,544.496,12352.7,,1.90727,-4.56416,4.94664,,-1.40979,13.8982,2.07252,4.08818,fluid
1530,3.46449,4.2297,,1000.8,532.141,12562.8,,1.82125,-4.6864,5.02785,,-0.883868,13.9958,2.7394,4.18583,fluid
1531,3.35199,4.38906,,1000.77,536.123,12038.3,,1.78086,-4.7713,5.09282,,-0.319487,14.3842,3.26914,4.57418,fluid
1532,3.25784,4.56796,,1000.4,516.998,6237.87,,1.68548,-4.75624,5.04605,,0.443821,14.785,2.35779,4.97498,fluid
1533,3.20328,4.72457,,1000.07,434.134,1173.01,,1.38584,-5.0291,5.21655,,1.0878,13.0862,1.45396,3.27625,fluid
1534,3.15828,4.85102,,1000.16,450.913,2570.88,,1.42089,-5.32282,5.50921,,1.2164,13.6897,2.03027,3.87968,fluid
1535,3.2641,4.97148,,1000.2,530.105,3164.17,,1.72847,-5.58456,5.84593,,1.59252,13.8915,2.5617,4.08152,fluid
1536,5.17233,-0.048921,,1000.31,232.797,4841.08,,1.2271,-0.0697662,1.22908,,-2.21074,9.99793,-1.27507,0.187929,fluid
1537,6.11847,0.0667224,,1000.33,396.52,5248.05,,2.43927,-0.0852599,2.44076,,0.609957,10.0215,1.46741,0.211548,fluid
1538,7.12206,0.126432,,999.594,443.551,0,,3.17455,-0.097547,3.17604,,-0.636022,10.0859,-0.636022,0.275912,fluid
1539,6.67653,0.158824,,1000.5,495.504,7868.93,,3.34415,-0.117733,3.34622,,0.54939,10.1893,1.7274,0.379271,fluid
1540,7.63469,0.199354,,999.822,575.324,0,,4.40857,-0.12868,4.41045,,-0.021634,10.1809,-0.021634,0.370899,fluid
1541,7.48205,0.227313,,1000.49,584.43,7718.36,,4.43001,-0.15182,4.43261,,0.282764,10.3086,1.31384,0.498617,fluid
1542,7.19504,0.250228,,1000.36,553.253,5647.37,,4.03721,-0.174023,4.04096,,-0.721724,10.3851,0.062892,0.575144,fluid
1543,7.54126,0.286511,,1000.62,635.481,9813.2,,4.86876,-0.199627,4.87285,,0.759371,10.4281,2.05983,0.618088,fluid
1544,7.35237,0.302309,,1000.91,651.491,14318.6,,4.84822,-0.223012,4.85334,,-1.31009,10.4981,0.635625,0.68811,fluid
1545,7.0037,0.320556,,1000.8,596.595,12570,,4.23934,-0.247124,4.24654,,-1.59769,10.5283,0.195641,0.718315,fluid
1546,7.36982,0.362116,,1001.29,697.58,20300.3,,5.20593,-0.296471,5.21437,,-0.95372,10.713,1.79725,0.902987,fluid
1547,6.79002,0.365541,,1001.29,666.235,20320.3,,4.58128,-0.300841,4.59115,,1.12807,10.568,4.1169,0.758006,fluid
1548,7.05732,0.395288,,1001.2,695.403,18906.4,,4.96677,-0.354781,4.97943,,-3.0794,10.7978,-0.403631,0.98777,fluid
1549,7.07375,0.447075,,1001.62,738.773,25559.5,,5.29214,-0.454086,5.31158,,-3.91655,11.1417,-0.309114,1.33173,fluid
1550,6.18024,0.446067,,1002.06,649.363,32460.5,,4.04324,-0.428135,4.06585,,-2.99601,10.8689,2.24552,1.05889,fluid
1551,6.69959,0.444765,,1001.93,730.964,30489.2,,4.99407,-0.442792,5.01366,,1.72471,11.1151,6.26684,1.30511,fluid
1552,6.93171,0.484562,,1002.17,725.939,34276.9,,5.0645,-0.539607,5.09317,,-5.50134,11.3113,-0.567099,1.50128,fluid
1553,6.57265,0.5402,,1003.31,671.841,52545.4,,4.54696,-0.696262,4.59996,,-4.4802,12.6463,3.48794,2.83627,fluid
1554,6.45144,0.506609,,1002.68,672.506,42462.3,,4.40619,-0.567896,4.44263,,-9.47836,11.6346,-2.91415,1.82464,fluid
1555,6.27462,0.551487,,1002.9,715.228,45980.7,,4.50453,-0.694493,4.55776,,-6.45694,12.4101,0.849889,2.60015,fluid
1556,6.16762,0.652637,,1004.17,722.273,66317.5,,4.49971,-1.25945,4.67264,,-4.83356,17.6154,5.87428,7.80541,fluid
1557,6.32428,0.760855,,1004.88,608.248,77757.4,,3.738,-1.77589,4.13841,,-8.12553,6.54955,4.1098,-3.26045,fluid
1558,6.20429,0.887567,,1004.17,569.243,66331.9,,3.48126,-1.139,3.66286,,-7.95104,4.98267,2.69583,-4.82733,fluid
1559,5.85275,0.672176,,1005.32,560.506,84901.3,,3.42205,-1.5465,3.75527,,-6.30247,24.9182,8.12695,15.1082,fluid
1560,5.98184,0.820791,,1003.92,702.776,62308,,4.14519,-1.70136,4.48076,,-1.23662,5.83187,9.13887,-3.97813,fluid
1561,5.92086,0.911437,,1003.38,622.418,53638.5,,3.69454,-1.42005,3.95805,,-3.76269,9.82247,5.26601,0.0124715,fluid
1562,5.94542,1.01385,,1002.55,651.898,40258,,3.91027,-1.10079,4.06226,,-3.25004,13.872,3.50402,4.06203,fluid
1563,5.86463,1.05833,,1002.48,600.485,39286.4,,3.59017,-1.21746,3.79098,,-3.45674,15.8696,3.22554,6.05955,fluid
1564,5.77048,1.08092,,1002.83,542.087,44724.7,,3.19448,-1.60371,3.57443,,-3.66334,15.067,4.06543,5.25697,fluid
1565,5.66098,1.10065,,1003.56,444.83,56402.8,,2.51839,-2.09344,3.27487,,-8.64064,12.4259,1.28748,2.61587,fluid
1566,5.65835,1.18948,,1003.16,496.629,50090.3,,2.85314,-1.86104,3.40644,,-5.47401,14.3843,3.35054,4.57427,fluid
1567,5.64935,1.274,,1002.86,539.055,45231.3,,3.10753,-1.75285,3.5678,,-2.4889,14.6678,5.49474,4.85778,fluid
1568,5.5944,1.33578,,1003.19,505.518,50546.5,,2.85916,-1.91252,3.43984,,-5.65361,12.8835,3.35286,3.07355,fluid
1569,5.55793,1.40547,,1003.23,502.529,51208.8,,2.80927,-1.98276,3.4385,,-6.62425,12.3806,2.55972,2.57056,fluid
1570,5.52501,1.47581,,1003.17,508.53,50226.9,,2.81585,-2.04681,3.48115,,-7.04564,12.5417,2.01645,2.73168,fluid
1571,5.48719,1.54512,,1003.07,512.415,48670.6,,2.80882,-2.13504,3.52815,,-7.83991,12.87,1.00278,3.06002,fluid
1572,5.44862,1.61634,,1002.91,523.477,46103,,2.8474,-2.21154,3.60535,,-7.99388,13.5646,0.442955,3.75464,fluid
1573,5.40426,1.68731,,1002.76,533.616,43682.8,,2.8811,-2.30629,3.69049,,-8.1257,14.146,-0.0649016,4.33602,fluid
1574,5.35458,1.76007,,1002.63,545.576,41622.5,,2.92447,-2.4189,3.79521,,-8.03093,14.6085,-0.27807,4.79845,fluid
1575,5.30221,1.83933,,1002.52,563.795,39838.4,,2.99994,-2.52551,3.92145,,-7.37103,14.9309,0.123634,5.1209,fluid
1576,5.2439,1.92429,,1002.44,581.618,38602.4,,3.06518,-2.63589,4.04268,,-6.5591,14.9501,0.784359,5.14006,fluid
1577,5.18002,2.01432,,1002.39,596.397,37798.3,,3.104,-2.74622,4.14446,,-5.78157,14.7871,1.49797,4.97709,fluid
1578,5.11101,2.10786,,1002.35,605.894,37182.2,,3.10713,-2.8586,4.22207,,-5.15316,14.6492,2.10468,4.83918,fluid
1579,5.0381,2.20451,,1002.31,609.887,36446.4,,3.07757,-2.97594,4.28108,,-4.69626,14.573,2.52126,4.76305,fluid
1580,4.96345,2.30526,,1002.26,610.094,35646.5,,3.02887,-3.09024,4.32708,,-4.43233,14.5649,2.73331,4.75494,fluid
1581,4.88751,2.41036,,1002.2,608.466,34788,,2.97036,-3.20127,4.36705,,-4.33985,14.6069,2.76225,4.79685,fluid
1582,4.81125,2.5202,,1002.13,606.917,33650.5,,2.9127,-3.3072,4.40697,,-4.29473,14.6318,2.68454,4.82182,fluid
1583,4.73381,2.63382,,1002.04,605.538,32189.6,,2.85662,-3.41211,4.45002,,-4.20204,14.6324,2.58407,4.8224,fluid
1584,4.65476,2.75113,,1001.93,604.148,30445.7,,2.80099,-3.52064,4.49894,,-4.03177,14.614,2.49641,4.80396,fluid
1585,4.57326,2.87253,,1001.81,602.324,28485.3,,2.74269,-3.63401,4.55285,,-3.78466,14.5938,2.43278,4.78378,fluid
1586,4.48822,2.99769,,1001.68,599.759,26495.1,,2.67849,-3.75057,4.6088,,-3.49177,14.6055,2.40158,4.79546,fluid
1587,4.39997,3.1265,,1001.57,596.265,24754.9,,2.60703,-3.86886,4.66526,,-3.1736,14.6781,2.44373,4.8681,fluid
1588,4.30956,3.26004,,1001.49,592.034,23429.8,,2.53084,-3.98486,4.72063,,-2.83048,14.7578,2.59814,4.94784,fluid
1589,4.218,3.39849,,1001.42,588.003,22356.4,,2.45751,-4.09578,4.77648,,-2.48773,14.7433,2.80501,4.9333,fluid
1590,4.12666,3.54158,,1001.31,583.69,20717.1,,2.38824,-4.20679,4.83744,,-2.161,14.6403,2.85272,4.83029,fluid
1591,4.0386,3.69044,,1001.12,576.073,17684.3,,2.30998,-4.32517,4.90338,,-1.79683,14.4415,2.57708,4.63147,fluid
1592,3.95372,3.84217,,1000.91,561.79,14307.6,,2.20433,-4.45828,4.97346,,-1.37502,14.178,2.24046,4.36804,fluid
1593,3.87122,3.99469,,1000.79,544.66,12491.2,,2.08692,-4.61311,5.0632,,-0.895865,14.0956,2.32826,4.28561,fluid
1594,3.79095,4.1528,,1000.81,535.781,12751.1,,2.00813,-4.74151,5.14923,,-0.377834,14.201,2.983,4.39098,fluid
1595,3.68917,4.31659,,1000.79,541.906,12461.2,,1.98124,-4.82471,5.21566,,0.166695,14.5136,3.54181,4.70355,fluid
1596,3.58934,4.50079,,1000.39,526.102,6197.21,,1.88978,-4.80012,5.15872,,0.920094,14.9087,2.64597,5.09866,fluid
1597,3.51506,4.66221,,1000.07,446.546,1058.86,,1.56225,-5.0863,5.32082,,1.58923,13.1372,1.89045,3.32717,fluid
1598,3.45947,4.78889,,1000.17,457.724,2658.73,,1.57787,-5.36504,5.59225,,1.64037,13.8262,2.40877,4.01623,fluid
1599,3.55244,4.91349,,1000.21,524.084,3222.88,,1.85762,-5.61981,5.91887,,1.97982,14.0036,2.88686,4.19358,fluid
1600,5.49521,-0.0511008,,1000.43,204.599,6809.39,,1.08559,-0.0648187,1.08752,,-1.59025,10.0069,-0.351641,0.19688,fluid
1601,6.7599,0.065007,,1000.14,420.926,2256.08,,2.85466,-0.0779618,2.85573,,-0.0490844,10.0594,0.284613,0.249392,fluid
1602,8.06608,0.126453,,999.268,510.084,0,,4.16749,-0.0861583,4.16838,,0.452335,10.1019,0.452335,0.291947,fluid
1603,7.56689,0.157943,,999.867,529.945,0,,4.02885,-0.106716,4.03026,,0.369286,10.117,0.369286,0.306963,fluid
1604,8.53084,0.19839,,999.53,602.459,0,,5.23178,-0.11573,5.23306,,-0.31735,10.2365,-0.31735,0.426458,fluid
1605,8.16786,0.224892,,999.785,596.787,0,,4.94707,-0.138666,4.94901,,1.11399,10.3295,1.11399,0.519505,fluid
1606,7.99784,0.247175,,1000.23,623.292,3676.78,,5.06894,-0.15977,5.07145,,0.811731,10.4272,1.27135,0.617152,fluid
1607,8.45735,0.281074,,1000.15,647.563,2288.7,,5.54445,-0.182731,5.54746,,-0.340307,10.5014,-0.0697301,0.69136,fluid
1608,8.28885,0.300317,,1000.01,690.888,152.04,,5.80553,-0.203253,5.80909,,0.0820337,10.5717,0.100376,0.761673,fluid
1609,7.98089,0.31637,,1000.76,665.486,11925.1,,5.39125,-0.231307,5.39621,,0.582036,10.6492,2.07511,0.839193,fluid
1610,8.25631,0.356997,,1000.4,741.752,6276.3,,6.2282,-0.278521,6.23443,,-0.0756603,10.8387,0.684219,1.02871,fluid
1611,7.88313,0.352749,,1000.92,692.312,14442.5,,5.49842,-0.281714,5.50563,,-0.429666,10.7127,1.40073,0.902736,fluid
1612,7.70657,0.383684,,1000.89,697.733,14028.2,,5.44643,-0.331139,5.45648,,-1.34086,10.9304,0.477806,1.1204,fluid
1613,7.79896,0.43406,,1001.31,752.242,20698.7,,5.91415,-0.428166,5.92963,,-1.79697,11.3076,0.853586,1.4976,fluid
1614,7.1911,0.411549,,1001.77,632.548,27953.4,,4.6597,-0.386513,4.6757,,-1.12301,11.0411,2.75735,1.23111,fluid
1615,7.35335,0.447832,,1001.99,712.99,31437.2,,5.34041,-0.44882,5.35923,,-0.784008,11.2071,3.48272,1.39709,fluid
1616,7.46627,0.489788,,1002.12,769.648,33460.8,,5.82904,-0.547591,5.85471,,0.249412,11.5347,4.72153,1.72467,fluid
1617,7.31663,0.579401,,1003.25,742.107,51469.5,,5.58597,-0.87484,5.65406,,-1.15554,14.6325,5.85628,4.8225,fluid
1618,7.10418,0.571054,,1003.29,682.452,52081,,4.96989,-0.806502,5.0349,,-4.34389,13.5127,2.96314,3.70275,fluid
1619,6.93708,0.522761,,1002.7,711.777,42776.1,,4.97422,-0.635447,5.01465,,-6.05485,11.6705,0.0948188,1.86048,fluid
1620,6.61241,0.581597,,1003.62,702.08,57500.7,,4.79702,-0.842818,4.8705,,-0.5573,13.9011,8.10718,4.09105,fluid
1621,6.94024,0.683494,,1005.2,644.168,82861,,4.49517,-1.68306,4.79992,,-6.37749,20.1825,5.49998,10.3725,fluid
1622,6.83123,0.820105,,1004.58,625.624,72863.2,,4.16152,-1.44238,4.4044,,-5.19773,3.44626,5.41983,-6.36374,fluid
1623,6.6169,0.64465,,1004.35,726.519,69111.9,,5.01906,-1.35175,5.1979,,-0.723834,24.0889,9.67573,14.2789,fluid
1624,6.61505,0.763991,,1004.13,742.861,65620.9,,4.86239,-1.57126,5.10996,,-1.95142,10.2542,7.92772,0.444152,fluid
1625,6.4709,0.827962,,1003.93,594.392,62369.7,,3.83388,-1.5116,4.12112,,-5.42215,8.45991,4.17863,-1.35009,fluid
1626,6.57193,0.993648,,1002.61,673.912,41233,,4.41378,-0.871834,4.49906,,-5.70818,11.1551,0.54961,1.34513,fluid
1627,6.42455,1.00187,,1002.56,607.8,40497.5,,3.94298,-1.2146,4.12582,,-2.3736,13.2355,3.91386,3.42548,fluid
1628,6.36663,1.05153,,1002.5,597.674,39604.2,,3.84861,-1.32167,4.06923,,-1.70598,14.8024,4.49907,4.99245,fluid
1629,6.23495,1.04916,,1003.34,501.002,52889.6,,3.11064,-1.97945,3.68704,,-5.60411,11.8247,2.85045,2.01475,fluid
1630,6.23694,1.13881,,1002.87,555.483,45407.5,,3.50215,-1.73639,3.90897,,-2.63467,14.8603,4.62491,5.05033,fluid
1631,6.20056,1.21183,,1002.8,564.694,44336.1,,3.54478,-1.74192,3.94965,,-2.40061,15.2383,4.72976,5.4283,fluid
1632,6.14129,1.2712,,1002.96,544.125,46948.1,,3.37632,-1.89513,3.87183,,-4.03596,14.001,3.58611,4.19104,fluid
1633,6.08886,1.33562,,1003.04,532.879,48186.3,,3.27341,-1.98198,3.82667,,-5.04002,13.0997,2.84982,3.28969,fluid
1634,6.041,1.40166,,1003.06,528.885,48485.4,,3.21764,-2.04345,3.81168,,-5.83271,12.7715,2.16886,2.96148,fluid
1635,5.9941,1.46912,,1003.02,532.075,47830.8,,3.20424,-2.11793,3.84094,,-6.3312,12.8259,1.62442,3.01586,fluid
1636,5.94826,1.54011,,1002.9,545.094,45987.7,,3.25096,-2.1878,3.91857,,-6.20461,13.3746,1.50429,3.56457,fluid
1637,5.89467,1.60959,,1002.78,555.026,43945.9,,3.27549,-2.29427,3.99906,,-6.40029,13.8686,1.03427,4.05858,fluid
1638,5.83652,1.68082,,1002.62,567.882,41489.2,,3.3194,-2.41375,4.10422,,-6.35238,14.364,0.737581,4.55402,fluid
1639,5.77346,1.75762,,1002.48,582.995,39198.3,,3.37855,-2.52685,4.21895,,-5.93406,14.7682,0.838551,4.95823,fluid
1640,5.70379,1.84073,,1002.38,596.802,37692.6,,3.42492,-2.63907,4.32375,,-5.3649,15.0082,1.22773,5.19816,fluid
1641,5.62825,1.93012,,1002.34,607.737,37058.2,,3.44387,-2.75209,4.40843,,-4.80167,14.9165,1.76726,5.10648,fluid
1642,5.54726,2.02337,,1002.34,614.346,36939,,3.42695,-2.86903,4.46938,,-4.29859,14.7127,2.34485,4.90271,fluid
1643,5.46311,2.11951,,1002.32,616.485,36739.9,,3.37833,-2.99134,4.51235,,-3.8975,14.5806,2.812,4.77065,fluid
1644,5.37819,2.21931,,1002.29,614.756,36216.9,,3.30929,-3.1089,4.54056,,-3.68312,14.5025,3.03552,4.6925,fluid
1645,5.29334,2.32342,,1002.24,611.21,35317.9,,3.23279,-3.21782,4.56128,,-3.63361,14.5311,3.02365,4.72108,fluid
1646,5.20891,2.43222,,1002.15,607.744,33972.9,,3.16043,-3.32172,4.58499,,-3.59849,14.6202,2.9096,4.81024,fluid
1647,5.12458,2.54518,,1002.05,605.178,32318.5,,3.09554,-3.42688,4.61799,,-3.50776,14.7146,2.78593,4.90456,fluid
1648,5.03934,2.66187,,1001.93,603.233,30495.6,,3.03408,-3.5388,4.66141,,-3.34534,14.7597,2.69449,4.94965,fluid
1649,4.95227,2.78272,,1001.81,601.277,28554.8,,2.97063,-3.65706,4.71155,,-3.11428,14.7705,2.64131,4.96051,fluid
1650,4.86218,2.90768,,1001.69,598.774,26633.4,,2.90165,-3.77863,4.7642,,-2.82977,14.786,2.63866,4.97602,fluid
1651,4.76869,3.03662,,1001.59,595.52,25004.6,,2.82618,-3.90101,4.81718,,-2.51488,14.8596,2.72033,5.04959,fluid
1652,4.67267,3.17064,,1001.51,591.637,23781.8,,2.74682,-4.01999,4.86881,,-2.18445,14.9537,2.89744,5.14372,fluid
1653,4.57481,3.31008,,1001.44,587.752,22725,,2.66958,-4.134,4.92104,,-1.86768,14.9533,3.09259,5.14326,fluid
1654,4.47676,3.45456,,1001.33,582.893,20964.1,,2.59303,-4.24803,4.9769,,-1.56845,14.8532,3.1082,5.04321,fluid
1655,4.38144,3.60485,,1001.13,573.989,17777.3,,2.50242,-4.36939,5.03525,,-1.23906,14.6512,2.81377,4.84121,fluid
1656,4.28844,3.75832,,1000.91,559.146,14373.6,,2.38413,-4.50375,5.09587,,-0.854552,14.3833,2.49409,4.57332,fluid
1657,4.19749,3.91289,,1000.8,543.724,12647.3,,2.26235,-4.65863,5.1789,,-0.400565,14.3181,2.61007,4.50809,fluid
1658,4.11284,4.0728,,1000.83,536.907,13029.3,,2.18541,-4.79154,5.26639,,0.0919824,14.4534,3.25731,4.64335,fluid
1659,4.01851,4.24023,,1000.82,544.5,12952.5,,2.16965,-4.87399,5.33509,,0.600778,14.7181,3.82134,4.90808,fluid
1660,3.91722,4.43033,,1000.39,531.75,6072.6,,2.08671,-4.84027,5.27091,,1.32357,15.0577,2.8732,5.24774,fluid
1661,3.82662,4.59554,,1000.06,455.918,901.471,,1.73563,-5.14533,5.43018,,2.02046,13.201,2.25602,3.39102,fluid
1662,3.76114,4.72246,,1000.17,463.755,2716.51,,1.73697,-5.41099,5.68295,,2.01662,13.936,2.73875,4.12599,fluid
1663,3.84103,4.85046,,1000.21,518.843,3283.3,,1.98747,-5.65691,5.99588,,2.3099,14.105,3.16452,4.29501,fluid
1664,6.0591,-0.0526451,,1000.4,256.533,6256.68,,1.55076,-0.0601387,1.55193,,-1.75574,9.98684,-0.723546,0.176838,fluid
1665,7.58459,0.0650078,,999.49,440.061,0,,3.3383,-0.0705352,3.33905,,-0.631213,9.99837,-0.631213,0.188368,fluid
1666,9.14516,0.130323,,997.713,557.812,0,,5.17318,-0.0730628,5.1737,,-1.18789,10.1263,-1.18789,0.316335,fluid
1667,8.64556,0.16188,,999.631,565.076,0,,4.94865,-0.0943508,4.94955,,0.146221,10.1973,0.146221,0.387311,fluid
1668,9.27144,0.199786,,998.6,626.076,0,,5.8147,-0.103385,5.81561,,-0.405355,10.2297,-0.405355,0.419661,fluid
1669,8.98791,0.226057,,998.709,612.017,0,,5.70758,-0.125276,5.70896,,0.871822,10.3184,0.871822,0.508385,fluid
1670,8.65013,0.243217,,999.862,654.01,0,,5.72866,-0.144934,5.73049,,0.780117,10.3655,0.780117,0.555501,fluid
1671,9.47107,0.281364,,999.81,695.705,0,,6.69665,-0.159069,6.69854,,0.872251,10.494,0.872251,0.683983,fluid
1672,9.21744,0.293876,,999.057,721.876,0,,6.70179,-0.177115,6.70413,,-0.313455,10.5813,-0.313455,0.771281,fluid
1673,9.05491,0.313572,,999.338,710.091,0,,6.59872,-0.20265,6.60184,,0.54348,10.656,0.54348,0.845992,fluid
1674,9.06074,0.34621,,999.723,729.498,0,,6.7658,-0.2449,6.77023,,0.533409,10.8583,0.533409,1.04825,fluid
1675,8.68909,0.34672,,1000.36,734.435,5682.37,,6.49162,-0.25765,6.49673,,1.79006,10.9002,2.44379,1.09018,fluid
1676,8.8256,0.383338,,1000.37,763.599,5883.33,,6.89391,-0.312196,6.90098,,1.76122,11.1712,2.42759,1.36115,fluid
1677,8.59443,0.39755,,1000.93,761.721,14658.4,,6.64493,-0.345341,6.6539,,0.409109,11.0867,2.11309,1.27671,fluid
1678,8.51771,0.416795,,1001.2,759.25,18828.8,,6.54232,-0.385045,6.55364,,-1.19867,11.2655,1.00925,1.45554,fluid
1679,8.13406,0.418197,,1001.14,754.728,17978.9,,6.28022,-0.392266,6.29246,,0.0477904,11.1873,2.25559,1.37734,fluid
1680,7.96575,0.460029,,1001.91,719.051,30093.5,,5.82481,-0.486864,5.84512,,0.299839,11.6001,4.07052,1.79007,fluid
1681,8.13345,0.511591,,1002.19,773.261,34591.5,,6.43334,-0.633038,6.46441,,-0.662165,12.2353,3.58154,2.42532,fluid
1682,7.85845,0.573343,,1003.33,710.714,52817.2,,5.7,-0.863982,5.76511,,-1.35429,14.8324,5.34446,5.02238,fluid
1683,7.7117,0.483047,,1001.86,754.699,29392.3,,5.90717,-0.547991,5.93253,,-2.7047,11.7224,1.09962,1.91238,fluid
1684,7.64578,0.538432,,1002.75,741.48,43553.3,,5.76033,-0.710649,5.804,,-3.81131,12.6278,1.86945,2.8178,fluid
1685,7.64101,0.633728,,1004.32,716.208,68712.1,,5.616,-1.25572,5.75468,,-4.06547,20.6723,4.88838,10.8623,fluid
1686,7.54186,0.817821,,1004.41,655.38,70096.9,,4.82294,-1.60111,5.08176,,-4.14481,0.538071,5.10879,-9.27193,fluid
1687,7.38221,0.668735,,1004.34,800.416,69022.7,,6.02,-1.55207,6.21686,,-0.170036,20.1007,9.13943,10.2907,fluid
1688,7.23291,0.70141,,1004.61,721.161,73383.7,,5.25302,-1.72338,5.52849,,-1.62662,17.0182,8.47261,7.20821,fluid
1689,7.12909,0.789749,,1004.09,660.84,64987.5,,4.60359,-1.65317,4.89142,,-2.4355,6.04567,6.64318,-3.76433,fluid
1690,7.13259,0.929332,,1002.78,679.497,44043.5,,4.80348,-1.00475,4.90744,,-1.09167,8.76817,5.06615,-1.04183,fluid
1691,7.05581,0.98537,,1002.64,651.779,41750.9,,4.5874,-1.0077,4.69678,,-1.35106,11.9528,4.55062,2.14284,fluid
1692,6.93065,0.982499,,1003.04,592.358,48215.2,,4.0943,-1.58595,4.39073,,-1.29553,10.8332,5.64017,1.02317,fluid
1693,6.8661,1.02479,,1003.06,568.825,48497.6,,3.90543,-1.72399,4.26902,,-3.04921,12.3271,3.99256,2.51705,fluid
1694,6.80442,1.07347,,1003.03,546.518,47935.3,,3.73571,-1.85635,4.17151,,-5.02064,13.1367,2.00284,3.32667,fluid
1695,6.79503,1.16407,,1002.61,596.264,41270.8,,4.12003,-1.58707,4.41513,,-1.53951,16.7219,4.51835,6.91195,fluid
1696,6.71597,1.20712,,1002.83,565.371,44765.2,,3.85464,-1.847,4.2743,,-3.82155,15.0015,2.82515,5.19147,fluid
1697,6.65388,1.26537,,1002.9,559.192,45956.5,,3.77369,-1.94661,4.24618,,-4.34881,14.2632,2.53793,4.4532,fluid
1698,6.59471,1.3283,,1002.97,559.181,47020.6,,3.72934,-2.01349,4.23817,,-4.59957,13.605,2.50938,3.79495,fluid
1699,6.53536,1.39233,,1003.01,563.082,47742.7,,3.70605,-2.09926,4.25931,,-5.00043,13.1249,2.2829,3.31487,fluid
1700,6.47785,1.46141,,1002.98,575.545,47187.9,,3.74074,-2.17621,4.32771,,-5.08354,13.3198,2.17933,3.50978,fluid
1701,6.41318,1.53098,,1002.9,585.8,45837.6,,3.75718,-2.28136,4.39557,,-5.46898,13.6463,1.65779,3.83632,fluid
1702,6.34146,1.60174,,1002.74,596.45,43321.8,,3.77564,-2.40454,4.4763,,-5.72867,14.0654,1.0842,4.2554,fluid
1703,6.26469,1.67728,,1002.53,608.922,40017.1,,3.81102,-2.52556,4.57191,,-5.46079,14.5964,0.910805,4.78639,fluid
1704,6.18078,1.75797,,1002.34,619.926,37058.6,,3.8383,-2.64858,4.66342,,-4.74976,14.9487,1.23199,5.13875,fluid
1705,6.09112,1.84532,,1002.25,626.874,35631.7,,3.83712,-2.76387,4.7289,,-3.87803,15.0573,1.9586,5.24734,fluid
1706,5.99653,1.93739,,1002.27,628.551,35824.2,,3.79181,-2.87781,4.76021,,-3.13153,15.0097,2.82912,5.19972,fluid
1707,5.89994,2.03299,,1002.32,625.597,36664.7,,3.70918,-2.99551,4.76772,,-2.7349,14.9247,3.46515,5.11468,fluid
1708,5.80386,2.13212,,1002.34,620.381,36928.1,,3.6088,-3.11613,4.76798,,-2.7392,14.8008,3.60865,4.99082,fluid
1709,5.70953,2.23532,,1002.28,615.135,36063.2,,3.51339,-3.22849,4.77148,,-2.87916,14.7115,3.42277,4.9015,fluid
1710,5.61681,2.34306,,1002.17,611.235,34349.1,,3.43145,-3.33251,4.78335,,-2.91701,14.7968,3.18514,4.98685,fluid
1711,5.52461,2.45511,,1002.04,608.297,32272.3,,3.35951,-3.43748,4.80651,,-2.82604,14.9298,3.0036,5.11979,fluid
1712,5.43201,2.57134,,1001.91,605.872,30230.3,,3.29134,-3.55077,4.84158,,-2.63904,15.0006,2.91554,5.19058,fluid
1713,5.33795,2.69179,,1001.79,603.539,28321.7,,3.22082,-3.67374,4.8857,,-2.39778,15.0158,2.89844,5.20579,fluid
1714,5.24142,2.81646,,1001.68,600.812,26573.6,,3.14434,-3.80094,4.93295,,-2.1265,15.039,2.93489,5.22902,fluid
1715,5.14182,2.94545,,1001.6,597.483,25165.7,,3.06165,-3.92692,4.9794,,-1.83499,15.1198,3.05154,5.30982,fluid
1716,5.03944,3.07989,,1001.53,593.753,24152.1,,2.97629,-4.04784,5.02427,,-1.52898,15.1985,3.2563,5.38849,fluid
1717,4.93495,3.22018,,1001.47,589.913,23148.7,,2.89404,-4.16507,5.07182,,-1.23949,15.1792,3.4444,5.36918,fluid
1718,4.82989,3.36574,,1001.35,584.468,21201.2,,2.81002,-4.2832,5.1227,,-0.979608,15.059,3.40409,5.24897,fluid
1719,4.72711,3.51719,,1001.13,574.133,17774.2,,2.70564,-4.40836,5.17244,,-0.708053,14.8384,3.04776,5.02839,fluid
1720,4.62558,3.67199,,1000.91,558.167,14349.4,,2.57147,-4.54545,5.22241,,-0.383238,14.5676,2.71613,4.75763,fluid
1721,4.52538,3.82824,,1000.81,543.331,12778.8,,2.44074,-4.70059,5.29649,,0.0455499,14.5413,2.86707,4.73127,fluid
1722,4.43363,3.98958,,1000.85,537.648,13337.6,,2.36134,-4.83616,5.38186,,0.525661,14.7294,3.5314,4.91942,fluid
1723,4.34243,4.15989,,1000.86,546.156,13473.2,,2.35307,-4.91843,5.45233,,1.01371,14.9704,4.11375,5.16042,fluid
1724,4.24216,4.3554,,1000.38,535.732,5900.69,,2.28022,-4.87628,5.38308,,1.7025,15.2336,3.09294,5.42357,fluid
1725,4.13783,4.52411,,1000.05,463.217,745.573,,1.90702,-5.20413,5.54253,,2.40294,13.2956,2.58312,3.48558,fluid
1726,4.06318,4.6515,,1000.18,469.242,2757.98,,1.89872,-5.45912,5.77989,,2.35691,14.0517,3.03556,4.24175,fluid
1727,4.13119,4.78249,,1000.21,515.088,3348.2,,2.12233,-5.6971,6.07957,,2.61518,14.2175,3.42547,4.40752,fluid
1728,6.50429,-0.0535894,,999.22,245.745,0,,1.62621,-0.0555809,1.62716,,-2.01589,9.99696,-2.01589,0.186958,fluid
1729,8.18809,0.0655248,,999.135,450.969,0,,3.69476,-0.0634848,3.6953,,-0.621498,10.0836,-0.621498,0.273602,fluid
1730,10.063,0.135086,,998.141,579.789,0,,6.04379,-0.0614971,6.0441,,-0.681128,9.99326,-0.681128,0.183257,fluid
1731,9.91394,0.168443,,998.065,619.426,0,,6.18198,-0.0763751,6.18245,,-0.858683,10.1673,-0.858683,0.357263,fluid
1732,9.5978,0.197123,,999.356,606.784,0,,5.98313,-0.0967017,5.98391,,1.0919,10.1459,1.0919,0.335946,fluid
1733,10.0815,0.230349,,998.535,669.042,0,,6.89924,-0.106668,6.90007,,0.96505,10.2176,0.96505,0.407644,fluid
1734,9.55862,0.242943,,999.536,668.778,0,,6.56978,-0.125204,6.57097,,1.06515,10.3053,1.06515,0.495295,fluid
1735,10.4848,0.282508,,998.812,730.635,0,,7.87966,-0.13211,7.88077,,1.08632,10.3991,1.08632,0.589087,fluid
1736,10.102,0.289765,,998.67,748.013,0,,7.67854,-0.150868,7.68002,,1.25745,10.4511,1.25745,0.641061,fluid
1737,10.0716,0.314864,,999.01,758.31,0,,7.76837,-0.17651,7.77038,,1.45101,10.5262,1.45101,0.71621,fluid
1738,9.92181,0.339747,,999.545,762.101,0,,7.6132,-0.2093,7.61608,,0.700341,10.7263,0.700341,0.916291,fluid
1739,9.57987,0.34235,,999.908,754.636,0,,7.41241,-0.222924,7.41576,,1.99957,10.8088,1.99957,0.998757,fluid
1740,9.79539,0.378735,,999.765,800.354,0,,7.94573,-0.268949,7.95028,,0.411728,11.0399,0.411728,1.2299,fluid
1741,9.49811,0.377762,,1000.41,779.225,6440.35,,7.52424,-0.281864,7.52952,,1.68219,11.2139,2.35998,1.4039,fluid
1742,9.44641,0.414915,,1000.81,786.057,12774.2,,7.52684,-0.357334,7.53532,,1.1466,11.6246,2.49779,1.81463,fluid
1743,9.24642,0.411148,,1000.2,815.033,3189.52,,7.60917,-0.356875,7.61753,,-0.427248,11.61,-0.0823713,1.79999,fluid
1744,8.95116,0.43418,,1000.9,785.616,14112.5,,7.17941,-0.416061,7.19146,,0.589999,11.7789,2.1652,1.96891,fluid
1745,8.86488,0.478056,,1001.53,791.823,24178.8,,7.1646,-0.535539,7.18459,,1.6113,12.344,4.33461,2.53405,fluid
1746,8.66448,0.528437,,1002.63,764.118,41596.5,,6.76859,-0.70577,6.80529,,1.83273,13.1471,6.62095,3.33712,fluid
1747,8.4771,0.475782,,1001.88,759.501,29601.4,,6.53416,-0.527744,6.55544,,-1.98323,11.8055,1.50216,1.99547,fluid
1748,8.2585,0.493162,,1002.07,754.722,32749,,6.36214,-0.579598,6.38849,,-0.0454888,11.8349,3.91179,2.02485,fluid
1749,8.41547,0.564306,,1002.95,777.054,46776.9,,6.69644,-0.860248,6.75147,,-2.91722,14.9415,2.62485,5.13147,fluid
1750,8.30114,0.686637,,1004.87,735.589,77552.8,,6.13102,-1.80999,6.39261,,-2.84586,16.9495,6.45129,7.1395,fluid
1751,8.13983,0.645761,,1004.24,772.804,67335.8,,6.45587,-1.43494,6.61342,,-1.97305,22.2675,6.26444,12.4575,fluid
1752,7.97366,0.645003,,1004.33,745.375,68827,,6.12883,-1.50789,6.3116,,1.19291,24.9063,9.78752,15.0963,fluid
1753,7.87647,0.749918,,1004.56,733.969,72637.7,,5.60524,-1.77468,5.87947,,0.635436,6.49308,9.81564,-3.31692,fluid
1754,7.83766,0.886541,,1003.24,715.709,51368.2,,5.53187,-1.12906,5.64592,,-0.0878763,5.28908,6.44498,-4.52092,fluid
1755,7.71454,0.908044,,1003.16,668.682,50031,,5.13552,-1.32328,5.30326,,-0.950623,7.29317,5.51425,-2.51683,fluid
1756,7.63515,0.970163,,1002.78,646.604,43954.8,,4.98294,-1.15382,5.11478,,-0.956325,12.4933,4.78463,2.68333,fluid
1757,7.51026,0.970373,,1003.21,595.629,50827.4,,4.46111,-1.68496,4.76871,,-2.83641,10.4481,3.90968,0.638132,fluid
1758,7.45604,1.02217,,1002.96,594.908,46820,,4.44165,-1.70356,4.75714,,-3.00089,13.0541,3.26007,3.24413,fluid
1759,7.39894,1.07357,,1002.79,597.392,44190.6,,4.43585,-1.76438,4.77387,,-2.93528,14.6569,3.02065,4.84693,fluid
1760,7.33684,1.12781,,1002.71,602.075,42934.2,,4.44109,-1.83217,4.80418,,-2.64087,15.5056,3.19515,5.69565,fluid
1761,7.26639,1.17956,,1002.72,602.057,43088.6,,4.4052,-1.94685,4.81622,,-2.8913,15.4594,3.02243,5.64941,fluid
1762,7.19645,1.23853,,1002.75,604.916,43482,,4.39475,-2.02637,4.83942,,-3.31597,15.2311,2.70963,5.42107,fluid
1763,7.12566,1.30415,,1002.76,611.424,43667.4,,4.40564,-2.10342,4.88201,,-3.80179,14.7155,2.30954,4.90552,fluid
1764,7.05074,1.37299,,1002.75,621.027,43463.2,,4.42493,-2.20636,4.9445,,-4.17418,14.2325,1.97328,4.42249,fluid
1765,6.96782,1.44456,,1002.7,631.503,42651,,4.42875,-2.31815,4.99876,,-4.23791,13.9322,1.86677,4.12218,fluid
1766,6.87697,1.51829,,1002.59,641.415,41035.2,,4.41641,-2.41988,5.03592,,-3.93943,14.0408,2.01219,4.23077,fluid
1767,6.77996,1.59435,,1002.44,650.527,38591.4,,4.40202,-2.52101,5.0728,,-3.1588,14.3499,2.51932,4.53988,fluid
1768,6.67759,1.67461,,1002.29,654.764,36249.9,,4.36971,-2.62279,5.09641,,-2.21916,14.8814,3.197,5.07137,fluid
1769,6.57023,1.75939,,1002.22,651.179,35094.6,,4.2971,-2.73353,5.09286,,-1.64765,15.5511,3.68198,5.74113,fluid
1770,6.4612,1.8493,,1002.24,642.484,35333.8,,4.18626,-2.85837,5.06903,,-1.63785,15.8839,3.81856,6.07385,fluid
1771,6.35245,1.94342,,1002.31,633.5,36476.2,,4.0592,-2.98629,5.03935,,-1.95717,15.7218,3.77167,5.9118,fluid
1772,6.24604,2.04204,,1002.35,627.9,37181,,3.9389,-3.1096,5.01843,,-2.26031,15.369,3.67845,5.559,fluid
1773,6.14178,2.14483,,1002.3,624,36370.7,,3.83438,-3.22521,5.01044,,-2.35764,14.9632,3.55061,5.15315,fluid
1774,6.03941,2.25181,,1002.18,620.547,34392,,3.74481,-3.33257,5.01294,,-2.28101,14.8603,3.40121,5.05027,fluid
1775,5.93772,2.36266,,1002.02,616.794,31916.3,,3.66234,-3.44239,5.02621,,-2.12672,15.012,3.23761,5.202,fluid
1776,5.83592,2.47789,,1001.88,612.955,29647.4,,3.58097,-3.55999,5.04944,,-1.9337,15.1911,3.13692,5.38105,fluid
1777,5.73304,2.59777,,1001.77,609.445,27890.3,,3.49697,-3.6863,5.08111,,-1.69936,15.2739,3.15689,5.46387,fluid
1778,5.62834,2.72226,,1001.68,606.193,26544.9,,3.40914,-3.81764,5.11826,,-1.44428,15.3107,3.26408,5.50067,fluid
1779,5.52118,2.85132,,1001.62,602.667,25492,,3.31821,-3.94768,5.15701,,-1.18295,15.3819,3.42674,5.57193,fluid
1780,5.41163,2.98622,,1001.56,598.782,24671.4,,3.2263,-4.07118,5.19457,,-0.925833,15.4436,3.62601,5.63359,fluid
1781,5.29998,3.12731,,1001.5,594.473,23572.2,,3.13661,-4.19126,5.23498,,-0.672775,15.4154,3.76819,5.60543,fluid
1782,5.18776,3.27398,,1001.35,588.009,21305.3,,3.04169,-4.31352,5.27809,,-0.428924,15.2614,3.67238,5.45141,fluid
1783,5.07713,3.42643,,1001.12,576.342,17650.8,,2.92099,-4.44319,5.31734,,-0.186797,14.9975,3.28583,5.18747,fluid
1784,4.96661,3.58228,,1000.91,559.359,14301.6,,2.76962,-4.58422,5.35592,,0.0868471,14.7248,2.96377,4.91483,fluid
1785,4.85647,3.73997,,1000.82,544.619,12976.8,,2.62785,-4.73977,5.41951,,0.479114,14.758,3.14897,4.94804,fluid
1786,4.75592,3.90268,,1000.87,539.412,13748.5,,2.54361,-4.87634,5.49988,,0.940471,15.0179,3.82877,5.20791,fluid
1787,4.66394,4.07536,,1000.89,548.206,14053.7,,2.53893,-4.95855,5.57076,,1.39996,15.2647,4.41055,5.45473,fluid
1788,4.5651,4.27553,,1000.36,539.102,5638.65,,2.47436,-4.90894,5.49729,,2.06327,15.4448,3.29799,5.63476,fluid
1789,4.44878,4.44743,,1000.04,469.547,590.367,,2.07893,-5.26232,5.65808,,2.75344,13.4162,2.88614,3.60622,fluid
1790,4.3658,4.57552,,1000.18,474.44,2801.86,,2.06361,-5.50843,5.88228,,2.68783,14.1977,3.32949,4.38774,fluid
1791,4.42278,4.70894,,1000.22,512.959,3414.49,,2.26323,-5.73931,6.16943,,2.91785,14.3495,3.68971,4.53949,fluid
1792,6.91337,-0.0529423,,1000.46,246.104,7235.14,,1.69823,-0.0502198,1.69898,,0.340059,9.96372,1.38612,0.15372,fluid
1793,8.85325,0.0682999,,999.017,467.438,0,,4.15507,-0.0557939,4.15545,,-0.203014,9.95576,-0.203014,0.145765,fluid
1794,10.9274,0.141012,,997.151,626.77,0,,6.83296,-0.0523966,6.83316,,-1.58149,10.1127,-1.58149,0.302668,fluid
1795,10.9067,0.174943,,997.3,659.237,0,,7.14886,-0.0647206,7.14915,,-0.942637,10.1473,-0.942637,0.337259,fluid
1796,10.5312,0.20063,,998.243,640.558,0,,6.9838,-0.0801074,6.98426,,0.319164,10.1217,0.319164,0.311726,fluid
1797,11.0915,0.234601,,998.03,695.098,0,,7.98407,-0.0885498,7.98456,,1.01591,10.1053,1.01591,0.295256,fluid
1798,10.5098,0.245547,,998.507,687.366,0,,7.46139,-0.105151,7.46213,,0.814425,10.2441,0.814425,0.434082,fluid
1799,11.359,0.284968,,997.395,757.116,0,,8.67033,-0.115176,8.67109,,-0.417119,10.2011,-0.417119,0.39114,fluid
1800,11.1218,0.291156,,997.974,769.475,0,,8.87208,-0.124351,8.87296,,1.16481,10.2743,1.16481,0.464289,fluid
1801,11.0757,0.314893,,998.432,781.952,0,,8.94938,-0.145989,8.95057,,1.64196,10.4622,1.64196,0.652215,fluid
1802,10.9479,0.340875,,999.209,796.75,0,,8.83768,-0.178797,8.83949,,1.36162,10.7586,1.36162,0.948624,fluid
1803,10.5656,0.337832,,998.83,778.089,0,,8.45123,-0.185196,8.45325,,0.842861,10.5886,0.842861,0.778627,fluid
1804,10.8184,0.372523,,999.392,832.218,0,,9.00256,-0.223488,9.00533,,0.135074,10.8797,0.135074,1.0697,fluid
1805,10.5275,0.374288,,999.349,807.794,0,,8.73682,-0.234055,8.73996,,1.13802,10.8863,1.13802,1.07628,fluid
1806,10.425,0.398694,,1000.07,817.742,1106.81,,8.68349,-0.278943,8.68797,,2.06373,11.3631,2.16989,1.55306,fluid
1807,10.2329,0.406856,,999.711,848.694,0,,8.75391,-0.304793,8.75921,,2.14925,11.5676,2.14925,1.75763,fluid
1808,9.96601,0.428734,,1000.5,818.99,7787.42,,8.26689,-0.366751,8.27502,,0.562985,11.6965,1.344,1.88654,fluid
1809,9.78749,0.45332,,1000.67,845.164,10492,,8.36289,-0.433749,8.37413,,0.140654,12.0594,1.21192,2.24941,fluid
1810,9.63357,0.493403,,1001.23,839.348,19306,,8.28597,-0.562469,8.30504,,2.6651,12.8237,4.66668,3.01366,fluid
1811,9.39436,0.484067,,1001.61,795.878,25399.5,,7.61496,-0.543796,7.63435,,0.461056,12.7806,3.16041,2.97063,fluid
1812,9.10538,0.478953,,1001.51,766.925,23884.5,,7.1303,-0.542422,7.1509,,-0.392805,12.5508,2.22635,2.74076,fluid
1813,9.16494,0.531327,,1002.06,815.887,32577.3,,7.65145,-0.73712,7.68687,,-0.326203,14.0182,3.22103,4.20817,fluid
1814,9.08182,0.625099,,1004.13,762.898,65678.5,,7.15709,-1.36688,7.28644,,-2.68706,23.4673,4.51505,13.6573,fluid
1815,8.89757,0.602465,,1003.65,794.5,57869.2,,7.26949,-1.10965,7.35369,,0.701477,20.3718,7.18178,10.5618,fluid
1816,8.72643,0.599894,,1003.73,777.432,59145.3,,7.03706,-1.1261,7.12659,,4.29842,21.5486,11.051,11.7386,fluid
1817,8.6463,0.696357,,1004.86,784.595,77328.9,,6.7689,-1.803,7.00491,,3.22591,15.6837,12.1263,5.87368,fluid
1818,8.54432,0.770912,,1004.19,751.924,66580.2,,6.29827,-1.7651,6.54093,,0.813178,3.72065,8.57301,-6.08935,fluid
1819,8.45587,0.84976,,1003.25,711.116,51445.8,,5.98195,-1.35583,6.13367,,-0.0975017,5.77671,5.96685,-4.03329,fluid
1820,8.35206,0.901976,,1003,679.495,47524.4,,5.65305,-1.23928,5.78729,,-0.319427,8.68649,5.35369,-1.12351,fluid
1821,8.25735,0.941945,,1003.02,663.212,47768,,5.43045,-1.3309,5.59116,,-0.231686,9.92017,5.53583,0.110166,fluid
1822,8.17216,0.971787,,1003.05,657.665,48263.9,,5.30859,-1.5535,5.53123,,-0.357615,10.302,5.53034,0.491972,fluid
1823,8.09551,1.00867,,1002.95,659.897,46788.6,,5.28937,-1.70951,5.55876,,-0.538601,11.9946,5.22395,2.18456,fluid
1824,8.01626,1.04989,,1002.8,663.431,44292.4,,5.29426,-1.832,5.60227,,-1.09078,14.3316,4.41912,4.52158,fluid
1825,7.93401,1.10083,,1002.59,665.434,40991.4,,5.29808,-1.89417,5.6265,,-1.89119,16.736,3.26199,6.92603,fluid
1826,7.8439,1.15684,,1002.4,663.091,37946.8,,5.25722,-1.96235,5.61152,,-2.5776,17.8955,2.24855,8.08551,fluid
1827,7.74908,1.21778,,1002.27,662.495,35938.8,,5.20857,-2.0673,5.60384,,-2.80125,17.4759,1.82604,7.66588,fluid
1828,7.64861,1.28543,,1002.26,667.037,35728.3,,5.17613,-2.19279,5.62145,,-2.3428,15.9525,2.31788,6.14254,fluid
1829,7.54133,1.35767,,1002.36,674.161,37348.7,,5.1447,-2.31944,5.64338,,-1.49135,14.5374,3.44952,4.72745,fluid
1830,7.42784,1.4317,,1002.5,680.051,39467.2,,5.0905,-2.43418,5.64256,,-0.940667,13.9938,4.35952,4.18377,fluid
1831,7.31049,1.5073,,1002.53,682.202,40004.3,,5.00779,-2.54002,5.61513,,-0.918295,14.4182,4.54008,4.60816,fluid
1832,7.18941,1.58619,,1002.46,677.577,38865.2,,4.88285,-2.62885,5.54555,,-1.14617,15.2038,4.24646,5.39378,fluid
1833,7.06631,1.66883,,1002.37,667.286,37452.4,,4.72588,-2.73062,5.45805,,-1.38909,15.8485,3.89851,6.03849,fluid
1834,6.94459,1.75681,,1002.32,656.535,36691.2,,4.57517,-2.86207,5.39664,,-1.48687,15.7945,3.78431,5.98445,fluid
1835,6.82522,1.85023,,1002.32,647.61,36718.6,,4.44369,-2.99247,5.35736,,-1.56133,15.4485,3.80604,5.63846,fluid
1836,6.70848,1.94829,,1002.33,640.913,36813.4,,4.32487,-3.1094,5.32662,,-1.69785,15.334,3.77698,5.52397,fluid
1837,6.59349,2.05022,,1002.27,636.324,35857.2,,4.21193,-3.22045,5.30204,,-1.75417,15.2318,3.67179,5.42178,fluid
1838,6.47966,2.15598,,1002.15,632.402,33908.6,,4.10559,-3.32891,5.2856,,-1.62078,15.1101,3.60111,5.30012,fluid
1839,6.36642,2.26556,,1002,628.298,31578.6,,4.00419,-3.44493,5.28215,,-1.3892,15.1459,3.56108,5.33592,fluid
1840,6.2533,2.37956,,1001.86,623.659,29411.9,,3.90493,-3.57066,5.29132,,-1.20156,15.3086,3.49311,5.49859,fluid
1841,6.13979,2.49865,,1001.76,618.831,27726.8,,3.80467,-3.70155,5.3082,,-1.04817,15.5161,3.45982,5.70613,fluid
1842,6.02518,2.62287,,1001.69,614.454,26596.3,,3.70242,-3.83363,5.3296,,-0.855744,15.6722,3.55101,5.86216,fluid
1843,5.90897,2.75231,,1001.64,610.503,25881.5,,3.59966,-3.96375,5.35434,,-0.590951,15.7499,3.78191,5.93993,fluid
1844,5.79098,2.88789,,1001.6,606.44,25308.9,,3.49881,-4.08983,5.38223,,-0.318388,15.7265,4.04502,5.9165,fluid
1845,5.67147,3.02989,,1001.53,601.431,24057.6,,3.40016,-4.21411,5.41478,,-0.0911525,15.6385,4.14424,5.82846,fluid
1846,5.55159,3.17773,,1001.35,593.366,21297.7,,3.29166,-4.34063,5.44758,,0.0860961,15.4573,3.91725,5.64729,fluid
1847,5.43285,3.33137,,1001.1,580.151,17347.2,,3.15228,-4.47503,5.47382,,0.257036,15.1601,3.44654,5.35008,fluid
1848,5.31274,3.48819,,1000.9,562.542,14124.7,,2.98285,-4.62069,5.49984,,0.50182,14.9015,3.15808,5.09153,fluid
1849,5.19206,3.64725,,1000.84,548.211,13181.9,,2.82903,-4.77643,5.55137,,0.919592,15.0149,3.45633,5.20494,fluid
1850,5.08164,3.81135,,1000.91,543.501,14267.2,,2.7384,-4.91246,5.62415,,1.42172,15.3544,4.22677,5.54435,fluid
1851,4.98586,3.98619,,1000.94,552.09,14741.2,,2.7337,-4.99508,5.6942,,1.88067,15.6038,4.83451,5.79385,fluid
1852,4.88734,4.19029,,1000.34,542.914,5304.56,,2.67349,-4.93967,5.61675,,2.48731,15.683,3.57231,5.87299,fluid
1853,4.75974,4.36529,,1000.03,475.59,447.006,,2.25407,-5.31992,5.77775,,3.08473,13.569,3.17864,3.75898,fluid
1854,4.66931,4.49401,,1000.18,479.752,2842.54,,2.23315,-5.55839,5.99021,,3.00034,14.3764,3.609,4.56643,fluid
1855,4.71561,4.62964,,1000.22,512.228,3480.21,,2.4108,-5.78274,6.26515,,3.2102,14.5139,3.94805,4.70393,fluid
1856,7.3908,-0.0517626,,998.882,242.29,0,,1.88028,-0.0473808,1.88087,,-0.702293,9.9635,-0.702293,0.153501,fluid
1857,9.66658,0.0732431,,998.367,506.658,0,,4.9108,-0.0492223,4.91105,,-1.25434,10.0356,-1.25434,0.22564,fluid
1858,11.7802,0.14888,,998.139,621.806,0,,7.44088,-0.0464648,7.44103,,-0.0412813,9.97428,-0.0412813,0.164276,fluid
1859,11.9005,0.183322,,997.474,646.726,0,,8.03801,-0.0553714,8.0382,,0.700811,10.1502,0.700811,0.340166,fluid
1860,11.5336,0.206843,,997.666,701.158,0,,7.87492,-0.069507,7.87523,,-1.23451,10.0449,-1.23451,0.234942,fluid
1861,12.1254,0.241123,,996.372,705.009,0,,9.01925,-0.0719085,9.01953,,0.980509,10.1081,0.980509,0.29813,fluid
1862,11.5192,0.25029,,997.871,740.328,0,,8.33146,-0.0908074,8.33195,,-0.9239,10.1612,-0.9239,0.351232,fluid
1863,12.2893,0.289209,,995.95,747.145,0,,9.58326,-0.0947118,9.58373,,-0.283878,10.1909,-0.283878,0.380901,fluid
1864,12.1673,0.296526,,996.077,777.733,0,,9.92759,-0.0998963,9.92809,,0.26382,10.4004,0.26382,0.590436,fluid
1865,12.0251,0.315345,,997.504,772.88,0,,9.91638,-0.11656,9.91707,,2.35575,10.5252,2.35575,0.715205,fluid
1866,12.0113,0.343904,,997.967,789.529,0,,10.0876,-0.141234,10.0886,,2.92149,10.7154,2.92149,0.905351,fluid
1867,11.6532,0.338253,,999.335,834.488,0,,9.50285,-0.153177,9.50408,,0.761225,10.6017,0.761225,0.791658,fluid
1868,11.7834,0.36903,,999.706,830.792,0,,9.98032,-0.18017,9.98195,,2.96299,10.873,2.96299,1.06296,fluid
1869,11.5538,0.378623,,999.195,868.275,0,,9.83689,-0.201899,9.83896,,-0.436554,10.8397,-0.436554,1.02973,fluid
1870,11.4575,0.394974,,999.012,877.239,0,,9.96029,-0.227673,9.9629,,-1.11716,11.0562,-1.11716,1.2462,fluid
1871,11.2034,0.406441,,998.709,857.861,0,,9.91087,-0.258207,9.91423,,1.33243,11.3491,1.33243,1.53912,fluid
1872,10.9559,0.427308,,1000.14,848.162,2207.22,,9.50817,-0.317052,9.51346,,1.90984,11.816,2.11127,2.00599,fluid
1873,10.7681,0.445587,,1000.12,875.969,1888.55,,9.41917,-0.3692,9.4264,,-0.388718,11.9262,-0.213356,2.11622,fluid
1874,10.5731,0.462063,,1000.17,863.5,2648.05,,9.30248,-0.422,9.31204,,0.578423,12.1142,0.828834,2.30417,fluid
1875,10.3747,0.477208,,1001,846.023,15804.4,,8.9395,-0.473429,8.95203,,2.13324,12.7513,3.65508,2.94134,fluid
1876,10.1436,0.472726,,1000.71,838.876,11169.8,,8.70952,-0.484025,8.72296,,3.07883,12.6961,4.17922,2.88606,fluid
1877,10.069,0.513251,,1001.5,839.469,23714.5,,8.6647,-0.625198,8.68723,,2.20856,13.6163,4.56023,3.80625,fluid
1878,9.93335,0.555502,,1002.56,824.638,40444.6,,8.40887,-0.808823,8.44768,,-0.215349,15.3691,3.84586,5.55913,fluid
1879,9.77771,0.577584,,1002.94,835.438,46523.7,,8.39306,-0.941747,8.44573,,0.121223,17.2535,4.86543,7.44352,fluid
1880,9.61214,0.584562,,1002.92,830.551,46286.8,,8.22992,-0.972901,8.28722,,3.21437,18.0219,8.01579,8.21186,fluid
1881,9.4816,0.617878,,1003.73,803.094,59158,,7.92175,-1.27824,8.02422,,3.98864,24.4053,10.2047,14.5953,fluid
1882,9.36484,0.64786,,1004.4,780.077,70008.9,,7.55203,-1.65528,7.7313,,3.19526,27.0008,10.6382,17.1908,fluid
1883,9.26545,0.721022,,1004.49,796.162,71472.3,,7.24528,-1.93451,7.49909,,3.2808,10.4152,10.9601,0.605173,fluid
1884,9.15881,0.812041,,1003.62,763.684,57463.4,,6.86217,-1.57637,7.0409,,2.30006,2.91789,8.55153,-6.89211,fluid
1885,9.04847,0.874223,,1003.39,730.438,53696.5,,6.55479,-1.42795,6.70853,,1.53654,5.31789,7.45082,-4.49211,fluid
1886,8.94336,0.905875,,1003.4,717.848,53904.9,,6.3718,-1.6017,6.57003,,0.563434,6.52498,6.57038,-3.28502,fluid
1887,8.84907,0.934426,,1003.23,718.8,51226,,6.31562,-1.75597,6.55518,,-0.468612,8.85295,5.3016,-0.957051,fluid
1888,8.75467,0.972333,,1002.85,723.829,45074.6,,6.31239,-1.79876,6.56368,,-1.46506,12.3907,3.66896,2.58071,fluid
1889,8.65179,1.02322,,1002.35,728.873,37114.7,,6.30607,-1.78513,6.55387,,-1.63422,15.9411,2.64556,6.13107,fluid
1890,8.53645,1.07997,,1001.95,731.678,30830.7,,6.26702,-1.83168,6.52921,,-0.76791,17.8161,2.83671,8.00613,fluid
1891,8.40915,1.14034,,1001.84,728.637,28972.2,,6.18093,-1.95113,6.48157,,0.572368,18.0334,4.01137,8.22344,fluid
1892,8.27586,1.20424,,1001.97,721.779,31136.4,,6.06538,-2.10693,6.42091,,1.2375,17.4597,4.99241,7.64968,fluid
1893,8.13978,1.27251,,1002.2,713.667,34781.5,,5.92236,-2.25161,6.33594,,0.83637,16.7333,5.10001,6.92329,fluid
1894,8.00134,1.34452,,1002.39,704.665,37781.6,,5.73816,-2.3787,6.21166,,-0.335736,16.1324,4.37491,6.32239,fluid
1895,7.86117,1.4195,,1002.48,697.14,39174.8,,5.53869,-2.50236,6.07774,,-1.09248,15.4272,3.87854,5.61719,fluid
1896,7.72243,1.4968,,1002.5,691.848,39498.9,,5.36222,-2.62237,5.96911,,-0.855248,14.9269,4.24684,5.11691,fluid
1897,7.58719,1.576,,1002.47,686.803,39117.8,,5.2117,-2.75478,5.89497,,-0.339747,15.0035,4.8033,5.19349,fluid
1898,7.45484,1.66078,,1002.39,677.968,37785.8,,5.0619,-2.8783,5.82301,,-0.315051,15.4054,4.74149,5.5954,fluid
1899,7.32449,1.75235,,1002.29,666.634,36191.1,,4.90722,-2.98508,5.74382,,-0.7295,15.7219,4.20032,5.91187,fluid
1900,7.19579,1.84933,,1002.21,657.818,34877,,4.76661,-3.09492,5.68324,,-0.99359,15.6762,3.84259,5.86625,fluid
1901,7.06835,1.95021,,1002.16,653.059,34048.3,,4.64604,-3.20963,5.64689,,-0.93179,15.5029,3.87486,5.69293,fluid
1902,6.9415,2.05438,,1002.08,650.214,32834.9,,4.53079,-3.32705,5.62115,,-0.759011,15.4757,3.96141,5.6657,fluid
1903,6.81462,2.16239,,1001.96,645.489,31001.6,,4.40866,-3.44642,5.5959,,-0.592835,15.6254,3.94752,5.81536,fluid
1904,6.68774,2.27521,,1001.85,639.339,29165.1,,4.27981,-3.57319,5.57534,,-0.42536,15.821,3.92758,6.011,fluid
1905,6.56109,2.39349,,1001.76,632.984,27715.7,,4.15317,-3.70728,5.56712,,-0.221725,15.957,3.99512,6.14698,fluid
1906,6.43447,2.51739,,1001.7,626.974,26890.2,,4.03295,-3.8428,5.57062,,-0.0520707,16.0857,4.1199,6.2757,fluid
1907,6.30741,2.64727,,1001.68,621.586,26466.8,,3.91701,-3.97368,5.57971,,0.0877716,16.1805,4.27689,6.37048,fluid
1908,6.1795,2.7838,,1001.64,616.266,25932.7,,3.80258,-4.10064,5.5924,,0.236324,16.1324,4.426,6.32235,fluid
1909,6.05086,2.92678,,1001.54,610.062,24311.5,,3.68821,-4.22905,5.6114,,0.443683,15.9681,4.45536,6.15813,fluid
1910,5.92261,3.07576,,1001.33,600.679,20987.2,,3.56091,-4.36259,5.63137,,0.645128,15.7006,4.184,5.89057,fluid
1911,5.79514,3.23057,,1001.07,586.155,16859,,3.40105,-4.50492,5.64459,,0.774033,15.3195,3.68009,5.50948,fluid
1912,5.66511,3.38847,,1000.89,567.924,13935.7,,3.21411,-4.65661,5.65814,,0.930401,15.0799,3.38814,5.26988,fluid
1913,5.53341,3.54904,,1000.86,553.733,13488.9,,3.04852,-4.81153,5.69599,,1.29636,15.312,3.732,5.50201,fluid
1914,5.41239,3.71478,,1000.95,549.81,14915.5,,2.95114,-4.94458,5.75831,,1.84403,15.7765,4.59722,5.96646,fluid
1915,5.31056,3.89184,,1000.98,558.526,15457.5,,2.94349,-5.02775,5.82601,,2.38494,16.055,5.29281,6.24495,fluid
1916,5.21029,4.09968,,1000.3,548.069,4687.18,,2.87983,-4.96949,5.74363,,3.01709,15.9291,3.91642,6.11912,fluid
1917,5.0712,4.27743,,1000.02,482.499,352.901,,2.43424,-5.37882,5.904,,3.49891,13.7288,3.5685,3.9188,fluid
1918,4.97348,4.40679,,1000.19,485.609,2913.34,,2.40838,-5.60912,6.10431,,3.36006,14.5907,3.94573,4.78071,fluid
1919,5.00961,4.54482,,1000.23,513.016,3579.74,,2.56576,-5.8278,6.36761,,3.53675,14.7365,4.25116,4.92651,fluid
1920,7.9296,-0.0488344,,999.019,277.392,0,,2.17555,-0.0426657,2.17597,,-1.15436,9.95033,-1.15436,0.140334,fluid
1921,10.4504,0.0795542,,997.914,508.725,0,,5.45927,-0.0403573,5.45942,,-1.80995,10.0323,-1.80995,0.222251,fluid
1922,12.6981,0.158927,,996.56,689.221,0,,8.28407,-0.0412961,8.28417,,-1.07593,10.0518,-1.07593,0.241816,fluid
1923,12.8874,0.193857,,998.617,707.089,0,,8.82975,-0.0470662,8.82987,,0.517448,9.99549,0.517448,0.185492,fluid
1924,12.6138,0.216015,,996.32,744.353,0,,8.94683,-0.0588264,8.94702,,-0.806466,9.93236,-0.806466,0.122364,fluid
1925,13.1089,0.249689,,998.937,708.821,0,,9.69364,-0.0613404,9.69384,,2.03417,9.96392,2.03417,0.15392,fluid
1926,12.4923,0.256552,,995.905,738.903,0,,9.15825,-0.0763137,9.15857,,-0.891346,10.1833,-0.891346,0.373256,fluid
1927,13.2511,0.296329,,998.539,738.994,0,,10.2222,-0.0784672,10.2225,,1.71228,10.2528,1.71228,0.442813,fluid
1928,13.1637,0.303381,,998.524,781.559,0,,10.6817,-0.0842672,10.682,,1.24761,10.2317,1.24761,0.421709,fluid
1929,13.0376,0.320402,,999.072,807.382,0,,10.8119,-0.0956885,10.8124,,1.95163,10.2654,1.95163,0.455439,fluid
1930,13.0124,0.346715,,999.289,827.943,0,,10.994,-0.115146,10.9946,,2.36482,10.4101,2.36482,0.600114,fluid
1931,12.8026,0.345389,,999.303,869.037,0,,10.8049,-0.121929,10.8056,,2.06669,10.43,2.06669,0.620002,fluid
1932,12.6863,0.367818,,999.149,880.437,0,,10.7457,-0.148798,10.7468,,1.31796,10.6343,1.31796,0.82426,fluid
1933,12.5828,0.3846,,998.782,891.666,0,,10.8669,-0.169973,10.8682,,0.0446667,10.639,0.0446667,0.828971,fluid
1934,12.4889,0.397803,,998.356,902.128,0,,11.0273,-0.188795,11.0289,,-1.33802,10.8441,-1.33802,1.03414,fluid
1935,12.2259,0.407885,,997.179,880.077,0,,11.0369,-0.207968,11.0389,,-0.22028,10.9943,-0.22028,1.18431,fluid
1936,11.9833,0.423182,,999.079,851.776,0,,10.7583,-0.242913,10.761,,3.93806,11.5284,3.93806,1.71844,fluid
1937,11.7909,0.444685,,1000.32,874.488,4953.73,,10.4918,-0.303695,10.4962,,3.75376,11.9263,4.17376,2.11633,fluid
1938,11.59,0.452036,,1000.2,898.756,3150.44,,10.3013,-0.332231,10.3067,,0.214977,11.8486,0.486747,2.03855,fluid
1939,11.4093,0.467145,,999.984,889.409,0,,10.1977,-0.379303,10.2048,,-0.576698,12.301,-0.576698,2.491,fluid
1940,11.2244,0.476463,,999.812,881.216,0,,10.1454,-0.42096,10.1541,,1.84931,12.7604,1.84931,2.95037,fluid
1941,11.0501,0.496865,,1000.71,866.402,11198.8,,9.88112,-0.499395,9.89373,,3.82961,13.232,4.84235,3.42203,fluid
1942,10.9085,0.527021,,1001.61,862.104,25409.7,,9.64513,-0.624772,9.66534,,1.60558,14.3256,3.93119,4.5156,fluid
1943,10.7463,0.542827,,1001.75,871.139,27579.4,,9.53832,-0.724575,9.5658,,-0.243658,15.1301,2.31828,5.32011,fluid
1944,10.5896,0.562052,,1002.03,870.681,31983.9,,9.45701,-0.821407,9.49261,,0.94142,15.7882,3.95563,5.97816,fluid
1945,10.4314,0.576745,,1002.55,854.269,40282.8,,9.15229,-0.905631,9.19699,,2.27666,18.5485,6.12856,8.73855,fluid
1946,10.2949,0.59252,,1002.87,832.311,45501.1,,8.90308,-1.10054,8.97084,,3.9144,23.763,8.32149,13.953,fluid
1947,10.176,0.641475,,1003.92,818.162,62257.2,,8.71457,-1.64686,8.86881,,5.58026,29.0136,11.6744,19.2036,fluid
1948,10.0443,0.714633,,1004.48,829.081,71271.7,,8.30656,-2.08007,8.56304,,4.68653,13.4438,11.7506,3.63376,fluid
1949,9.90799,0.782827,,1004.02,815.362,63818.6,,7.93425,-2.03279,8.19052,,3.02884,2.77275,9.4442,-7.03725,fluid
1950,9.77529,0.829355,,1003.75,797.963,59501.6,,7.68437,-1.95907,7.93016,,1.34623,2.39515,7.41044,-7.41485,fluid
1951,9.65002,0.870784,,1003.4,792.574,53865.1,,7.54546,-1.871,7.77397,,0.0252409,4.67707,5.58821,-5.13293,fluid
1952,9.52479,0.917701,,1002.86,794.353,45330.2,,7.47882,-1.73684,7.67785,,-0.28067,8.05267,4.46492,-1.75733,fluid
1953,9.38914,0.968654,,1002.27,799.434,35909.2,,7.43243,-1.63728,7.61063,,0.622781,12.2644,4.43865,2.45442,fluid
1954,9.23737,1.01839,,1001.79,794.635,28231,,7.32113,-1.65324,7.50548,,2.27786,16.3407,5.32857,6.53072,fluid
1955,9.07695,1.06721,,1001.65,776.022,26101,,7.1091,-1.7813,7.32887,,3.02317,19.37,5.89395,9.56004,fluid
1956,8.91781,1.12038,,1001.76,754.969,27721.3,,6.83895,-1.96369,7.11529,,1.95775,20.4947,5.06083,10.6847,fluid
1957,8.76227,1.18064,,1001.88,739.913,29689.1,,6.59277,-2.16055,6.93776,,0.472563,19.5315,3.85449,9.72152,fluid
1958,8.60675,1.25092,,1002.04,733.104,32208.3,,6.40543,-2.34707,6.82189,,0.0994285,17.2314,3.83403,7.42144,fluid
1959,8.4506,1.32648,,1002.23,728.322,35259.8,,6.24531,-2.50183,6.72778,,0.766764,15.4935,4.92994,5.68348,fluid
1960,8.29691,1.40336,,1002.39,720.351,37750.8,,6.06114,-2.62481,6.60508,,1.17895,15.14,5.71809,5.33004,fluid
1961,8.14727,1.482,,1002.45,710.332,38686.9,,5.84575,-2.73232,6.45278,,0.795219,15.5228,5.53209,5.71281,fluid
1962,8.0007,1.56485,,1002.39,701.023,37810.1,,5.62496,-2.83029,6.29688,,0.148342,15.7607,4.86292,5.9507,fluid
1963,7.85723,1.65226,,1002.28,694.886,35999.7,,5.44984,-2.95243,6.19819,,-0.146145,15.6807,4.42518,5.8707,fluid
1964,7.71501,1.74558,,1002.12,689.41,33557.4,,5.31528,-3.08121,6.14378,,-0.00368411,15.5746,4.33673,5.76461,fluid
1965,7.57202,1.84448,,1002.01,681.259,31705.7,,5.18004,-3.1909,6.08397,,0.19262,15.9529,4.37144,6.14294,fluid
1966,7.42812,1.94729,,1001.95,673.243,30766.2,,5.02724,-3.29957,6.01335,,0.389943,16.3621,4.52375,6.55211,fluid
1967,7.28437,2.05349,,1001.91,666.114,30204,,4.86685,-3.4261,5.95184,,0.56852,16.4996,4.70701,6.68963,fluid
1968,7.14163,2.16437,,1001.88,659.176,29630.5,,4.70892,-3.5663,5.90698,,0.620887,16.511,4.7621,6.70102,fluid
1969,6.99997,2.28153,,1001.81,651.606,28641.4,,4.55545,-3.70685,5.87307,,0.577019,16.5799,4.66125,6.76987,fluid
1970,6.85922,2.40554,,1001.75,643.816,27557.2,,4.41009,-3.84245,5.84922,,0.621433,16.6788,4.63197,6.86879,fluid
1971,6.71906,2.53635,,1001.71,636.663,26962.7,,4.27369,-3.97312,5.83524,,0.800781,16.6226,4.8068,6.81265,fluid
1972,6.57926,2.67389,,1001.67,629.388,26361,,4.14093,-4.10213,5.82879,,0.962811,16.4655,4.96281,6.65554,fluid
1973,6.43992,2.8177,,1001.54,620.89,24319.8,,4.00542,-4.23448,5.82874,,1.0862,16.3304,4.85679,6.52041,fluid
1974,6.30192,2.96758,,1001.3,609.894,20427.3,,3.85378,-4.37693,5.83173,,1.19594,16.0747,4.43319,6.26467,fluid
1975,6.16487,3.12328,,1001.03,594.511,16176.2,,3.6711,-4.53316,5.83323,,1.29889,15.5884,3.92013,5.77841,fluid
1976,6.02422,3.28215,,1000.87,576.215,13716.3,,3.46653,-4.69309,5.83455,,1.45149,15.2953,3.72638,5.48528,fluid
1977,5.88135,3.44462,,1000.89,562.028,13940.3,,3.28981,-4.84502,5.85637,,1.777,15.5887,4.14516,5.77867,fluid
1978,5.74925,3.61231,,1001.01,558.536,15834.2,,3.18678,-4.97125,5.90499,,2.3045,16.1995,5.05587,6.38947,fluid
1979,5.63949,3.79188,,1001.04,567.079,16348,,3.17505,-5.05466,5.96913,,2.86305,16.583,5.75889,6.77297,fluid
1980,5.53532,4.00389,,1000.23,553.878,3594.04,,3.09722,-4.99877,5.88051,,3.44274,16.188,4.09189,6.37797,fluid
1981,5.38358,4.18383,,999.992,491.363,0,,2.62457,-5.43595,6.03638,,3.82337,13.7111,3.82337,3.9011,fluid
1982,5.27853,4.31381,,1000.19,492.56,3053.27,,2.5897,-5.66202,6.22615,,3.78107,14.8253,4.35939,5.01532,fluid
1983,5.30454,4.4542,,1000.24,515.575,3734.24,,2.72806,-5.87461,6.47714,,3.90588,15.0029,4.60968,5.19293,fluid
1984,8.45608,-0.0455763,,999.1,282.353,0,,2.41662,-0.0377938,2.41691,,-1.90525,9.96028,-1.90525,0.15028,fluid
1985,11.2608,0.0878672,,997.188,535.293,0,,6.0881,-0.0366316,6.08821,,-1.24316,9.92521,-1.24316,0.115207,fluid
1986,13.5843,0.171321,,995.147,624.881,0,,8.88639,-0.0314517,8.88644,,0.0394867,9.84587,0.0394867,0.0358667,fluid
1987,13.8702,0.206894,,993.051,715.485,0,,9.65763,-0.0388526,9.6577,,-0.853087,9.80844,-0.853087,-0.0015603,fluid
1988,13.6281,0.228293,,995.049,671.637,0,,9.80172,-0.0457377,9.80183,,0.796666,9.90181,0.796666,0.0918111,fluid
1989,14.1171,0.262278,,997.593,802.762,0,,10.2876,-0.0570176,10.2877,,-1.36928,9.8658,-1.36928,0.0557956,fluid
1990,13.412,0.265603,,997.64,712.192,0,,9.71564,-0.0620446,9.71584,,1.65341,10.2101,1.65341,0.400076,fluid
1991,14.2478,0.307751,,999.377,802.004,0,,10.7374,-0.074958,10.7377,,0.0831228,10.088,0.0831228,0.277959,fluid
1992,14.1463,0.314778,,997.894,881.381,0,,11.2068,-0.0787818,11.2071,,-1.84013,10.0399,-1.84013,0.229918,fluid
1993,14.0492,0.330453,,996.216,906.668,0,,11.4885,-0.0858477,11.4888,,-2.54007,10.037,-2.54007,0.226972,fluid
1994,14.0124,0.354268,,995.925,916.315,0,,11.713,-0.101176,11.7134,,-2.58634,10.1293,-2.58634,0.319254,fluid
1995,13.8487,0.357038,,994.457,853.775,0,,11.7709,-0.104398,11.7713,,-0.652129,10.1017,-0.652129,0.29167,fluid
1996,13.6934,0.373379,,996.122,797.957,0,,11.7612,-0.120334,11.7618,,1.67697,10.3678,1.67697,0.557791,fluid
1997,13.6118,0.393606,,997.593,808.648,0,,11.8689,-0.141668,11.8698,,2.27219,10.3378,2.27219,0.527845,fluid
1998,13.5127,0.405068,,998.675,845.367,0,,11.9674,-0.154683,11.9684,,1.99243,10.6598,1.99243,0.849767,fluid
1999,13.2723,0.41388,,998.787,882.685,0,,11.9304,-0.174885,11.9317,,1.20241,10.7935,1.20241,0.983525,fluid
2000,13.017,0.424605,,999.621,885.346,0,,11.755,-0.197226,11.7566,,2.94409,10.8767,2.94409,1.06666,fluid
2001,12.8579,0.445283,,1000.14,904.684,2222.2,,11.6411,-0.241676,11.6436,,3.07037,11.1322,3.24317,1.3222,fluid
2002,12.6613,0.454223,,1000.08,912.733,1274.74,,11.4164,-0.273208,11.4197,,1.31749,11.3833,1.41816,1.5733,fluid
2003,12.4772,0.464352,,999.528,913.832,0,,11.2846,-0.305462,11.2887,,-0.946332,11.6801,-0.946332,1.87007,fluid
2004,12.3268,0.476277,,998.901,921.408,0,,11.3667,-0.342182,11.3718,,-1.55876,11.8662,-1.55876,2.0562,fluid
2005,12.1443,0.489353,,999.043,897.739,0,,11.2711,-0.38563,11.2777,,1.64057,12.3653,1.64057,2.55531,fluid
2006,11.9765,0.510003,,1000.31,885.602,4813.55,,11.0844,-0.457892,11.0938,,5.08755,12.8565,5.48935,3.04646,fluid
2007,11.7999,0.527066,,1001.28,890.518,20167,,10.822,-0.534144,10.8352,,4.93713,13.9368,6.64403,4.12677,fluid
2008,11.6302,0.541224,,1001.62,903.303,25505,,10.6343,-0.615493,10.6521,,1.67657,15.1585,3.86602,5.34854,fluid
2009,11.4613,0.552524,,1001.63,901.013,25665.5,,10.4316,-0.691337,10.4545,,-0.323986,15.9761,1.91169,6.16611,fluid
2010,11.3098,0.568245,,1001.7,889.924,26849,,10.3437,-0.814432,10.3757,,1.02248,18.1542,3.3924,8.34421,fluid
2011,11.1588,0.597785,,1002.45,871.27,38777.8,,10.2002,-1.08952,10.2582,,3.90867,24.8457,7.37527,15.0357,fluid
2012,10.9928,0.644735,,1003.88,854.315,61592.8,,9.84838,-1.68669,9.99178,,4.82925,33.1016,10.4106,23.2916,fluid
2013,10.8187,0.707321,,1004.4,873.932,70003.3,,9.45123,-2.22744,9.71016,,3.29672,17.6121,9.73897,7.80209,fluid
2014,10.6481,0.769614,,1004.09,875.861,65020.2,,9.16472,-2.1996,9.42499,,1.80157,3.62821,7.88299,-6.18179,fluid
2015,10.4807,0.824838,,1003.55,873.345,56268.7,,8.95317,-1.94075,9.1611,,0.855627,2.0145,6.20547,-7.7955,fluid
2016,10.312,0.873757,,1002.86,868.087,45224.8,,8.78121,-1.67514,8.93956,,1.66392,5.57993,6.03708,-4.23007,fluid
2017,10.1322,0.916972,,1002.13,855.158,33708.6,,8.56276,-1.5135,8.69549,,3.54304,11.0117,6.86283,1.2017,fluid
2018,9.94414,0.953632,,1001.84,825.813,28964,,8.22977,-1.54834,8.37415,,4.87203,15.855,7.77936,6.04502,fluid
2019,9.76278,0.992683,,1001.95,801.91,30724,,7.86794,-1.71336,8.05233,,4.1846,18.4015,7.32553,8.59155,fluid
2020,9.59206,1.04043,,1001.97,791.201,31130.4,,7.58914,-1.90386,7.82431,,2.47994,19.4119,5.71899,9.60188,fluid
2021,9.42678,1.09697,,1001.81,789.037,28580.9,,7.42323,-2.08718,7.71108,,1.50076,19.9819,4.52717,10.1719,fluid
2022,9.26018,1.16071,,1001.67,783.909,26391.7,,7.30332,-2.24624,7.64095,,2.01545,20.0529,4.86071,10.2429,fluid
2023,9.09118,1.23029,,1001.79,770.473,28220.4,,7.11316,-2.39192,7.50455,,2.71903,19.354,5.81764,9.54405,fluid
2024,8.92267,1.30507,,1002.08,754.663,32929.3,,6.85239,-2.54468,7.30962,,2.59555,17.8615,6.27839,8.05151,fluid
2025,8.75735,1.38457,,1002.37,745.273,37436.7,,6.59979,-2.69495,7.12882,,2.07377,16.2776,6.33856,6.46758,fluid
2026,8.59533,1.46644,,1002.48,742.231,39285.7,,6.39317,-2.82028,6.9876,,1.59316,15.5276,6.15241,5.71761,fluid
2027,8.43424,1.55052,,1002.37,738.601,37394.8,,6.21278,-2.92638,6.86749,,1.37219,15.7855,5.79542,5.97553,fluid
2028,8.27095,1.64011,,1002.14,729.067,33749.7,,6.01315,-3.01081,6.7248,,1.39109,16.4235,5.46291,6.61346,fluid
2029,8.10601,1.7346,,1001.97,715.105,31087.8,,5.79662,-3.12289,6.58432,,1.49501,16.8455,5.32263,7.0355,fluid
2030,7.94186,1.83358,,1001.94,701.514,30664.3,,5.58838,-3.26844,6.474,,1.51005,16.8694,5.36367,7.05942,fluid
2031,7.77968,1.93751,,1001.96,690.2,30911.1,,5.38842,-3.41424,6.37904,,1.26811,17.2171,5.23365,7.40711,fluid
2032,7.61923,2.04715,,1001.93,680.625,30530,,5.19438,-3.55602,6.29499,,1.10654,17.3771,5.10577,7.56714,fluid
2033,7.46035,2.16358,,1001.88,672.851,29732.6,,5.01407,-3.69649,6.22936,,1.27691,17.2401,5.25484,7.4301,fluid
2034,7.30296,2.28769,,1001.82,664.995,28781.7,,4.84783,-3.83624,6.18208,,1.53481,17.0728,5.46873,7.26279,fluid
2035,7.14709,2.41955,,1001.75,654.856,27669.5,,4.68473,-3.96925,6.14017,,1.57399,16.9397,5.43865,7.12972,fluid
2036,6.99282,2.55818,,1001.65,643.493,26021.7,,4.52022,-4.09786,6.10121,,1.54068,16.8012,5.25576,6.99121,fluid
2037,6.84065,2.70242,,1001.48,632.953,23278.4,,4.35337,-4.23384,6.07266,,1.67341,16.6438,5.07134,6.83377,fluid
2038,6.69118,2.8527,,1001.24,621.728,19493.3,,4.17311,-4.38877,6.05609,,1.81757,16.3929,4.72725,6.58289,fluid
2039,6.54277,3.00906,,1001,606.136,15665,,3.96613,-4.56139,6.04454,,1.91149,15.9866,4.30335,6.17657,fluid
2040,6.39066,3.16903,,1000.87,587.361,13760.5,,3.7444,-4.73168,6.03402,,2.05614,15.7044,4.20748,5.89441,fluid
2041,6.23619,3.3336,,1000.92,572.436,14483.6,,3.55553,-4.87757,6.03593,,2.32267,15.9212,4.64304,6.11123,fluid
2042,6.0927,3.50381,,1001.07,569.385,16861.8,,3.44786,-4.99153,6.06655,,2.84224,16.5424,5.60681,6.73245,fluid
2043,5.97384,3.68663,,1001.1,578.215,17359.6,,3.43462,-5.07153,6.12511,,3.42011,17.1139,6.32285,7.30392,fluid
2044,5.86364,3.90295,,1000.12,559.984,1912.67,,3.32855,-5.02675,6.02888,,3.8888,16.3742,4.21495,6.56416,fluid
2045,5.69758,4.08397,,999.973,500.383,0,,2.82588,-5.49648,6.18037,,4.14426,13.9255,4.14426,4.1155,fluid
2046,5.58451,4.21485,,1000.21,500.173,3227.06,,2.78012,-5.71685,6.35701,,4.11824,15.1185,4.69598,5.30848,fluid
2047,5.60097,4.35772,,1000.25,519.782,3900.86,,2.90058,-5.9238,6.59581,,4.22746,15.2817,4.92375,5.47171,fluid
2048,8.95692,-0.0410877,,998.96,295.768,0,,2.58948,-0.0341849,2.58971,,-1.22715,9.91779,-1.22715,0.107787,fluid
2049,12.0708,0.0976003,,997.47,524.725,0,,6.67895,-0.0316161,6.67903,,-0.950108,9.8823,-0.950108,0.0722954,fluid
2050,14.5337,0.183861,,994.465,641.961,0,,9.68555,-0.0312368,9.6856,,0.115697,9.92487,0.115697,0.114869,fluid
2051,14.82,0.219516,,994.768,737.889,0,,10.4818,-0.0366484,10.4819,,-1.51069,9.75448,-1.51069,-0.0555151,fluid
2052,14.8186,0.243073,,994.796,777.877,0,,10.9879,-0.0419874,10.9879,,-1.51774,9.78496,-1.51774,-0.0250401,fluid
2053,15.0786,0.274161,,1000.04,782.965,630.03,,10.9144,-0.0534555,10.9145,,-2.11715,9.51467,-2.07537,-0.295334,fluid
2054,14.5624,0.278663,,996.441,704.054,0,,10.9256,-0.0564273,10.9257,,1.75691,10.0107,1.75691,0.200671,fluid
2055,15.2118,0.318152,,1000.9,770.627,14223.7,,11.3827,-0.0873606,11.3831,,1.31297,9.6343,2.24717,-0.1757,fluid
2056,15.1381,0.326115,,1000.15,848.843,2404.47,,11.9071,-0.0728785,11.9074,,-1.86083,9.20177,-1.70202,-0.608233,fluid
2057,15.0584,0.341699,,998.944,893.201,0,,12.1958,-0.0782497,12.1961,,-3.47264,10.0766,-3.47264,0.26655,fluid
2058,15.0032,0.362781,,998.091,918.264,0,,12.4312,-0.0895779,12.4315,,-4.07446,10.1993,-4.07446,0.389295,fluid
2059,14.8789,0.37041,,996.568,907.37,0,,12.5544,-0.0950815,12.5548,,-3.07318,9.97638,-3.07318,0.166385,fluid
2060,14.7036,0.382671,,997.011,831.67,0,,12.4628,-0.104187,12.4632,,0.714293,10.1997,0.714293,0.389701,fluid
2061,14.6383,0.404719,,997.904,813.761,0,,12.521,-0.125354,12.5216,,2.14052,10.2226,2.14052,0.412581,fluid
2062,14.534,0.416615,,999.283,806.852,0,,12.536,-0.143341,12.5368,,3.23804,10.5124,3.23804,0.702434,fluid
2063,14.3151,0.424919,,1000.06,887.728,907.432,,12.4512,-0.165172,12.4523,,0.511031,10.114,0.574417,0.303971,fluid
2064,14.0609,0.433541,,997.561,963.204,0,,12.502,-0.179623,12.5033,,-2.89399,10.372,-2.89399,0.562003,fluid
2065,13.9172,0.450372,,996.618,929.485,0,,12.6315,-0.207086,12.6332,,-2.25762,10.6406,-2.25762,0.830637,fluid
2066,13.7403,0.460542,,997.208,866.398,0,,12.5995,-0.23026,12.6016,,0.744211,10.9482,0.744211,1.13816,fluid
2067,13.5658,0.468621,,999.158,866.149,0,,12.3983,-0.25283,12.4009,,2.25679,11.1247,2.25679,1.31472,fluid
2068,13.4224,0.477544,,999.733,898.043,0,,12.3591,-0.27917,12.3623,,2.0504,11.3267,2.0504,1.5167,fluid
2069,13.2652,0.489745,,999.543,918.198,0,,12.3654,-0.316024,12.3695,,1.56542,11.5678,1.56542,1.75779,fluid
2070,13.0948,0.505283,,999.87,915.508,0,,12.3567,-0.364416,12.362,,2.55733,11.9389,2.55733,2.12893,fluid
2071,12.8991,0.520896,,1000.69,919.983,10780.4,,12.1488,-0.42073,12.1561,,3.65626,12.6382,4.49143,2.82821,fluid
2072,12.7077,0.533532,,1001.05,926.525,16588.9,,11.8964,-0.488234,11.9064,,2.65037,13.5002,3.95442,3.69022,fluid
2073,12.5221,0.544903,,1001.1,921.23,17276.1,,11.6541,-0.56286,11.6677,,-0.343189,14.3138,1.03494,4.50377,fluid
2074,12.347,0.561181,,1000.89,924.929,14039.3,,11.6033,-0.683996,11.6234,,-1.62773,15.9676,-0.491687,6.15758,fluid
2075,12.1591,0.586194,,1001.18,919.604,18630.9,,11.5585,-0.87713,11.5917,,1.29385,19.2906,2.82431,9.48062,fluid
2076,11.9532,0.62093,,1002.53,891.777,39960.1,,11.2921,-1.26355,11.3625,,5.0837,28.6874,8.41831,18.8774,fluid
2077,11.7414,0.669604,,1003.9,892.631,61988.6,,10.9175,-1.85675,11.0743,,4.81722,29.3454,10.0762,19.5354,fluid
2078,11.5306,0.726137,,1004.16,921.142,66164.7,,10.5705,-2.1062,10.7783,,1.91426,13.4309,7.62863,3.62089,fluid
2079,11.3239,0.77606,,1003.73,922.373,59143.7,,10.289,-1.98101,10.478,,1.4461,4.28144,6.64959,-5.52856,fluid
2080,11.1187,0.819745,,1003.01,919.48,47751,,10.0137,-1.74902,10.1653,,3.53867,4.49415,7.82042,-5.31585,fluid
2081,10.9125,0.855818,,1002.4,893.238,37988.7,,9.66234,-1.63656,9.79995,,5.666,8.63227,9.13888,-1.17773,fluid
2082,10.7149,0.892183,,1002.35,864.283,37107.8,,9.2953,-1.64961,9.44054,,5.26742,12.3267,8.72251,2.51672,fluid
2083,10.5256,0.936117,,1002.36,851.25,37355.8,,8.97418,-1.67767,9.12964,,3.6139,14.4048,7.15458,4.59478,fluid
2084,10.3406,0.985249,,1002.15,849.317,33967.1,,8.73325,-1.70078,8.89732,,2.41812,16.3981,5.69589,6.58812,fluid
2085,10.1568,1.03677,,1001.7,847.168,26777.7,,8.55169,-1.75678,8.73028,,2.82529,19.1755,5.45726,9.36549,fluid
2086,9.96998,1.08969,,1001.41,833.316,22275.5,,8.33822,-1.9024,8.55249,,4.19787,21.5657,6.42897,11.7557,fluid
2087,9.78345,1.14677,,1001.53,812.56,24099.7,,8.05871,-2.1387,8.33767,,4.90142,22.109,7.36097,12.299,fluid
2088,9.60067,1.21253,,1001.87,797.371,29456.1,,7.78235,-2.40246,8.14474,,4.03882,20.8366,7.10124,11.0266,fluid
2089,9.41945,1.28641,,1002.17,790.3,34248.6,,7.55323,-2.61768,7.99397,,2.75403,18.5449,6.38212,8.73487,fluid
2090,9.23535,1.36563,,1002.33,785.333,36868.7,,7.33231,-2.75926,7.8343,,2.42391,16.6289,6.40675,6.81892,fluid
2091,9.04751,1.44741,,1002.36,777.705,37371.8,,7.07504,-2.855,7.62937,,2.84666,15.9669,6.96753,6.15687,fluid
2092,8.85959,1.53081,,1002.33,765.997,36785.5,,6.7895,-2.96149,7.40728,,3.08035,16.3729,7.22277,6.56286,fluid
2093,8.67455,1.61833,,1002.22,753.728,35132.7,,6.51674,-3.09537,7.21451,,2.85047,17.2252,6.89157,7.41521,fluid
2094,8.4915,1.7141,,1002.07,738.732,32748.1,,6.26166,-3.22601,7.04383,,2.44361,17.8077,6.2922,7.99767,fluid
2095,8.30929,1.81746,,1001.96,723.081,30963.6,,6.02456,-3.35414,6.89533,,2.27841,18.1105,5.9975,8.30048,fluid
2096,8.12829,1.9261,,1001.94,709.677,30640.9,,5.80485,-3.5034,6.78013,,2.4322,18.1352,6.19455,8.32522,fluid
2097,7.94923,2.0409,,1001.92,698.722,30372.8,,5.59154,-3.65713,6.68131,,2.39165,18.1025,6.20517,8.29253,fluid
2098,7.77189,2.16397,,1001.84,687.296,29057.8,,5.37452,-3.80733,6.58645,,2.25474,17.873,5.9867,8.06301,fluid
2099,7.59729,2.29574,,1001.71,675.158,26916.9,,5.15944,-3.95359,6.50006,,2.22959,17.4051,5.76652,7.5951,fluid
2100,7.42616,2.43442,,1001.54,662.669,24284.9,,4.95574,-4.09436,6.42831,,2.29986,17.0256,5.56501,7.21564,fluid
2101,7.25828,2.57853,,1001.34,649.428,21187.7,,4.75111,-4.24006,6.36798,,2.3439,16.842,5.25909,7.032,fluid
2102,7.0939,2.72915,,1001.14,634.874,17904.3,,4.53055,-4.40672,6.32021,,2.26947,16.623,4.7905,6.81305,fluid
2103,6.93105,2.88639,,1000.97,618.881,15216.3,,4.29045,-4.58908,6.28232,,2.34838,16.4174,4.54164,6.60742,fluid
2104,6.76558,3.04771,,1000.91,601.968,14320.6,,4.05233,-4.76585,6.25577,,2.68202,16.3679,4.79678,6.55789,fluid
2105,6.599,3.21547,,1000.97,586.948,15315.8,,3.85267,-4.90608,6.23801,,3.02092,16.5035,5.33959,6.69347,fluid
2106,6.44386,3.38872,,1001.12,582.421,17679.9,,3.74058,-5.00864,6.25127,,3.49911,16.8603,6.23971,7.05032,fluid
2107,6.31496,3.57572,,1001.13,589.757,17817.4,,3.72439,-5.07754,6.29703,,3.99249,17.5915,6.81076,7.78151,fluid
2108,6.19722,3.79698,,999.931,564.929,0,,3.57171,-5.05336,6.18818,,4.3146,16.4799,4.3146,6.66985,fluid
2109,6.01468,3.97743,,999.969,510.876,0,,3.04331,-5.56133,6.33957,,4.52163,14.2307,4.52163,4.42074,fluid
2110,5.89213,4.10948,,1000.22,508.398,3533.29,,2.98516,-5.77296,6.49909,,4.5859,15.5719,5.18543,5.76193,fluid
2111,5.89924,4.25491,,1000.26,524.941,4134.88,,3.08763,-5.97433,6.72503,,4.65748,15.6657,5.35822,5.8557,fluid
2112,9.51098,-0.0355089,,998.347,316.607,0,,3.02759,-0.0304039,3.02775,,-2.61501,9.91952,-2.61501,0.109523,fluid
2113,12.9356,0.10935,,998.855,533.955,0,,7.05667,-0.0299085,7.05674,,-0.267112,9.98152,-0.267112,0.171517,fluid
2114,15.4513,0.200259,,995.66,648.553,0,,10.1211,-0.0319029,10.1212,,1.75303,9.95931,1.75303,0.14931,fluid
2115,15.8084,0.237414,,993.857,685.555,0,,11.0821,-0.0361356,11.0821,,0.10157,9.72836,0.10157,-0.0816415,fluid
2116,15.8057,0.260516,,993.759,717.282,0,,11.5262,-0.0414427,11.5263,,0.142248,9.73514,0.142248,-0.0748607,fluid
2117,16.0274,0.291504,,996.424,759.442,0,,11.4838,-0.0551773,11.4839,,-2.33501,9.78589,-2.33501,-0.0241097,fluid
2118,15.6307,0.294949,,994.832,721.763,0,,11.8569,-0.0517091,11.8571,,1.87609,9.85649,1.87609,0.0464889,fluid
2119,16.1759,0.332919,,997.716,796.912,0,,11.9335,-0.0747115,11.9337,,-3.26083,9.89412,-3.26083,0.0841227,fluid
2120,16.0646,0.340509,,995.835,837.48,0,,12.441,-0.0741784,12.4412,,-3.71683,9.72056,-3.71683,-0.0894418,fluid
2121,16.0182,0.35677,,995.338,851.584,0,,12.6907,-0.0809482,12.6909,,-3.70053,9.76614,-3.70053,-0.0438618,fluid
2122,15.9632,0.375252,,995.045,861.812,0,,12.9333,-0.0894387,12.9336,,-3.64578,9.84318,-3.64578,0.0331783,fluid
2123,15.8417,0.384645,,994.926,837.46,0,,13.0748,-0.0931089,13.0751,,-1.59639,9.754,-1.59639,-0.0559998,fluid
2124,15.668,0.396401,,996.336,795.415,0,,12.9741,-0.100015,12.9744,,1.86135,10.0945,1.86135,0.284545,fluid
2125,15.5994,0.415815,,997.246,788.288,0,,13.0378,-0.116341,13.0383,,3.06183,10.219,3.06183,0.408986,fluid
2126,15.5031,0.429643,,998.365,782.689,0,,13.0962,-0.134069,13.0969,,3.80717,10.6507,3.80717,0.840698,fluid
2127,15.2986,0.434997,,999.906,826.457,0,,13.0867,-0.147506,13.0875,,2.13439,10.9742,2.13439,1.16415,fluid
2128,15.0772,0.442428,,999.126,938.448,0,,13.1555,-0.157975,13.1564,,-3.23311,10.6252,-3.23311,0.815152,fluid
2129,14.9399,0.45607,,997.949,952.661,0,,13.2621,-0.173872,13.2632,,-4.11093,10.5471,-4.11093,0.73713,fluid
2130,14.7727,0.467209,,997.594,908.794,0,,13.2206,-0.192691,13.222,,-1.04332,10.4063,-1.04332,0.596309,fluid
2131,14.6129,0.476201,,998.875,843.267,0,,12.9755,-0.214829,12.9773,,2.96968,10.6687,2.96968,0.858749,fluid
2132,14.4867,0.485637,,1000.1,844.178,1583.67,,12.8709,-0.2506,12.8733,,3.72836,11.7879,3.83767,1.97786,fluid
2133,14.3576,0.498513,,1000.51,892.917,8025.45,,12.9507,-0.295864,12.9541,,1.55567,11.0415,2.11435,1.23149,fluid
2134,14.1971,0.512514,,999.691,958.926,0,,13.083,-0.333089,13.0872,,-1.68563,11.4161,-1.68563,1.6061,fluid
2135,13.9937,0.527194,,998.404,971.517,0,,13.2047,-0.388342,13.2104,,-3.08298,11.9598,-3.08298,2.14976,fluid
2136,13.7711,0.540597,,998.625,908.035,0,,13.1435,-0.454345,13.1514,,0.0509301,12.5979,0.0509301,2.78793,fluid
2137,13.5525,0.552467,,1000.35,906.147,5480.86,,12.8633,-0.501399,12.8731,,2.16289,12.4287,2.56716,2.61872,fluid
2138,13.3519,0.566752,,1000.66,937.535,10448.6,,12.7431,-0.603328,12.7573,,1.2565,14.4586,2.03853,4.64857,fluid
2139,13.1386,0.588459,,1000.77,932.7,12186.9,,12.6959,-0.76167,12.7188,,2.24634,16.7314,3.17318,6.92142,fluid
2140,12.9047,0.614567,,1001.84,920.313,29004.3,,12.4662,-0.991091,12.5055,,3.91873,22.8672,6.16218,13.0572,fluid
2141,12.6667,0.644086,,1002.87,912.406,45485,,12.0924,-1.38422,12.1714,,2.43042,28.4955,6.01106,18.6855,fluid
2142,12.4369,0.6825,,1003.53,919.183,55986.9,,11.7639,-1.83821,11.9067,,-0.41218,23.3644,4.07366,13.5544,fluid
2143,12.2171,0.731334,,1003.34,953.599,52962.8,,11.5507,-1.99884,11.7224,,0.415076,8.90544,4.7358,-0.904556,fluid
2144,11.9993,0.779483,,1002.63,955.531,41637.3,,11.2917,-1.85877,11.4437,,3.95495,2.97471,7.41581,-6.83529,fluid
2145,11.7837,0.821062,,1002.25,929.033,35606.1,,10.9399,-1.70926,11.0727,,5.80766,5.42955,8.8225,-4.38045,fluid
2146,11.5732,0.862106,,1002.13,906.556,33668.6,,10.5793,-1.61905,10.7025,,4.70662,9.01906,7.60962,-0.790936,fluid
2147,11.3652,0.905291,,1002.04,898.804,32181.8,,10.2732,-1.54337,10.3885,,3.12808,11.1887,5.95393,1.37872,fluid
2148,11.1583,0.947577,,1001.71,898.687,27051.9,,10.0109,-1.48895,10.1211,,3.01239,13.612,5.43261,3.80198,fluid
2149,10.9515,0.989003,,1001.24,889.351,19541.6,,9.75743,-1.50608,9.87298,,4.23721,17.4769,6.01938,7.66695,fluid
2150,10.7423,1.03163,,1001.09,869.21,17140.8,,9.45717,-1.66039,9.60182,,5.50806,20.8429,7.10195,11.0329,fluid
2151,10.5351,1.0809,,1001.27,849.67,20034.1,,9.12114,-1.90279,9.3175,,5.07473,22.0085,6.97396,12.1985,fluid
2152,10.3307,1.13795,,1001.4,841.42,22022.9,,8.82556,-2.15959,9.08595,,3.35386,21.4322,5.48267,11.6222,fluid
2153,10.1246,1.20171,,1001.45,836.208,22851.8,,8.58898,-2.39114,8.91561,,2.69672,19.966,4.9505,10.156,fluid
2154,9.91479,1.27063,,1001.52,822.784,23967.7,,8.34015,-2.5851,8.7316,,3.82357,18.563,6.23727,8.75305,fluid
2155,9.70459,1.34429,,1001.8,808.192,28408.2,,8.03095,-2.75137,8.48918,,4.72715,17.5727,7.64919,7.76268,fluid
2156,9.49751,1.42342,,1002.09,797.76,32963.9,,7.70348,-2.89574,8.22976,,4.10936,16.9934,7.57293,7.18341,fluid
2157,9.29255,1.50936,,1002.09,789.173,33033.8,,7.40552,-3.00582,7.99229,,3.47341,16.9114,7.02087,7.10143,fluid
2158,9.08754,1.60131,,1001.94,779.93,30565.7,,7.12201,-3.11622,7.77392,,3.54887,17.4158,6.90584,7.60577,fluid
2159,8.88275,1.69872,,1001.72,763.484,27195.5,,6.83222,-3.25453,7.56777,,3.56407,18.2804,6.62041,8.47044,fluid
2160,8.67836,1.80324,,1001.61,744.878,25386.2,,6.54259,-3.41217,7.37892,,3.54327,18.9349,6.4638,9.12489,fluid
2161,8.47548,1.91536,,1001.63,728.927,25632.8,,6.25516,-3.58458,7.20946,,3.20011,18.9029,6.21954,9.09295,fluid
2162,8.27537,2.03503,,1001.6,715.628,25280.4,,5.98896,-3.76819,7.0758,,3.14414,18.4832,6.19415,8.67316,fluid
2163,8.07875,2.16377,,1001.51,701.41,23832.1,,5.72225,-3.93739,6.94602,,3.2233,17.9179,6.16881,8.10785,fluid
2164,7.88627,2.30074,,1001.33,685.335,20988.6,,5.4535,-4.09014,6.81689,,2.96333,17.3985,5.6212,7.58853,fluid
2165,7.69813,2.44415,,1001.16,669.95,18209.9,,5.19473,-4.25072,6.71222,,2.83055,17.1118,5.19332,7.30181,fluid
2166,7.51458,2.5949,,1001.05,654.801,16547.1,,4.93399,-4.42963,6.63068,,2.98576,16.9825,5.18545,7.17252,fluid
2167,7.33324,2.75288,,1000.99,636.377,15585.5,,4.66086,-4.61379,6.55825,,3.16384,17.0185,5.28706,7.2085,fluid
2168,7.15164,2.91617,,1000.99,617.92,15657.8,,4.40136,-4.78855,6.50401,,3.2728,17.2049,5.46002,7.39491,fluid
2169,6.9714,3.08808,,1001.06,604.052,16622.1,,4.1869,-4.92106,6.46119,,3.54701,17.4321,5.92881,7.62211,fluid
2170,6.80405,3.26519,,1001.17,600.428,18387.2,,4.0697,-5.01888,6.46155,,4.21889,17.4587,6.91813,7.64871,fluid
2171,6.66423,3.4589,,1001.08,604.619,17003.2,,4.05184,-5.07377,6.49311,,4.87573,18.0947,7.42438,8.28469,fluid
2172,6.53751,3.68535,,999.565,568.342,0,,3.83572,-5.077,6.36307,,4.94094,16.7231,4.94094,6.91305,fluid
2173,6.33622,3.86288,,999.981,520.221,0,,3.27567,-5.62994,6.51355,,4.9099,14.8166,4.9099,5.0066,fluid
2174,6.2029,3.99678,,1000.24,518.297,3760.25,,3.21091,-5.8292,6.65504,,5.14532,16.0888,5.75138,6.27876,fluid
2175,6.19928,4.14519,,1000.28,531.44,4440.14,,3.29148,-6.0242,6.86475,,5.25642,16.1896,5.97245,6.37963,fluid
2176,10.0592,-0.0290574,,999.054,319.442,0,,3.33845,-0.0275559,3.33856,,-2.45126,9.8931,-2.45126,0.0831041,fluid
2177,13.703,0.12243,,994.558,556.51,0,,7.88136,-0.0242634,7.8814,,-0.534479,10.0117,-0.534479,0.201665,fluid
2178,16.4152,0.213608,,995.128,692.922,0,,10.949,-0.0387141,10.949,,-2.9894,9.92982,-2.9894,0.119819,fluid
2179,16.7595,0.24851,,997.232,673.87,0,,11.5791,-0.0418465,11.5792,,-1.80904,9.85267,-1.80904,0.0426712,fluid
2180,16.8538,0.272528,,999.09,701.798,0,,11.901,-0.0454279,11.9011,,-2.2991,9.77073,-2.2991,-0.0392687,fluid
2181,16.9716,0.298684,,1000.63,705.54,9970.92,,12.0168,-0.0674912,12.0169,,-0.717418,10.1459,-0.130285,0.335884,fluid
2182,16.8675,0.311184,,999.426,752.458,0,,12.5395,-0.0535665,12.5396,,-2.45952,9.83695,-2.45952,0.0269454,fluid
2183,17.0699,0.339832,,1000.48,713.976,7505.8,,12.3828,-0.0723676,12.383,,0.36943,10.4471,0.80893,0.637087,fluid
2184,16.9817,0.349645,,1000.02,754.757,284.693,,12.7452,-0.0617572,12.7453,,-2.61215,10.123,-2.59539,0.313005,fluid
2185,16.9361,0.365912,,999.744,777.05,0,,13.0008,-0.0670312,13.001,,-2.74072,10.1955,-2.74072,0.385453,fluid
2186,16.8903,0.385267,,999.682,791.728,0,,13.2216,-0.0759105,13.2218,,-2.42391,10.0916,-2.42391,0.281607,fluid
2187,16.7797,0.394815,,999.844,802.315,0,,13.3352,-0.0853083,13.3355,,-0.943533,10.1038,-0.943533,0.293753,fluid
2188,16.6605,0.410314,,999.885,795.556,0,,13.298,-0.103193,13.2984,,0.800548,10.0894,0.800548,0.279391,fluid
2189,16.5932,0.42838,,999.964,797.39,0,,13.3156,-0.122205,13.3161,,1.24354,10.1354,1.24354,0.325382,fluid
2190,16.4919,0.444309,,999.917,799.061,0,,13.2882,-0.144345,13.289,,0.48982,10.2067,0.48982,0.396703,fluid
2191,16.294,0.451858,,999.004,836.826,0,,13.2668,-0.159636,13.2677,,-3.41278,10.1311,-3.41278,0.321137,fluid
2192,16.0966,0.459428,,996.987,900.788,0,,13.5899,-0.166244,13.5909,,-5.21204,9.96851,-5.21204,0.158507,fluid
2193,15.9485,0.47031,,996.377,904.076,0,,13.7902,-0.174131,13.7913,,-4.42649,9.95974,-4.42649,0.149736,fluid
2194,15.796,0.479698,,996.691,886.758,0,,13.8437,-0.182807,13.8449,,-1.54568,9.93003,-1.54568,0.120029,fluid
2195,15.6526,0.488561,,997.807,843.606,0,,13.7358,-0.196645,13.7372,,1.68012,10.4693,1.68012,0.65932,fluid
2196,15.5305,0.499095,,998.961,833.48,0,,13.669,-0.22174,13.6708,,3.61553,11.1203,3.61553,1.31027,fluid
2197,15.4004,0.513272,,999.884,839.322,0,,13.7126,-0.263771,13.7151,,3.642,12.0756,3.642,2.26557,fluid
2198,15.2141,0.528614,,1000.09,903.796,1473.24,,13.801,-0.311152,13.8045,,0.0918701,12.0659,0.188695,2.25586,fluid
2199,14.975,0.542239,,999.106,978.389,0,,13.8919,-0.354143,13.8964,,-4.22302,11.8362,-4.22302,2.02619,fluid
2200,14.7233,0.550811,,998.724,921.731,0,,13.6899,-0.383252,13.6953,,0.177304,11.3549,0.177304,1.54486,fluid
2201,14.5068,0.557671,,1000.33,877.058,5213.31,,13.3142,-0.424375,13.321,,3.8746,11.8552,4.23385,2.04522,fluid
2202,14.3161,0.568862,,1000.79,919.65,12431.7,,13.2459,-0.543884,13.2571,,0.959389,14.7101,1.82708,4.90009,fluid
2203,14.1115,0.587659,,1000.14,966.591,2154.39,,13.4229,-0.748529,13.4437,,-2.64356,18.6784,-2.49091,8.86838,fluid
2204,13.8724,0.611617,,1000.22,935.552,3406.39,,13.5017,-0.976746,13.537,,-1.94394,19.5142,-1.69844,9.70422,fluid
2205,13.6214,0.636753,,1001.75,918.998,27634.9,,13.2573,-1.16902,13.3087,,1.72958,22.1703,3.75481,12.3603,fluid
2206,13.3864,0.669392,,1002.56,947.142,40480.7,,12.9264,-1.57916,13.0225,,1.39032,23.3523,4.40661,13.5423,fluid
2207,13.1628,0.720098,,1002.48,966.163,39171.2,,12.7198,-1.8523,12.854,,2.6025,11.1352,5.57105,1.32518,fluid
2208,12.9352,0.772649,,1002.21,970.693,34888.8,,12.4661,-1.77013,12.5912,,4.16207,4.39683,6.85333,-5.41317,fluid
2209,12.7048,0.815051,,1001.94,959.527,30648.6,,12.1265,-1.63714,12.2365,,4.60802,4.73867,7.01571,-5.07133,fluid
2210,12.4754,0.850328,,1001.83,947.326,28866.9,,11.7832,-1.57259,11.8877,,3.23319,5.80279,5.54287,-4.00721,fluid
2211,12.2467,0.883797,,1001.63,945.945,25680.2,,11.4983,-1.51582,11.5978,,1.74694,6.38534,3.84044,-3.42466,fluid
2212,12.0169,0.91731,,1001.16,944.318,18332.1,,11.2403,-1.43884,11.332,,2.62814,8.61773,4.1519,-1.19227,fluid
2213,11.7851,0.951062,,1000.8,926.468,12508.6,,10.9272,-1.43959,11.0216,,4.4646,13.1572,5.52515,3.34718,fluid
2214,11.5539,0.98915,,1000.85,906.688,13348.2,,10.5617,-1.55735,10.6759,,4.72317,16.9074,5.87749,7.0974,fluid
2215,11.3258,1.03204,,1000.99,898.489,15648.5,,10.2144,-1.73037,10.3599,,3.40591,18.447,4.78621,8.63699,fluid
2216,11.0988,1.07908,,1000.87,897.582,13659.8,,9.93031,-1.91332,10.113,,2.63944,19.3701,3.86911,9.56013,fluid
2217,10.8706,1.13103,,1000.67,888.626,10466.6,,9.67874,-2.1233,9.9089,,3.76493,20.4042,4.72713,10.5942,fluid
2218,10.6412,1.18981,,1000.72,867.17,11395.1,,9.37029,-2.36266,9.66356,,5.1676,20.5597,6.23768,10.7497,fluid
2219,10.4136,1.25677,,1001.15,849.827,18128.1,,9.01208,-2.60089,9.37988,,4.78545,19.3394,6.52425,9.52944,fluid
2220,10.1883,1.33141,,1001.51,842.209,23805.5,,8.69702,-2.79881,9.13627,,3.51785,17.3707,5.85088,7.56071,fluid
2221,9.96019,1.41166,,1001.53,836.038,24114.8,,8.39223,-2.92963,8.88889,,3.70724,16.1503,6.12465,6.34029,fluid
2222,9.72986,1.49537,,1001.55,824.465,24435.7,,8.05777,-3.04591,8.61424,,4.67201,16.4442,7.17953,6.6342,fluid
2223,9.49934,1.58398,,1001.46,805.105,22984,,7.67054,-3.19019,8.30749,,4.37016,17.6371,6.78617,7.82707,fluid
2224,9.27011,1.68098,,1001.33,787.402,20965,,7.30286,-3.36345,8.04019,,3.76942,18.3822,6.02799,8.57216,fluid
2225,9.04355,1.78684,,1001.24,768.618,19527.1,,6.98141,-3.5522,7.83315,,3.4829,18.7298,5.63946,8.91984,fluid
2226,8.81845,1.90165,,1001.17,749.059,18423.8,,6.66163,-3.73938,7.63939,,3.49345,18.7551,5.58024,8.94509,fluid
2227,8.59626,2.02605,,1001.2,732.943,18946.5,,6.34775,-3.92032,7.46076,,3.73344,18.3035,5.93483,8.49351,fluid
2228,8.37885,2.15852,,1001.2,717.678,18844.5,,6.02441,-4.09985,7.28713,,3.73993,17.8947,5.98629,8.08471,fluid
2229,8.16601,2.29978,,1001.1,699.817,17309.8,,5.70973,-4.27376,7.13204,,3.87502,17.6805,5.99243,7.8705,fluid
2230,7.9578,2.44995,,1001.07,678.266,16772.4,,5.3968,-4.45347,6.99706,,3.75175,17.5688,5.85718,7.75881,fluid
2231,7.75275,2.60824,,1001.06,656.553,16677.7,,5.08142,-4.62861,6.87349,,3.72411,17.9571,5.87304,8.14706,fluid
2232,7.55096,2.77425,,1001.13,640.041,17820.9,,4.80138,-4.79092,6.78278,,4.24065,18.3605,6.59806,8.55046,fluid
2233,7.35497,2.95109,,1001.21,626.381,19000.3,,4.57462,-4.91466,6.71424,,4.62083,18.506,7.20104,8.69596,fluid
2234,7.17464,3.13247,,1001.25,622.087,19708.2,,4.44853,-5.01599,6.70445,,5.0283,18.3429,7.77179,8.53287,fluid
2235,7.02273,3.33522,,1000.94,623.035,14840.6,,4.41931,-5.05444,6.71399,,5.75001,18.9729,7.86125,9.16292,fluid
2236,6.8858,3.56604,,998.976,576.337,0,,4.13238,-5.10322,6.56654,,5.59191,16.7966,5.59191,6.98655,fluid
2237,6.66389,3.73909,,999.958,529.959,0,,3.5323,-5.69908,6.70497,,5.51022,15.5214,5.51022,5.7114,fluid
2238,6.51868,3.87553,,1000.21,530.05,3331.04,,3.46061,-5.88539,6.82741,,5.53104,16.2827,6.04193,6.47265,fluid
2239,6.50173,4.02818,,1000.29,540.861,4523.95,,3.51455,-6.07379,7.01733,,5.78637,16.5142,6.48198,6.70418,fluid
2240,10.5916,-0.0214822,,998.689,346.981,0,,3.60914,-0.0259106,3.60923,,-1.84845,9.84026,-1.84845,0.0302559,fluid
2241,14.7519,0.137665,,993.935,575.305,0,,8.7706,-0.0230294,8.77063,,-1.56629,9.85914,-1.56629,0.0491388,fluid
2242,17.1489,0.230134,,1001.43,646.282,22467.2,,10.8125,-0.067615,10.8127,,3.91227,9.65081,5.22053,-0.159192,fluid
2243,17.5247,0.26566,,997.455,621.636,0,,11.3269,-0.0395901,11.327,,0.0225752,9.90576,0.0225752,0.0957566,fluid
2244,17.518,0.287906,,997.766,649.266,0,,11.7123,-0.0438777,11.7123,,0.317067,9.94943,0.317067,0.13943,fluid
2245,17.7197,0.315677,,999.524,668.258,0,,11.9986,-0.0422714,11.9987,,-0.660677,9.8502,-0.660677,0.0402001,fluid
2246,17.5704,0.325401,,998.506,688.673,0,,12.3314,-0.0500877,12.3315,,0.126342,9.87865,0.126342,0.0686472,fluid
2247,17.7836,0.355334,,999.366,690.181,0,,12.4148,-0.0499386,12.4149,,0.163446,9.71137,0.163446,-0.0986257,fluid
2248,17.7257,0.364814,,999.008,710.404,0,,12.6859,-0.0524098,12.686,,-0.410571,9.84543,-0.410571,0.035426,fluid
2249,17.724,0.379655,,998.862,721.578,0,,12.8915,-0.0563927,12.8916,,-0.420723,9.84896,-0.420723,0.0389616,fluid
2250,17.7338,0.400669,,998.707,732.069,0,,13.1074,-0.0627541,13.1076,,-0.406798,9.83145,-0.406798,0.0214474,fluid
2251,17.6148,0.408134,,999.191,740.515,0,,13.2107,-0.0726806,13.2109,,0.179858,9.94374,0.179858,0.133736,fluid
2252,17.482,0.422074,,999.657,742.966,0,,13.1671,-0.0894967,13.1674,,1.55359,10.2885,1.55359,0.478526,fluid
2253,17.3903,0.437999,,999.712,742.554,0,,13.1639,-0.10507,13.1643,,1.28628,10.4256,1.28628,0.615575,fluid
2254,17.2717,0.451591,,999.579,750.934,0,,13.2134,-0.117569,13.2139,,-0.100644,10.6709,-0.100644,0.860931,fluid
2255,17.1015,0.456095,,999.284,780.676,0,,13.5227,-0.114957,13.5232,,-2.26947,10.5073,-2.26947,0.697329,fluid
2256,16.9547,0.461904,,999.317,811.657,0,,13.8038,-0.116213,13.8043,,-2.6462,10.4893,-2.6462,0.679309,fluid
2257,16.8306,0.473841,,999.958,831.678,0,,13.8603,-0.130201,13.8609,,-0.803352,10.3716,-0.803352,0.561636,fluid
2258,16.6996,0.485214,,1000.35,822.301,5554.42,,13.7436,-0.161339,13.7445,,0.964209,10.5185,1.2967,0.708508,fluid
2259,16.586,0.498323,,1000.49,817.594,7626.05,,13.6131,-0.201896,13.6146,,1.0266,10.6873,1.48616,0.877307,fluid
2260,16.487,0.513347,,1000.54,822.04,8439.63,,13.6471,-0.24496,13.6493,,-0.498025,10.9176,0.013595,1.10757,fluid
2261,16.3676,0.531847,,1000.38,848.175,5924.36,,13.8652,-0.284146,13.8681,,-2.79832,10.7196,-2.4365,0.909567,fluid
2262,16.1756,0.548823,,999.087,907.569,0,,14.2067,-0.332622,14.2106,,-5.92127,11.3416,-5.92127,1.53159,fluid
2263,15.9188,0.56074,,998.14,939.682,0,,14.4709,-0.363464,14.4754,,-5.03281,10.949,-5.03281,1.13902,fluid
2264,15.6706,0.567887,,998.846,896.114,0,,14.2822,-0.380144,14.2873,,0.572754,11.2669,0.572754,1.4569,fluid
2265,15.4655,0.575511,,1000.14,867.062,2191.28,,14.007,-0.424263,14.0134,,3.68407,12.4203,3.82573,2.61029,fluid
2266,15.2742,0.588856,,1000.66,892.95,10403.8,,14.0565,-0.556067,14.0675,,1.56537,16.2397,2.24606,6.42967,fluid
2267,15.0522,0.609173,,1000.61,955.43,9620.78,,14.2332,-0.758816,14.2534,,-3.07633,19.8246,-2.43755,10.0146,fluid
2268,14.7925,0.627165,,1000.14,962.265,2254.87,,14.2111,-0.874539,14.238,,-1.92344,16.6259,-1.77103,6.81593,fluid
2269,14.5408,0.63839,,1001.09,910.69,17210,,13.8143,-0.947691,13.8467,,3.77994,19.6601,4.96221,9.85006,fluid
2270,14.3242,0.665162,,1002.14,920.177,33814.7,,13.5374,-1.46722,13.6167,,1.75372,26.2661,4.10935,16.4561,fluid
2271,14.1063,0.720445,,1002.47,958.109,39102.1,,13.4739,-1.89155,13.606,,-0.662892,14.0596,2.10224,4.24964,fluid
2272,13.8708,0.777012,,1002.3,972.604,36417.6,,13.3823,-1.80466,13.5035,,-0.277413,3.61761,2.34203,-6.19239,fluid
2273,13.6233,0.81695,,1001.99,983.12,31419.8,,13.1585,-1.60773,13.2563,,2.01328,2.51464,4.31503,-7.29536,fluid
2274,13.3732,0.844695,,1001.61,977.434,25327.6,,12.8439,-1.5092,12.9323,,2.59697,3.59658,4.48783,-6.21342,fluid
2275,13.1266,0.869271,,1001.32,967.616,20789.8,,12.5751,-1.45582,12.6591,,2.60583,5.59691,4.18754,-4.21309,fluid
2276,12.8808,0.895293,,1001.08,962.056,17074,,12.3062,-1.42591,12.3885,,3.70052,8.81724,5.02462,-0.992762,fluid
2277,12.6356,0.925515,,1001.03,949.717,16143.3,,11.9728,-1.46001,12.0615,,4.47191,12.024,5.74821,2.21396,fluid
2278,12.3922,0.960259,,1001.12,940.885,17578.7,,11.6318,-1.54842,11.7344,,3.35675,13.6811,4.7737,3.87112,fluid
2279,12.1494,0.998031,,1001.04,944.058,16343.8,,11.3452,-1.63939,11.463,,2.08318,14.3073,3.42702,4.49733,fluid
2280,11.9058,1.03819,,1000.71,944.759,11144,,11.0963,-1.73907,11.2318,,2.79044,16.4844,3.72579,6.67445,fluid
2281,11.6598,1.08151,,1000.53,929.672,8359.08,,10.797,-1.92236,10.9668,,4.35337,19.4443,5.0699,9.63433,fluid
2282,11.4131,1.13104,,1000.71,911.671,11128.7,,10.4318,-2.18534,10.6582,,4.49546,20.6924,5.46986,10.8824,fluid
2283,11.1662,1.18869,,1000.94,900.449,14790.6,,10.0726,-2.44322,10.3647,,3.42498,20.1151,4.74833,10.3051,fluid
2284,10.9165,1.25222,,1001.04,894.602,16395.7,,9.76319,-2.65749,10.1184,,3.58986,18.861,5.09021,9.05095,fluid
2285,10.6626,1.31982,,1001.15,877.715,18174.9,,9.40798,-2.83387,9.82552,,5.07062,18.171,6.7732,8.36095,fluid
2286,10.4085,1.39326,,1001.49,857.539,23543.2,,8.99211,-3.00357,9.48048,,5.21848,18.1676,7.47702,8.35758,fluid
2287,10.156,1.4741,,1001.67,846.796,26326.1,,8.57022,-3.17141,9.13819,,4.03825,18.0196,6.62611,8.20957,fluid
2288,9.90382,1.56403,,1001.56,834.133,24537.8,,8.19204,-3.31183,8.83616,,4.30921,18.3938,6.78297,8.58378,fluid
2289,9.65311,1.66111,,1001.36,815.884,21485.8,,7.82333,-3.46912,8.558,,4.87439,19.6549,7.09715,9.84491,fluid
2290,9.40314,1.76626,,1001.25,792.634,19681.9,,7.43268,-3.68369,8.29544,,4.64544,20.2052,6.73595,10.3952,fluid
2291,9.15542,1.88275,,1001.24,773.955,19535.8,,7.07573,-3.89504,8.07696,,4.61492,20.0351,6.74607,10.2251,fluid
2292,8.9104,2.00931,,1001.3,753.317,20466,,6.71888,-4.0837,7.86257,,4.78398,19.4941,7.07786,9.68407,fluid
2293,8.66753,2.1463,,1001.28,733.445,20201.5,,6.34149,-4.26847,7.64424,,4.94874,18.96,7.27647,9.15004,fluid
2294,8.43012,2.29456,,1001.23,711.846,19369.3,,5.96851,-4.44996,7.44481,,4.82956,19.0374,7.12437,9.22742,fluid
2295,8.19736,2.4532,,1001.22,687.798,19288.7,,5.60825,-4.61785,7.26477,,5.11994,19.1248,7.4701,9.31479,fluid
2296,7.9711,2.62265,,1001.32,666.778,20782.2,,5.29873,-4.76721,7.12761,,5.15327,19.2977,7.75703,9.48771,fluid
2297,7.75489,2.80386,,1001.36,651.972,21419,,5.03068,-4.88059,7.00913,,5.19672,19.9488,7.95498,10.1388,fluid
2298,7.55913,2.99056,,1001.36,651.468,21449.4,,4.89673,-4.99088,6.99191,,6.41932,19.4961,9.25302,9.68614,fluid
2299,7.39411,3.20362,,1000.71,645.194,11173.6,,4.84457,-5.01533,6.97305,,7.19609,19.9591,8.70616,10.1491,fluid
2300,7.24398,3.4371,,998.209,589.557,0,,4.46969,-5.14473,6.81516,,6.13802,16.7716,6.13802,6.96162,fluid
2301,6.99827,3.60562,,999.879,544.406,0,,3.81838,-5.77112,6.91996,,6.00797,16.1064,6.00797,6.29639,fluid
2302,6.84035,3.7449,,1000.18,545.419,2803.58,,3.73209,-5.94969,7.02334,,5.91223,16.4528,6.32201,6.64285,fluid
2303,6.80862,3.90358,,1000.29,553.056,4493.21,,3.76185,-6.12619,7.189,,6.27534,16.772,6.93508,6.96195,fluid
2304,11.155,-0.0129932,,998.765,330.78,0,,3.96968,-0.025202,3.96976,,-1.88724,9.92506,-1.88724,0.115056,fluid
2305,15.3358,0.150303,,997.954,661.011,0,,8.75471,-0.0270499,8.75475,,1.29708,9.62301,1.29708,-0.186992,fluid
2306,17.8676,0.242424,,1001.02,617.787,16075.4,,11.1231,-0.0577041,11.1233,,5.85801,9.79856,6.75679,-0.0114357,fluid
2307,18.2348,0.278041,,998.449,648.229,0,,11.6782,-0.0433087,11.6783,,2.23865,9.86048,2.23865,0.0504798,fluid
2308,18.4033,0.302001,,998.16,624.976,0,,12.1142,-0.0493926,12.1143,,2.03879,9.79222,2.03879,-0.0177811,fluid
2309,18.5649,0.327263,,997.6,632.363,0,,12.3945,-0.0561335,12.3947,,-0.155462,9.79737,-0.155462,-0.0126262,fluid
2310,18.6192,0.342978,,997.593,660.974,0,,12.6677,-0.0609109,12.6678,,-1.27739,9.71882,-1.27739,-0.0911809,fluid
2311,18.6874,0.364061,,997.843,685.421,0,,12.8222,-0.0682713,12.8224,,-2.70419,9.90792,-2.70419,0.0979166,fluid
2312,18.6497,0.378512,,997.869,685.341,0,,12.9709,-0.0738659,12.9711,,-2.20067,9.83075,-2.20067,0.0207519,fluid
2313,18.5561,0.391629,,998.357,674.17,0,,13.0831,-0.0784769,13.0834,,-0.444438,9.83474,-0.444438,0.0247387,fluid
2314,18.4603,0.410048,,999.266,675.121,0,,13.1329,-0.0888653,13.1332,,1.38268,9.86078,1.38268,0.0507844,fluid
2315,18.2601,0.42191,,1000.03,708.693,549.387,,12.8914,-0.0956604,12.8917,,2.20305,9.67082,2.23314,-0.139183,fluid
2316,18.1599,0.437903,,999.893,713.377,0,,12.7621,-0.101936,12.7625,,1.65962,9.60082,1.65962,-0.209175,fluid
2317,18.1231,0.454605,,999.884,722.907,0,,12.8493,-0.10965,12.8498,,1.05677,9.47885,1.05677,-0.331145,fluid
2318,18.1108,0.470357,,999.978,741.654,0,,13.128,-0.118037,13.1286,,0.196627,9.43254,0.196627,-0.377464,fluid
2319,18.0191,0.480442,,999.442,769.656,0,,13.4317,-0.116192,13.4322,,-1.63022,9.40041,-1.63022,-0.409585,fluid
2320,17.8774,0.487009,,998.225,777.528,0,,13.7772,-0.110333,13.7776,,-1.98426,9.42571,-1.98426,-0.384289,fluid
2321,17.7493,0.497976,,998.432,775.823,0,,13.9921,-0.116014,13.9926,,-0.671477,9.80329,-0.671477,-0.00671275,fluid
2322,17.6102,0.50852,,999.769,779.499,0,,14.0002,-0.133792,14.0009,,1.34267,10.3457,1.34267,0.53568,fluid
2323,17.474,0.519838,,1000.51,786.152,8055.96,,13.8803,-0.170552,13.8814,,1.2253,10.8058,1.68609,0.995783,fluid
2324,17.35,0.534489,,1000.53,796.38,8395.92,,13.9343,-0.204196,13.9358,,-0.549748,11.1849,-0.0660924,1.37493,fluid
2325,17.2111,0.552817,,1000.05,822.893,758.06,,14.2473,-0.230418,14.2491,,-2.58337,11.362,-2.53933,1.55196,fluid
2326,16.9664,0.566809,,999.451,856.84,0,,14.5702,-0.249161,14.5724,,-2.83861,11.1658,-2.83861,1.35578,fluid
2327,16.6853,0.565095,,1000.61,852.636,9640.77,,14.2178,-0.243222,14.2198,,2.01034,11.0092,2.58779,1.1992,fluid
2328,16.5026,0.566477,,1000.9,831.293,14196.5,,13.8195,-0.326676,13.8234,,0.293477,11.6332,1.15296,1.8232,fluid
2329,16.3569,0.580772,,1000.72,850.438,11258.5,,13.934,-0.428672,13.9406,,-2.62479,12.9675,-1.93698,3.15749,fluid
2330,16.1822,0.603477,,1000.12,894.014,1959.7,,14.3112,-0.621575,14.3247,,-5.35011,17.1272,-5.22903,7.31724,fluid
2331,15.9564,0.631935,,1000.21,927.074,3324.38,,14.7292,-0.880278,14.7555,,-5.53227,18.8398,-5.32398,9.0298,fluid
2332,15.6975,0.654689,,1000.59,930.562,9352.65,,14.7026,-0.919634,14.7314,,-0.668991,15.7998,-0.0735418,5.98977,fluid
2333,15.4601,0.669601,,1001.47,895.23,23229.1,,14.2812,-1.13853,14.3265,,2.58102,21.0344,4.08133,11.2244,fluid
2334,15.246,0.706369,,1002.13,908.641,33569.5,,14.136,-1.59665,14.2258,,1.39065,18.8138,3.58783,9.00383,fluid
2335,15.015,0.758114,,1002.32,956.596,36688.4,,14.1886,-1.65267,14.2846,,-2.08369,8.71098,0.354097,-1.09902,fluid
2336,14.7585,0.792656,,1001.87,984.184,29589.8,,14.1902,-1.45074,14.2642,,-0.537754,4.40469,1.46343,-5.40531,fluid
2337,14.4968,0.806506,,1001.51,978.084,23814,,13.9285,-1.39124,13.9978,,4.09558,6.20766,5.73581,-3.60234,fluid
2338,14.2486,0.82111,,1001.62,962.247,25613.7,,13.5975,-1.52297,13.6826,,3.32031,7.67261,5.11503,-2.13739,fluid
2339,14.007,0.849569,,1001.69,963.458,26692.4,,13.3982,-1.57347,13.4902,,0.948898,7.2002,2.85133,-2.6098,fluid
2340,13.7593,0.88555,,1001.49,971.118,23533.1,,13.23,-1.49686,13.3144,,1.52863,7.6692,3.23642,-2.1408,fluid
2341,13.5048,0.918978,,1001.24,970.14,19605.2,,12.9833,-1.4338,13.0623,,2.76514,9.74974,4.21505,-0.0602606,fluid
2342,13.2494,0.948859,,1001.19,966.335,18785.6,,12.7138,-1.43881,12.795,,2.62306,11.861,4.03921,2.05103,fluid
2343,12.9943,0.978982,,1001.02,969.854,16126.1,,12.4794,-1.46722,12.5653,,3.02889,14.4045,4.26863,4.59453,fluid
2344,12.7351,1.01052,,1000.82,965.159,12920.3,,12.2024,-1.56649,12.3025,,4.46366,17.7242,5.47738,7.91419,fluid
2345,12.4729,1.04614,,1000.9,952.056,14130.1,,11.8482,-1.76749,11.9793,,4.82861,19.9833,5.96046,10.1733,fluid
2346,12.2102,1.08834,,1001.05,945.686,16599.3,,11.4946,-1.99487,11.6664,,3.60733,20.2154,4.96537,10.4054,fluid
2347,11.9452,1.13581,,1001.05,944.649,16555.3,,11.1897,-2.18437,11.401,,3.00782,20.3303,4.3923,10.5203,fluid
2348,11.677,1.18693,,1000.98,932.885,15362.7,,10.8738,-2.38112,11.1315,,4.26678,21.3261,5.58114,11.5161,fluid
2349,11.4064,1.2433,,1001.17,909.338,18429.2,,10.4646,-2.62435,10.7887,,4.9055,21.5545,6.5193,11.7445,fluid
2350,11.1355,1.30841,,1001.52,894.577,24019.2,,10.0316,-2.85139,10.429,,3.85152,20.2753,6.00523,10.4653,fluid
2351,10.8638,1.38085,,1001.71,890.958,26972.3,,9.66247,-3.01683,10.1225,,4.01194,18.876,6.49046,9.06601,fluid
2352,10.5874,1.46002,,1001.71,875.506,26963.7,,9.24809,-3.13652,9.7655,,5.16364,19.6688,7.70607,9.85875,fluid
2353,10.3127,1.5441,,1001.71,859.568,27036.3,,8.80806,-3.31345,9.41068,,5.41109,20.8932,8.02825,11.0832,fluid
2354,10.0391,1.63799,,1001.65,842.178,25960.5,,8.38106,-3.52332,9.09153,,5.03269,21.5122,7.61436,11.7022,fluid
2355,9.7658,1.74314,,1001.51,825.833,23739.3,,8.00621,-3.72098,8.82865,,5.81726,22.19,8.24448,12.38,fluid
2356,9.49244,1.859,,1001.47,803.228,23241.6,,7.61763,-3.9503,8.58098,,6.34225,22.3497,8.78708,12.5397,fluid
2357,9.21901,1.98875,,1001.53,781.228,24164.7,,7.1802,-4.16118,8.29884,,6.58346,21.8496,9.20063,12.0396,fluid
2358,8.94968,2.13338,,1001.6,757.358,25255.7,,6.74972,-4.3297,8.01904,,6.61814,21.3533,9.43559,11.5433,fluid
2359,8.68519,2.28912,,1001.55,732.539,24381,,6.34079,-4.52172,7.78792,,6.42595,20.7617,9.22881,10.9517,fluid
2360,8.4256,2.46031,,1001.45,706.661,22821.8,,5.93999,-4.67999,7.56213,,6.34672,20.9538,9.05144,11.1438,fluid
2361,8.18144,2.64368,,1001.49,685.795,23500.8,,5.61085,-4.8087,7.38953,,6.71502,20.7866,9.5832,10.9766,fluid
2362,7.9659,2.83763,,1001.38,680.679,21811.5,,5.45474,-4.93704,7.35721,,7.12015,20.8534,9.85447,11.0434,fluid
2363,7.78428,3.06188,,1000.14,662.493,2196.15,,5.31711,-4.94539,7.26144,,7.85988,20.8772,8.14197,11.0672,fluid
2364,7.61379,3.29494,,997.407,612.368,0,,4.84614,-5.21393,7.1183,,6.87206,16.4001,6.87206,6.59013,fluid
2365,7.33922,3.46018,,999.86,563.778,0,,4.13763,-5.85337,7.16812,,6.591,16.5318,6.591,6.72176,fluid
2366,7.16964,3.60293,,1000.16,562.664,2568.95,,4.0307,-6.02103,7.24564,,6.30376,16.9217,6.66201,7.11171,fluid
2367,7.12233,3.76923,,1000.29,567.486,4529.8,,4.03848,-6.18266,7.38475,,6.74034,17.2129,7.37615,7.40287,fluid
2368,11.8167,-0.00361569,,997.153,364.715,0,,4.471,-0.0223271,4.47106,,-1.89139,9.82078,-1.89139,0.0107782,fluid
2369,16.5134,0.167961,,991.661,596.882,0,,9.55374,-0.0307272,9.55379,,-1.91903,9.82382,-1.91903,0.0138226,fluid
2370,18.6413,0.262568,,997.531,591.133,0,,11.4861,-0.0420616,11.4862,,-1.0364,9.81319,-1.0364,0.00319398,fluid
2371,19.0818,0.298071,,1000.14,618.807,2129.4,,11.7823,-0.055735,11.7825,,0.851987,9.7632,0.963565,-0.0467952,fluid
2372,19.0662,0.316883,,1000.08,630.253,1287.15,,12.0075,-0.0586459,12.0077,,0.562463,9.79594,0.629967,-0.0140584,fluid
2373,19.1976,0.342291,,1000.15,630.889,2312.82,,12.0874,-0.0660533,12.0876,,2.17543,9.92061,2.29589,0.110605,fluid
2374,19.1582,0.355506,,1000.07,643.296,1164.82,,12.2793,-0.0681841,12.2794,,1.70995,9.88381,1.77075,0.0738136,fluid
2375,19.1683,0.373295,,1000.02,647.124,284.353,,12.4021,-0.0720667,12.4023,,1.61192,9.96428,1.62675,0.154279,fluid
2376,19.0635,0.385946,,1000.21,656.293,3257.7,,12.5045,-0.0843271,12.5048,,0.829415,9.86508,1.00027,0.0550761,fluid
2377,18.9581,0.39882,,1000.18,662.313,2800.35,,12.4477,-0.0892934,12.448,,-1.35769,9.77685,-1.21,-0.0331484,fluid
2378,19.0027,0.419939,,1000.35,669.54,5456.92,,12.6291,-0.103007,12.6295,,-0.423541,9.87514,-0.136475,0.065142,fluid
2379,19.0121,0.436187,,1000.39,676.862,6101.37,,12.7732,-0.110848,12.7737,,-0.242062,9.92182,0.0787343,0.111815,fluid
2380,18.9757,0.452788,,1000.46,683.477,7250.22,,12.8835,-0.120941,12.8841,,-1.44587,9.95158,-1.06397,0.141582,fluid
2381,18.9003,0.468035,,1000.4,702.275,6286.59,,13.1363,-0.126716,13.1369,,-3.912,9.78142,-3.57951,-0.0285835,fluid
2382,18.7496,0.477945,,999.259,734.434,0,,13.488,-0.129728,13.4886,,-4.72849,10.0712,-4.72849,0.261231,fluid
2383,18.5756,0.480141,,999.116,718.263,0,,13.6747,-0.130113,13.6753,,-1.28275,9.90761,-1.28275,0.0976064,fluid
2384,18.479,0.489804,,999.829,713.81,0,,13.6765,-0.138991,13.6773,,0.958424,9.9708,0.958424,0.160798,fluid
2385,18.4143,0.507915,,1000.32,722.562,4983.39,,13.7096,-0.159563,13.7105,,1.64542,9.85346,1.91596,0.043463,fluid
2386,18.3536,0.529977,,1000.64,741.569,10055.2,,13.7782,-0.183725,13.7794,,1.25654,9.67963,1.80405,-0.13037,fluid
2387,18.2644,0.551184,,1000.83,760.541,13023,,13.8305,-0.211069,13.8321,,0.067775,9.38774,0.780214,-0.42226,fluid
2388,18.1443,0.571293,,1000.79,786.946,12416.7,,13.9933,-0.230498,13.9952,,-2.35313,9.11108,-1.66934,-0.69892,fluid
2389,17.9765,0.588375,,999.818,823.202,0,,14.3635,-0.23439,14.3654,,-4.16452,9.74202,-4.16452,-0.0679773,fluid
2390,17.7436,0.598529,,999.141,811.67,0,,14.7079,-0.249388,14.71,,-1.05244,10.2124,-1.05244,0.402387,fluid
2391,17.5233,0.599803,,1000.83,812.29,13109,,14.4175,-0.233959,14.4194,,2.08933,10.822,2.8368,1.01203,fluid
2392,17.3713,0.608776,,1001.13,819.015,17805.1,,14.2847,-0.301641,14.2879,,-0.479414,12.0251,0.544406,2.21508,fluid
2393,17.2206,0.630885,,1000.95,839.661,14962.8,,14.5416,-0.45064,14.5486,,-3.14001,14.466,-2.27194,4.65598,fluid
2394,17.019,0.663622,,1000.68,873.949,10657.3,,14.9834,-0.635503,14.9969,,-3.2076,14.9846,-2.58182,5.17463,fluid
2395,16.7594,0.679966,,1000.87,901.746,13633.6,,15.0431,-0.579571,15.0542,,1.5217,14.4286,2.33449,4.61864,fluid
2396,16.5086,0.674321,,1001.61,861.558,25468.7,,14.4256,-0.795981,14.4475,,1.69449,20.083,3.23476,10.273,fluid
2397,16.308,0.694373,,1001.83,860.174,28955.6,,14.2247,-1.38124,14.2916,,-2.53196,21.1958,-0.75967,11.3858,fluid
2398,16.1033,0.745831,,1002.08,897.363,32911.4,,14.4942,-1.59023,14.5812,,-3.90192,10.7317,-1.8624,0.921684,fluid
2399,15.8623,0.786451,,1002.11,953.995,33359.9,,14.762,-1.35912,14.8244,,-4.15018,5.77374,-2.05151,-4.03626,fluid
2400,15.5984,0.799594,,1001.38,969.926,21715.1,,14.681,-1.21908,14.7315,,0.646334,6.36759,2.03655,-3.44241,fluid
2401,15.351,0.812742,,1001.23,938.604,19353.7,,14.358,-1.3472,14.421,,3.85504,8.48783,5.11424,-1.32217,fluid
2402,15.1189,0.849313,,1001.46,936.774,22940.2,,14.2081,-1.38802,14.2757,,1.79482,9.04177,3.30993,-0.768229,fluid
2403,14.8747,0.890332,,1001.51,958.298,23824.1,,14.2006,-1.2457,14.2551,,-0.631046,8.18298,0.968191,-1.62702,fluid
2404,14.6132,0.914277,,1001.15,980.253,18189.1,,14.1144,-1.09033,14.1565,,1.82337,9.41268,3.06664,-0.397321,fluid
2405,14.3483,0.92414,,1000.88,967.898,13920.7,,13.8473,-1.13231,13.8935,,4.14961,12.9267,5.11896,3.1167,fluid
2406,14.0882,0.940427,,1001.06,961.959,16762.6,,13.5781,-1.27192,13.6375,,2.97435,14.4167,4.16292,4.60665,fluid
2407,13.826,0.967536,,1001.06,970.692,16646,,13.3707,-1.36673,13.4404,,2.41305,14.8879,3.61574,5.07786,fluid
2408,13.5576,0.998702,,1000.96,971.251,15116.3,,13.1286,-1.45302,13.2088,,3.2456,16.5257,4.35949,6.71571,fluid
2409,13.2861,1.03236,,1001.08,968.408,17032.6,,12.8377,-1.56205,12.9324,,3.28033,18.1067,4.56093,8.29671,fluid
2410,13.0122,1.06881,,1001.09,970.969,17226.2,,12.5602,-1.66893,12.6706,,3.11586,19.6587,4.43825,9.84869,fluid
2411,12.7352,1.10689,,1000.99,967.356,15607.3,,12.2688,-1.81785,12.4028,,4.25857,22.1483,5.48288,12.3383,fluid
2412,12.4566,1.14832,,1001.07,954.108,16866.8,,11.9037,-2.05941,12.0805,,5.11409,23.9917,6.46669,14.1817,fluid
2413,12.1774,1.19693,,1001.35,941.836,21313.4,,11.5208,-2.32503,11.7531,,4.11594,23.4744,5.86381,13.6644,fluid
2414,11.8943,1.25261,,1001.61,938.397,25450.2,,11.1757,-2.52005,11.4563,,3.12822,22.0159,5.26447,12.2059,fluid
2415,11.6056,1.31139,,1001.64,926.152,25876.3,,10.8172,-2.69699,11.1483,,4.2641,21.7896,6.49009,11.9796,fluid
2416,11.3127,1.37598,,1001.79,904.144,28299,,10.3486,-2.90421,10.7484,,4.89526,21.7809,7.3923,11.9709,fluid
2417,11.0228,1.44881,,1001.91,895.607,30081.5,,9.91636,-3.09989,10.3896,,4.63049,21.382,7.35431,11.572,fluid
2418,10.7286,1.53236,,1001.92,890.068,30268.1,,9.51015,-3.25647,10.0522,,4.91988,21.5454,7.73574,11.7354,fluid
2419,10.4351,1.62805,,1001.68,879.242,26578.7,,9.14762,-3.36544,9.74706,,6.84583,24.0207,9.38859,14.2107,fluid
2420,10.1376,1.72972,,1001.61,858.928,25404.8,,8.70587,-3.61298,9.42581,,6.85758,24.9609,9.35956,15.1509,fluid
2421,9.8366,1.84526,,1001.62,839.764,25587.7,,8.27574,-3.84717,9.12626,,7.78957,24.785,10.3866,14.975,fluid
2422,9.5298,1.97736,,1001.74,815.513,27438.5,,7.78341,-4.0913,8.79319,,7.79261,24.2078,10.6668,14.3978,fluid
2423,9.22768,2.12744,,1001.74,789.681,27486.1,,7.26325,-4.30915,8.44533,,7.755,23.276,10.7285,13.466,fluid
2424,8.93328,2.29757,,1001.65,760.952,26082.5,,6.80499,-4.43881,8.12471,,8.39279,23.2074,11.3077,13.3974,fluid
2425,8.65526,2.47363,,1001.44,732.034,22752.5,,6.39919,-4.67936,7.92755,,8.05585,22.7313,10.6808,12.9213,fluid
2426,8.40832,2.67424,,1000.9,715.51,14190.8,,6.14831,-4.81502,7.80936,,9.17602,22.7641,10.8622,12.9541,fluid
2427,8.20027,2.90589,,998.942,671.678,0,,5.84817,-4.88389,7.61928,,8.77459,20.6741,8.77459,10.8641,fluid
2428,7.99888,3.13466,,996.741,638.379,0,,5.26944,-5.31219,7.4824,,6.71508,16.7506,6.71508,6.94064,fluid
2429,7.68881,3.30012,,999.961,590.48,0,,4.49167,-5.94139,7.44817,,7.20365,16.6862,7.20365,6.87621,fluid
2430,7.50769,3.44738,,1000.19,583.454,2921.68,,4.37341,-6.08784,7.4959,,7.26444,17.6977,7.65352,7.88772,fluid
2431,7.44493,3.62325,,1000.3,586.143,4638.93,,4.35849,-6.24066,7.61199,,7.36551,17.7426,7.98842,7.93262,fluid
2432,12.3203,0.00657106,,998.464,428.359,0,,4.55555,-0.0212582,4.5556,,-1.72781,9.80671,-1.72781,-0.00328967,fluid
2433,17.21,0.180192,,1000.36,644.69,5683,,10.1378,-0.035717,10.1379,,1.02567,9.07502,1.35577,-0.734982,fluid
2434,19.0102,0.280552,,1000.03,570.62,540.084,,10.9876,-0.0498704,10.9877,,0.393991,10.0481,0.4224,0.238103,fluid
2435,19.4239,0.3111,,998.673,590.842,0,,11.507,-0.0523407,11.5071,,1.26494,9.88746,1.26494,0.0774638,fluid
2436,19.6224,0.331613,,998.625,606.594,0,,12.0055,-0.0598397,12.0057,,-0.00104688,9.66725,-0.00104688,-0.142749,fluid
2437,19.7758,0.352507,,1000.06,626.09,983.936,,12.2796,-0.068251,12.2798,,0.466584,9.52117,0.516335,-0.288833,fluid
2438,19.7585,0.364786,,999.937,635.233,0,,12.3927,-0.0710277,12.3929,,0.184667,9.82804,0.184667,0.0180441,fluid
2439,19.7486,0.380247,,999.919,642.264,0,,12.496,-0.0771461,12.4963,,0.142863,9.85913,0.142863,0.0491299,fluid
2440,19.7581,0.397183,,1000.03,649.335,502.245,,12.6057,-0.0847802,12.606,,0.198896,9.66921,0.224315,-0.140791,fluid
2441,19.7441,0.413267,,1000.03,654.157,420.09,,12.6926,-0.0924314,12.693,,0.127337,9.7571,0.148613,-0.0528976,fluid
2442,19.7551,0.435436,,1000.15,661.553,2305.83,,12.8205,-0.107367,12.821,,0.237402,9.60909,0.354106,-0.200911,fluid
2443,19.6892,0.45237,,1000.08,657.796,1209.32,,12.879,-0.115764,12.8796,,-0.15348,9.82187,-0.0920639,0.0118694,fluid
2444,19.6403,0.468731,,1000.11,660.931,1794.87,,12.9876,-0.127922,12.9882,,-0.50417,9.81929,-0.412793,0.00928928,fluid
2445,19.5838,0.484907,,1000.18,667.806,2887.93,,13.0779,-0.142137,13.0786,,-0.860763,9.99539,-0.713324,0.185389,fluid
2446,19.5657,0.506833,,1000.36,677.014,5586.99,,13.2539,-0.162001,13.2549,,-1.48004,10.0829,-1.19459,0.27291,fluid
2447,19.5117,0.52502,,1000.47,684.564,7356.79,,13.4227,-0.178839,13.4239,,-2.07893,10.1642,-1.70206,0.354153,fluid
2448,19.4354,0.543573,,1000.47,698.203,7425.95,,13.6528,-0.194335,13.6542,,-2.13634,10.1782,-1.75444,0.368171,fluid
2449,19.3336,0.561101,,1000.17,715.134,2723.41,,13.9122,-0.203947,13.9136,,-0.94015,10.4744,-0.79931,0.664376,fluid
2450,19.2077,0.576432,,999.953,725.065,0,,14.1466,-0.225986,14.1484,,0.364219,10.7193,0.364219,0.909342,fluid
2451,19.0603,0.592353,,1000.63,731.522,9905.07,,14.2423,-0.237252,14.2443,,0.391645,10.5119,0.910989,0.701865,fluid
2452,18.8959,0.607886,,1001.25,765.891,19647.2,,14.3138,-0.250753,14.316,,-4.41836,11.158,-3.3799,1.34801,fluid
2453,18.7084,0.6232,,1000.46,790.446,7234.57,,14.6007,-0.321081,14.6043,,-4.653,10.6694,-4.26647,0.859386,fluid
2454,18.4969,0.639099,,1000.46,784.333,7254.04,,14.692,-0.29782,14.695,,0.263389,8.98029,0.655385,-0.829712,fluid
2455,18.3079,0.650396,,1001.17,786.747,18494.9,,14.4447,-0.309422,14.448,,0.941343,10.3472,1.95038,0.537168,fluid
2456,18.1551,0.675648,,1001.51,805.019,23761.8,,14.4811,-0.508964,14.4901,,-2.88442,12.7925,-1.57757,2.98246,fluid
2457,17.9874,0.71244,,1001.16,837.049,18198.3,,14.8537,-0.760626,14.8732,,-5.10664,12.1549,-4.09608,2.34493,fluid
2458,17.773,0.73529,,1000.63,849.571,9901.88,,15.2164,-0.727174,15.2338,,-1.77989,9.55622,-1.22311,-0.25378,fluid
2459,17.5302,0.746582,,1001.36,856.848,21456.1,,15.0122,-0.690402,15.0281,,2.60456,12.4785,3.82685,2.66854,fluid
2460,17.3162,0.773188,,1001.58,852.522,24841.2,,14.6644,-0.877748,14.6906,,0.0547281,11.2622,1.48704,1.45215,fluid
2461,17.1151,0.81322,,1001.43,865.858,22474.2,,14.7884,-0.861957,14.8135,,-2.41377,8.15099,-1.10252,-1.65901,fluid
2462,16.8821,0.828636,,1001.24,910.577,19597.6,,15.1078,-0.697167,15.1239,,-1.51878,8.34394,-0.359372,-1.46606,fluid
2463,16.6216,0.815234,,1000.75,919.73,11722.8,,15.0235,-0.737407,15.0416,,3.01983,11.2509,3.72458,1.4409,fluid
2464,16.3841,0.818209,,1001.05,897.941,16491.1,,14.6505,-1.02743,14.6865,,2.45569,12.8662,3.46117,3.05625,fluid
2465,16.1707,0.858323,,1001.18,899.102,18540.1,,14.5933,-1.15447,14.6389,,0.310581,11.2179,1.45576,1.40786,fluid
2466,15.9407,0.902151,,1001.45,923.497,22892.4,,14.7271,-1.02417,14.7627,,-2.11269,9.15464,-0.67868,-0.655358,fluid
2467,15.6805,0.919825,,1001.05,964.714,16473.5,,14.7889,-0.840485,14.8127,,-1.4743,8.83611,-0.424822,-0.973887,fluid
2468,15.4103,0.918401,,1000.35,951.567,5533.85,,14.5785,-0.930144,14.6082,,3.09059,12.1388,3.44956,2.32882,fluid
2469,15.1544,0.933674,,1000.66,935.437,10433.1,,14.3341,-1.12664,14.3783,,3.36752,14.2507,4.05552,4.44074,fluid
2470,14.9008,0.967043,,1000.98,949.41,15350.7,,14.2496,-1.15598,14.2964,,0.721385,13.7567,1.75057,3.94673,fluid
2471,14.6344,0.998168,,1000.9,972.598,14241.8,,14.1712,-1.05663,14.2105,,1.43158,14.1807,2.40387,4.37065,fluid
2472,14.3589,1.02052,,1000.74,970.463,11624.1,,13.9446,-1.03615,13.9831,,3.52908,17.3446,4.33802,7.53461,fluid
2473,14.0826,1.04312,,1000.78,965.841,12241.3,,13.6672,-1.16181,13.7165,,3.24403,19.554,4.11261,9.74399,fluid
2474,13.807,1.07075,,1000.73,969.937,11505.2,,13.4368,-1.34146,13.5036,,2.77435,20.6112,3.60703,10.8012,fluid
2475,13.5286,1.10311,,1000.76,968.825,12012.7,,13.1824,-1.53966,13.272,,3.26611,21.8895,4.15338,12.0795,fluid
2476,13.2459,1.14081,,1000.95,965.459,14894.6,,12.8853,-1.74456,13.0029,,3.21982,22.5796,4.34322,12.7696,fluid
2477,12.958,1.18212,,1001.1,964.908,17281.2,,12.595,-1.92399,12.7412,,2.8489,22.6478,4.18107,12.8378,fluid
2478,12.6644,1.22506,,1001.12,963.066,17707.7,,12.2814,-2.09528,12.4589,,3.80871,23.8124,5.20536,14.0024,fluid
2479,12.3671,1.2726,,1001.25,949.693,19772.4,,11.8923,-2.32226,12.1169,,4.90347,24.825,6.50026,15.015,fluid
2480,12.0681,1.32932,,1001.65,940.193,26022.3,,11.4813,-2.54404,11.7598,,4.3512,23.8469,6.50393,14.0369,fluid
2481,11.7672,1.39394,,1001.79,939.263,28286.1,,11.1447,-2.6914,11.4651,,4.22164,22.7122,6.62114,12.9022,fluid
2482,11.4581,1.46557,,1001.62,925.101,25604.7,,10.7556,-2.80796,11.1161,,5.75015,23.8462,7.98117,14.0362,fluid
2483,11.146,1.54422,,1001.41,906.633,22276,,10.283,-2.9722,10.704,,6.10644,25.4184,8.1022,15.6084,fluid
2484,10.8309,1.63161,,1001.46,901.618,23012.1,,9.86684,-3.21352,10.377,,6.58233,25.469,8.70389,15.659,fluid
2485,10.5106,1.7433,,1000.99,881.079,15561.8,,9.46668,-3.27277,10.0164,,8.15558,28.2249,9.63471,18.4149,fluid
2486,10.1857,1.85439,,1000.94,857.682,14808,,8.95591,-3.58663,9.6474,,8.137,28.5034,9.58945,18.6934,fluid
2487,9.85742,1.98847,,1000.92,841.664,14535.5,,8.5245,-3.8774,9.3649,,9.96151,27.3043,11.4347,17.4943,fluid
2488,9.51397,2.14706,,1000.87,811.179,13749.2,,7.90556,-4.06408,8.88902,,9.95283,26.5218,11.3967,16.7118,fluid
2489,9.19037,2.31362,,1000.54,777.02,8502.01,,7.32908,-4.33796,8.51665,,9.70396,25.8511,10.6286,16.0411,fluid
2490,8.91121,2.51448,,999.195,745.344,0,,7.0306,-4.58455,8.3933,,10.4475,23.4626,10.4475,13.6526,fluid
2491,8.65644,2.73686,,996.637,693.559,0,,6.48529,-4.87082,8.11072,,9.02571,20.3449,9.02571,10.5349,fluid
2492,8.40505,2.95234,,996.504,674.797,0,,5.73968,-5.45462,7.91813,,7.49727,17.2345,7.49727,7.42452,fluid
2493,8.05072,3.12151,,1000.08,609.981,1231.27,,4.91505,-6.00501,7.76001,,7.92656,18.7193,8.07949,8.9093,fluid
2494,7.85565,3.27683,,1000.23,608.653,3573.24,,4.76256,-6.13874,7.76956,,7.91815,18.8861,8.37291,9.07614,fluid
2495,7.77627,3.46433,,1000.32,608.747,5083.16,,4.7246,-6.29048,7.86714,,8.26519,18.6089,8.91865,8.7989,fluid
2496,13.1572,0.0173923,,999.624,403.638,0,,5.34319,-0.0197034,5.34323,,-1.65055,9.95628,-1.65055,0.146281,fluid
2497,17.8204,0.194623,,1002.03,550.267,32023.7,,10.3243,-0.0700244,10.3246,,6.94534,10.3162,8.73873,0.506233,fluid
2498,20.0505,0.30679,,999.662,575.86,0,,11.3273,-0.0491405,11.3274,,2.56112,9.75718,2.56112,-0.0528184,fluid
2499,20.2139,0.332902,,999.11,575.363,0,,11.6037,-0.0533217,11.6038,,0.789943,9.8766,0.789943,0.0666008,fluid
2500,20.1128,0.347016,,999.352,586.741,0,,11.6663,-0.0598434,11.6665,,2.2724,9.74408,2.2724,-0.0659173,fluid
2501,20.1328,0.363386,,999.262,591.197,0,,11.812,-0.0653139,11.8122,,2.12124,9.77676,2.12124,-0.0332379,fluid
2502,20.1565,0.379382,,999.139,595.02,0,,11.9649,-0.0708339,11.9651,,1.91071,9.87614,1.91071,0.0661412,fluid
2503,20.2342,0.398352,,998.738,597.983,0,,12.1478,-0.076383,12.148,,0.954791,9.92982,0.954791,0.119823,fluid
2504,20.3085,0.419152,,998.59,606.12,0,,12.2998,-0.0839504,12.3001,,-0.156522,9.88644,-0.156522,0.076439,fluid
2505,20.3076,0.434506,,998.444,615.55,0,,12.4776,-0.0915705,12.478,,-0.162045,9.91688,-0.162045,0.106881,fluid
2506,20.3707,0.457061,,998.417,618.565,0,,12.6068,-0.103034,12.6072,,-1.11931,9.86043,-1.11931,0.0504284,fluid
2507,20.3864,0.476276,,998.358,625.23,0,,12.7521,-0.11495,12.7527,,-1.50903,9.8925,-1.50903,0.0824954,fluid
2508,20.3562,0.492156,,998.264,635.123,0,,12.9286,-0.12679,12.9292,,-1.22457,9.98317,-1.22457,0.173174,fluid
2509,20.3034,0.507983,,998.498,639.605,0,,13.0745,-0.141533,13.0752,,-0.31263,10.1016,-0.31263,0.291576,fluid
2510,20.2554,0.527166,,999.014,640.359,0,,13.2154,-0.16257,13.2164,,0.567518,10.2459,0.567518,0.435934,fluid
2511,20.1889,0.544675,,999.886,642.521,0,,13.3284,-0.189324,13.3298,,1.69206,10.5564,1.69206,0.746379,fluid
2512,20.11,0.565687,,1000.85,653.702,13430.3,,13.4718,-0.23116,13.4738,,0.843743,10.5935,1.51101,0.783464,fluid
2513,20.014,0.592759,,1001.46,680.074,22943.9,,13.7499,-0.273353,13.7526,,-0.979948,10.7994,0.164776,0.989368,fluid
2514,19.8958,0.620207,,1001.18,714.636,18651.2,,14.0562,-0.325738,14.06,,-1.02865,11.3323,-0.0923176,1.52234,fluid
2515,19.7421,0.644172,,1000.85,727.425,13325.9,,14.2712,-0.342542,14.2753,,-1.5232,10.8366,-0.848768,1.02662,fluid
2516,19.5601,0.655765,,1001.03,732.126,16222.9,,14.2897,-0.313148,14.2931,,-2.75002,11.1062,-1.92149,1.29616,fluid
2517,19.3842,0.662506,,1000.84,744.677,13282.9,,14.3951,-0.41999,14.4013,,-2.56287,12.8484,-1.87821,3.03841,fluid
2518,19.2145,0.6881,,1000.69,745.547,10791.8,,14.5294,-0.611827,14.5423,,0.15524,13.8239,0.716503,4.01389,fluid
2519,19.0492,0.737923,,1001.21,757.227,19126,,14.5387,-0.745394,14.5578,,0.643967,12.4119,1.64678,2.60189,fluid
2520,18.8826,0.790277,,1001.5,778.111,23652.6,,14.623,-0.698079,14.6396,,-2.30253,10.1565,-1.0518,0.346549,fluid
2521,18.6978,0.827189,,1001.19,807.094,18762.9,,14.9053,-0.560594,14.9159,,-3.25484,8.50784,-2.25255,-1.30216,fluid
2522,18.48,0.852445,,1000.49,817.891,7685.84,,15.0776,-0.434355,15.0839,,-0.0119275,8.36323,0.403769,-1.44677,fluid
2523,18.256,0.872654,,1000.79,813.346,12405.7,,14.9627,-0.415343,14.9684,,1.13066,10.1789,1.80966,0.368869,fluid
2524,18.0508,0.889295,,1001.09,827.712,17152.6,,14.9178,-0.458698,14.9249,,-1.94885,9.74886,-0.999649,-0.0611432,fluid
2525,17.8386,0.895195,,1000.83,852.593,13083.2,,15.1487,-0.416746,15.1545,,-2.6868,8.35415,-1.95399,-1.45585,fluid
2526,17.5984,0.893569,,1000.3,871.405,4648.9,,15.201,-0.374349,15.2056,,1.54226,9.1096,1.80634,-0.700405,fluid
2527,17.3703,0.908714,,1000.24,858.285,3843.25,,14.9437,-0.426455,14.9498,,2.43619,11.1244,2.65739,1.31443,fluid
2528,17.1619,0.944203,,1000.54,856.335,8411.37,,14.871,-0.484122,14.8788,,0.157687,11.2964,0.647543,1.48642,fluid
2529,16.9385,0.975999,,1000.8,883.22,12555.5,,15.0391,-0.390793,15.0442,,-1.813,10.1125,-1.07235,0.302527,fluid
2530,16.6814,0.97499,,999.999,919.71,0,,15.1296,-0.294796,15.1324,,0.307225,10.9303,0.307225,1.12029,fluid
2531,16.4167,0.958498,,999.331,903.524,0,,14.8946,-0.483334,14.9024,,2.83649,14.3068,2.83649,4.49676,fluid
2532,16.1774,0.968906,,999.934,891.829,0,,14.7141,-0.74218,14.7328,,2.05056,15.0588,2.05056,5.24882,fluid
2533,15.9426,1.00062,,1000.45,907.957,7058.02,,14.7397,-0.781063,14.7604,,-0.347813,14.0833,0.0947026,4.27328,fluid
2534,15.6861,1.02527,,1000.27,942.563,4230.4,,14.7874,-0.689637,14.8035,,-1.42812,13.1037,-1.1585,3.29367,fluid
2535,15.4119,1.03479,,999.537,946.568,0,,14.6659,-0.722847,14.6837,,1.86572,14.9338,1.86572,5.12378,fluid
2536,15.1414,1.04857,,999.628,929.811,0,,14.4221,-0.905024,14.4505,,3.20253,17.796,3.20253,7.98602,fluid
2537,14.8771,1.07664,,999.982,937.78,0,,14.2776,-1.03847,14.3153,,1.38524,18.4304,1.38524,8.62037,fluid
2538,14.6063,1.10998,,1000.05,953.916,786.011,,14.1763,-1.06368,14.2162,,1.47283,18.4596,1.52664,8.64964,fluid
2539,14.3243,1.14028,,999.944,957.74,0,,13.9847,-1.1076,14.0285,,2.82829,19.9728,2.82829,10.1628,fluid
2540,14.0371,1.16765,,999.875,955.2,0,,13.745,-1.26091,13.8027,,2.81769,21.5162,2.81769,11.7062,fluid
2541,13.7484,1.19814,,999.859,955.92,0,,13.5093,-1.45877,13.5878,,2.57538,22.2466,2.57538,12.4366,fluid
2542,13.4556,1.236,,999.924,954.005,0,,13.2312,-1.65748,13.3346,,3.07181,22.7682,3.07181,12.9582,fluid
2543,13.1576,1.28034,,1000.12,948.036,1959.96,,12.9157,-1.8486,13.0473,,3.12345,22.6436,3.27239,12.8336,fluid
2544,12.8542,1.32793,,1000.24,948.844,3841.52,,12.6064,-2.00967,12.7656,,2.84234,22.1061,3.14112,12.2961,fluid
2545,12.5432,1.3789,,1000.09,945.923,1337.56,,12.2644,-2.14986,12.4514,,3.8817,22.5431,3.98833,12.7331,fluid
2546,12.2261,1.43654,,999.996,932.18,0,,11.843,-2.31524,12.0671,,4.89743,23.8069,4.89743,13.9969,fluid
2547,11.9065,1.5041,,999.886,922.072,0,,11.428,-2.47958,11.6939,,4.9052,23.9947,4.9052,14.1847,fluid
2548,11.5787,1.58395,,999.209,901.38,0,,11.016,-2.59826,11.3183,,4.97982,24.5242,4.97982,14.7142,fluid
2549,11.2429,1.67108,,998.499,872.679,0,,10.5315,-2.78407,10.8933,,5.76124,25.54,5.76124,15.73,fluid
2550,10.9046,1.76626,,998.224,855.793,0,,10.0962,-3.06714,10.5518,,7.04444,26.5894,7.04444,16.7794,fluid
2551,10.5467,1.89935,,996.681,818.993,0,,9.55749,-3.24936,10.0947,,7.57375,25.8126,7.57375,16.0026,fluid
2552,10.1817,2.02864,,996.433,796.91,0,,8.88352,-3.61092,9.58935,,7.59899,24.4685,7.59899,14.6585,fluid
2553,9.83888,2.16747,,996.787,803.552,0,,8.46589,-4.10777,9.40983,,8.86385,23.3223,8.86385,13.5123,fluid
2554,9.50099,2.35394,,995.167,785.843,0,,7.94787,-4.45934,9.11342,,8.40754,21.1345,8.40754,11.3245,fluid
2555,9.15895,2.55264,,994.524,759.914,0,,7.16268,-4.9283,8.69438,,8.4813,19.4303,8.4813,9.62034,fluid
2556,8.82904,2.74719,,997.501,722.081,0,,6.26103,-5.61348,8.40902,,8.31156,18.2905,8.31156,8.48049,fluid
2557,8.42638,2.92409,,1000.06,639.282,988.015,,5.39514,-6.02129,8.08477,,8.83868,20.0809,8.95593,10.2709,fluid
2558,8.21634,3.09155,,1000.21,634.019,3369.99,,5.22566,-6.15755,8.07607,,8.81743,19.9891,9.22749,10.1791,fluid
2559,8.11673,3.29273,,1000.34,633.024,5306.82,,5.14325,-6.31973,8.14813,,9.04442,19.6516,9.69802,9.84159,fluid
2560,13.6227,0.0284186,,995.88,400.164,0,,5.93743,-0.0170267,5.93746,,-2.21472,9.67945,-2.21472,-0.13055,fluid
2561,18.4123,0.21512,,995.931,533.945,0,,10.4802,-0.0329759,10.4802,,1.65715,9.91773,1.65715,0.107729,fluid
2562,20.4534,0.327649,,1000.43,547.077,6833.02,,11.0427,-0.0727425,11.043,,1.84091,9.53099,2.17484,-0.279012,fluid
2563,20.8728,0.352346,,999.335,577.524,0,,12.0741,-0.0570884,12.0743,,2.0233,9.66932,2.0233,-0.140679,fluid
2564,20.8696,0.363738,,999.49,581.692,0,,12.1498,-0.0603925,12.15,,2.11722,9.67819,2.11722,-0.131809,fluid
2565,20.9682,0.379983,,1000.02,592.796,257.592,,12.4249,-0.0605295,12.425,,2.45616,9.83694,2.46844,0.0269393,fluid
2566,21.019,0.397604,,1000.06,599.495,944.293,,12.5882,-0.0653534,12.5884,,2.29971,9.83956,2.34463,0.0295639,fluid
2567,20.9658,0.413424,,1000.12,599.395,1914.5,,12.5798,-0.0768723,12.5801,,2.60405,9.92472,2.69536,0.114716,fluid
2568,20.9798,0.433769,,1000.16,605.267,2441.77,,12.7011,-0.0848392,12.7014,,2.71426,9.96123,2.83063,0.15123,fluid
2569,20.8707,0.447193,,1000.23,596.17,3557.41,,12.4656,-0.103235,12.4661,,2.3692,9.70237,2.53961,-0.107635,fluid
2570,20.8352,0.463996,,1000.24,597.949,3834.13,,12.4127,-0.116149,12.4133,,2.03653,9.69298,2.22051,-0.117015,fluid
2571,20.7952,0.48049,,1000.21,597.015,3228.58,,12.3382,-0.129039,12.3389,,1.60921,9.80367,1.76443,-0.00632704,fluid
2572,20.755,0.496054,,1000.13,592.008,2052.59,,12.2584,-0.140042,12.2592,,1.13448,9.96477,1.23336,0.154772,fluid
2573,20.7385,0.513389,,1000.2,590.66,3105.45,,12.2577,-0.159494,12.2587,,0.591487,10.0237,0.741201,0.213747,fluid
2574,20.7563,0.538507,,1000.54,597.611,8551.93,,12.4152,-0.19637,12.4168,,0.067927,9.96132,0.47972,0.151322,fluid
2575,20.7635,0.575417,,1000.96,609.078,15152,,12.6753,-0.232835,12.6775,,-0.445225,9.91067,0.283816,0.100675,fluid
2576,20.7211,0.612068,,1001.31,622.854,20686.7,,12.9272,-0.272678,12.9301,,-3.06147,10.0299,-2.06444,0.219866,fluid
2577,20.6442,0.646793,,1001.48,654.789,23350.4,,13.4017,-0.351527,13.4063,,-6.24833,10.8214,-5.11891,1.0114,fluid
2578,20.515,0.679025,,1000.54,693.148,8419.19,,13.8886,-0.496615,13.8975,,-4.84381,11.3844,-4.43364,1.57444,fluid
2579,20.3535,0.720354,,1000.19,697.217,3043.29,,14.2054,-0.483648,14.2137,,-1.29391,7.30429,-1.14442,-2.50571,fluid
2580,20.1914,0.773056,,1000.91,700.892,14385,,14.2853,-0.296731,14.2884,,1.68855,8.51288,2.40034,-1.29712,fluid
2581,20.0333,0.826278,,1001.01,710.106,15930.5,,14.3349,-0.203961,14.3364,,1.54747,10.9252,2.34187,1.11522,fluid
2582,19.8671,0.849175,,1000.85,721.054,13386.4,,14.3957,-0.209427,14.3972,,-0.106387,11.2264,0.566838,1.41637,fluid
2583,19.6848,0.848735,,1000.76,739.085,11918.3,,14.5123,-0.230773,14.5142,,-1.90801,10.7189,-1.30301,0.908854,fluid
2584,19.4869,0.844171,,1000.64,758.865,10067.4,,14.6264,-0.29927,14.6294,,-2.14149,10.6014,-1.6252,0.791384,fluid
2585,19.2911,0.865857,,1000.14,775.284,2232.63,,14.7078,-0.369129,14.7124,,-0.208771,9.53219,-0.0930532,-0.277807,fluid
2586,19.1021,0.905239,,999.613,770.59,0,,14.7333,-0.27507,14.7359,,1.34895,9.8327,1.34895,0.0226983,fluid
2587,18.9163,0.931586,,1000.1,769.864,1500.83,,14.7287,-0.224099,14.7304,,0.620024,10.5756,0.699358,0.765589,fluid
2588,18.7239,0.947131,,1000.36,793.029,5665.75,,14.8466,-0.267728,14.849,,-1.36131,10.9174,-1.05883,1.10744,fluid
2589,18.5122,0.966309,,999.636,809.509,0,,15.0159,-0.272026,15.0183,,-0.571538,9.40873,-0.571538,-0.401271,fluid
2590,18.2918,0.990423,,999.309,803.367,0,,14.9926,-0.216283,14.9941,,0.926831,10.3196,0.926831,0.509621,fluid
2591,18.0804,1.0141,,999.634,809.568,0,,14.9246,-0.237166,14.9264,,-0.202656,10.3888,-0.202656,0.578776,fluid
2592,17.8629,1.0294,,999.621,836.878,0,,15.0401,-0.27367,15.0426,,-1.44541,9.18099,-1.44541,-0.629014,fluid
2593,17.6199,1.03635,,998.534,857.403,0,,15.1608,-0.188532,15.1619,,0.239897,9.11278,0.239897,-0.697224,fluid
2594,17.3732,1.03756,,998.23,841.4,0,,14.9933,-0.22171,14.9949,,1.81106,11.2693,1.81106,1.45933,fluid
2595,17.1492,1.05424,,998.983,840.845,0,,14.8694,-0.375093,14.8741,,0.599135,11.8874,0.599135,2.07742,fluid
2596,16.9285,1.07965,,999.321,867.84,0,,14.958,-0.474823,14.9656,,-0.955733,10.9438,-0.955733,1.13383,fluid
2597,16.6862,1.10002,,998.17,900.471,0,,15.0876,-0.432119,15.0938,,-0.850061,10.3481,-0.850061,0.538121,fluid
2598,16.4217,1.1068,,996.735,891.453,0,,14.9947,-0.42991,15.0008,,1.21171,12.5836,1.21171,2.77358,fluid
2599,16.1638,1.11419,,997.185,871.929,0,,14.7959,-0.598804,14.808,,1.91353,14.6291,1.91353,4.81905,fluid
2600,15.9145,1.13377,,998.008,883.213,0,,14.7132,-0.768029,14.7332,,-0.0248084,14.6248,-0.0248084,4.81481,fluid
2601,15.6553,1.15867,,997.855,914.87,0,,14.7346,-0.843517,14.7587,,-1.39152,13.3199,-1.39152,3.50994,fluid
2602,15.3796,1.1799,,996.934,923.988,0,,14.6657,-0.88619,14.6925,,0.592919,13.4896,0.592919,3.67964,fluid
2603,15.0996,1.1995,,996.76,907.888,0,,14.4596,-1.01507,14.4951,,1.84203,15.3919,1.84203,5.58192,fluid
2604,14.8218,1.22507,,997.244,912.969,0,,14.2664,-1.19109,14.316,,0.983463,15.7532,0.983463,5.94321,fluid
2605,14.5393,1.25639,,997.395,931.287,0,,14.1071,-1.34047,14.1706,,1.11796,15.3864,1.11796,5.57644,fluid
2606,14.2477,1.28899,,997.169,936.712,0,,13.9129,-1.48451,13.9919,,1.9117,15.7645,1.9117,5.95453,fluid
2607,13.9498,1.32311,,996.912,935.539,0,,13.6854,-1.63711,13.783,,1.85389,16.1787,1.85389,6.36873,fluid
2608,13.6458,1.36213,,996.505,936.579,0,,13.4222,-1.77725,13.5394,,1.79692,16.0943,1.79692,6.28433,fluid
2609,13.3347,1.40602,,996.139,931.005,0,,13.0973,-1.92847,13.2386,,2.16145,16.1334,2.16145,6.32338,fluid
2610,13.0186,1.45499,,995.92,928.015,0,,12.7411,-2.1041,12.9137,,2.00763,15.9376,2.00763,6.12764,fluid
2611,12.6951,1.51098,,995.248,931.478,0,,12.3792,-2.26647,12.585,,1.67502,15.4099,1.67502,5.59988,fluid
2612,12.3616,1.57261,,994.202,920.72,0,,11.9977,-2.43047,12.2414,,2.70218,16.455,2.70218,6.64495,fluid
2613,12.0188,1.64054,,993.496,900.992,0,,11.5359,-2.64541,11.8353,,3.62788,18.4874,3.62788,8.67741,fluid
2614,11.6604,1.72044,,992.99,885.341,0,,11.0145,-2.9053,11.3913,,3.42172,19.6641,3.42172,9.85407,fluid
2615,11.2822,1.80979,,992.764,859.888,0,,10.4284,-3.21797,10.9136,,4.74794,21.0891,4.74794,11.2791,fluid
2616,10.8982,1.90923,,993.762,848.274,0,,9.79991,-3.63351,10.4518,,5.4184,22.2577,5.4184,12.4477,fluid
2617,10.5333,2.0322,,993.616,870.876,0,,9.36857,-4.11156,10.2311,,6.53528,21.2112,6.53528,11.4012,fluid
2618,10.1419,2.17852,,994.273,865.173,0,,8.57138,-4.59561,9.72564,,6.10394,19.4561,6.10394,9.64609,fluid
2619,9.73378,2.3385,,996.601,836.956,0,,7.80703,-5.06005,9.30343,,7.67646,19.4121,7.67646,9.60208,fluid
2620,9.2979,2.49944,,999.222,755.67,0,,6.84814,-5.66309,8.88637,,8.77389,21.2948,8.77389,11.4848,fluid
2621,8.8429,2.69985,,1000.11,682.503,1800.58,,6.06447,-5.91709,8.47288,,9.87784,22.255,10.0814,12.445,fluid
2622,8.59708,2.88792,,1000.17,667.764,2743.16,,5.74446,-6.15165,8.41675,,9.04502,20.8535,9.36405,11.0435,fluid
2623,8.46556,3.11001,,1000.35,660.535,5499.24,,5.6021,-6.31643,8.4428,,9.86307,20.758,10.5124,10.948,fluid
2624,14.4483,0.0411752,,992.51,526.051,0,,6.5929,-0.0167555,6.59292,,-2.79344,9.95053,-2.79344,0.140525,fluid
2625,19.4429,0.242689,,998.084,560.162,0,,10.7374,-0.0375974,10.7375,,1.15615,9.87709,1.15615,0.067091,fluid
2626,20.9563,0.349232,,999.78,579.994,0,,12.1515,-0.0524162,12.1516,,2.56631,9.83715,2.56631,0.0271533,fluid
2627,21.1169,0.374257,,1000.13,579.281,2078.82,,12.2289,-0.0594285,12.229,,3.07315,9.75622,3.17158,-0.0537818,fluid
2628,21.1446,0.386845,,1000.12,579.473,1908,,12.2459,-0.0616184,12.246,,3.04891,9.78912,3.13913,-0.020877,fluid
2629,21.2059,0.403261,,1000.07,574.35,1129.43,,12.1761,-0.0633691,12.1763,,3.14201,9.85136,3.19527,0.0413589,fluid
2630,21.2893,0.420301,,999.88,573.009,0,,12.0993,-0.0659813,12.0995,,2.87987,9.79073,2.87987,-0.0192664,fluid
2631,21.4272,0.44055,,999.586,559.433,0,,11.9987,-0.0778308,11.999,,2.23591,9.82336,2.23591,0.0133621,fluid
2632,21.5261,0.460797,,999.61,565.782,0,,12.0905,-0.0914093,12.0908,,1.67529,9.83538,1.67529,0.0253788,fluid
2633,21.5582,0.475198,,999.557,572.944,0,,12.2593,-0.101974,12.2598,,1.52927,9.82959,1.52927,0.0195875,fluid
2634,21.6045,0.495597,,999.471,579.005,0,,12.465,-0.120927,12.4656,,1.42203,9.84566,1.42203,0.0356609,fluid
2635,21.6183,0.520374,,999.319,588.689,0,,12.6804,-0.146162,12.6812,,1.24337,9.8952,1.24337,0.0852009,fluid
2636,21.6087,0.546537,,999.174,599.394,0,,12.9137,-0.179118,12.9149,,0.995601,9.93969,0.995601,0.12969,fluid
2637,21.5691,0.571721,,999.177,608.602,0,,13.1543,-0.21545,13.1561,,0.639494,9.98057,0.639494,0.170565,fluid
2638,21.4988,0.607151,,999.509,620.047,0,,13.4185,-0.291855,13.4217,,-0.0262506,10.4651,-0.0262506,0.655119,fluid
2639,21.3841,0.66314,,1000.23,635.615,3553.41,,13.689,-0.465388,13.6969,,-0.380137,10.2109,-0.214004,0.400917,fluid
2640,21.2432,0.733939,,1000.62,652.073,9816.94,,13.829,-0.517438,13.8387,,0.513813,8.8744,0.975647,-0.935604,fluid
2641,21.1016,0.795643,,1000.43,660.821,6692.44,,13.8494,-0.459551,13.857,,1.25807,8.13681,1.57509,-1.67319,fluid
2642,20.9573,0.8487,,1000.08,666.018,1270.08,,13.8723,-0.343272,13.8765,,1.31834,7.09991,1.37894,-2.71009,fluid
2643,20.8048,0.889072,,999.879,666.336,0,,13.9327,-0.168922,13.9337,,1.18023,7.84341,1.18023,-1.96659,fluid
2644,20.6472,0.91317,,1000.13,675.057,2112.49,,14.012,-0.119829,14.0125,,0.399688,9.783,0.501988,-0.0270005,fluid
2645,20.4871,0.935718,,1000.3,692.924,4693.19,,14.1403,-0.221185,14.142,,-0.260592,11.1039,-0.0315804,1.2939,fluid
2646,20.321,0.965008,,999.774,714.928,0,,14.2637,-0.221717,14.2655,,0.362892,7.83873,0.362892,-1.97127,fluid
2647,20.1476,0.9811,,999.293,709.969,0,,14.3099,-0.136446,14.3106,,1.57596,8.90106,1.57596,-0.90894,fluid
2648,19.9751,0.982547,,999.465,708.57,0,,14.3214,-0.148433,14.3221,,1.43897,10.2188,1.43897,0.40878,fluid
2649,19.8045,0.990739,,999.624,718.458,0,,14.3956,-0.197039,14.397,,0.0820746,10.5642,0.0820746,0.754193,fluid
2650,19.6216,1.01093,,999.37,738.561,0,,14.533,-0.188233,14.5342,,-1.04175,9.93004,-1.04175,0.120042,fluid
2651,19.4252,1.02701,,998.617,767.681,0,,14.6691,-0.168483,14.6701,,-0.980774,9.11405,-0.980774,-0.695948,fluid
2652,19.2233,1.03349,,997.709,776.901,0,,14.7368,-0.174772,14.7379,,0.304277,9.15183,0.304277,-0.658168,fluid
2653,19.0256,1.02995,,998.299,766.823,0,,14.7138,-0.255781,14.716,,1.1521,10.0823,1.1521,0.272344,fluid
2654,18.8372,1.03888,,999.313,775.836,0,,14.7281,-0.383609,14.733,,0.252949,10.5811,0.252949,0.771056,fluid
2655,18.6373,1.06197,,999.115,798.261,0,,14.876,-0.427454,14.8821,,-0.857943,10.0443,-0.857943,0.234324,fluid
2656,18.4124,1.07984,,998.218,805.155,0,,14.9775,-0.401341,14.9829,,0.218548,9.9486,0.218548,0.138599,fluid
2657,18.1838,1.0843,,998.637,803.174,0,,14.8939,-0.455434,14.9009,,0.709377,10.684,0.709377,0.873989,fluid
2658,17.9708,1.09362,,999.442,822.005,0,,14.875,-0.599542,14.887,,-0.382425,10.3373,-0.382425,0.527257,fluid
2659,17.7547,1.1194,,998.722,852.789,0,,15.0106,-0.627661,15.0237,,-0.771916,9.26115,-0.771916,-0.548853,fluid
2660,17.5131,1.13534,,997.126,857.167,0,,15.0576,-0.581085,15.0688,,0.590421,9.86824,0.590421,0.0582378,fluid
2661,17.2634,1.13529,,997.577,841.947,0,,14.9043,-0.678565,14.9198,,1.13324,11.6441,1.13324,1.83409,fluid
2662,17.0269,1.13727,,999.16,856.312,0,,14.8195,-0.900197,14.8468,,0.211416,11.9216,0.211416,2.11157,fluid
2663,16.7945,1.1571,,999.058,891.874,0,,14.8988,-1.01293,14.9332,,-0.633914,10.8202,-0.633914,1.01023,fluid
2664,16.5448,1.18337,,997.176,911.83,0,,14.9555,-0.99355,14.9884,,-0.0479769,10.6844,-0.0479769,0.87438,fluid
2665,16.2793,1.1978,,996.161,894.207,0,,14.8408,-1.04127,14.8772,,1.46402,12.5048,1.46402,2.69481,fluid
2666,16.0163,1.20881,,997.179,882.944,0,,14.6723,-1.22472,14.7233,,1.28568,14.1432,1.28568,4.33317,fluid
2667,15.7562,1.23076,,997.94,907.665,0,,14.6081,-1.41109,14.676,,-0.341096,13.6152,-0.341096,3.80523,fluid
2668,15.487,1.26025,,997.151,938.726,0,,14.5905,-1.49943,14.6674,,0.0275397,12.2895,0.0275397,2.47951,fluid
2669,15.2047,1.28517,,996.168,932.46,0,,14.4622,-1.57048,14.5472,,1.54011,13.0054,1.54011,3.19544,fluid
2670,14.9161,1.30625,,996.599,925.862,0,,14.2423,-1.73056,14.347,,1.48937,14.2446,1.48937,4.43462,fluid
2671,14.6253,1.33308,,997.284,947.156,0,,14.0307,-1.9328,14.1632,,1.166,14.0202,1.166,4.21015,fluid
2672,14.3295,1.36694,,997.321,965.821,0,,13.8202,-2.11479,13.9811,,1.61308,13.57,1.61308,3.75996,fluid
2673,14.0258,1.40489,,997.008,973.245,0,,13.5771,-2.27498,13.7664,,1.79979,13.5339,1.79979,3.72385,fluid
2674,13.7125,1.44593,,996.443,982.352,0,,13.2922,-2.42291,13.5113,,1.783,13.3857,1.783,3.57574,fluid
2675,13.3906,1.48902,,995.924,982.771,0,,12.9621,-2.5851,13.2173,,2.21988,13.6732,2.21988,3.86324,fluid
2676,13.0615,1.53565,,995.848,978.804,0,,12.577,-2.79288,12.8833,,2.47632,14.4117,2.47632,4.60169,fluid
2677,12.7237,1.58868,,995.624,984.082,0,,12.1682,-3.02212,12.5378,,2.02316,14.8977,2.02316,5.0877,fluid
2678,12.3715,1.64826,,994.959,978.326,0,,11.7493,-3.25844,12.1928,,2.1876,16.1292,2.1876,6.31924,fluid
2679,12,1.71466,,995.092,962.332,0,,11.2162,-3.56458,11.769,,3.1015,17.9886,3.1015,8.17855,fluid
2680,11.6105,1.7894,,996.055,943.338,0,,10.6183,-3.936,11.3243,,2.96932,19.6402,2.96932,9.83016,fluid
2681,11.2018,1.87414,,997.187,905.784,0,,9.9357,-4.32763,10.8373,,4.32348,21.3087,4.32348,11.4987,fluid
2682,10.7516,1.97103,,999.659,857.99,0,,9.06227,-4.76724,10.2397,,5.94067,22.5372,5.94067,12.7272,fluid
2683,10.2959,2.07694,,1000.11,814.609,1685.48,,8.41583,-5.11878,9.85029,,8.68714,24.6808,8.85083,14.8708,fluid
2684,9.80633,2.24001,,1000.11,775.053,1748.42,,7.59325,-5.29022,9.2544,,8.95895,25.3265,9.13723,15.5165,fluid
2685,9.33631,2.44786,,1000.05,738.659,713.738,,6.86326,-5.73523,8.94411,,9.57089,23.8295,9.64733,14.0195,fluid
2686,9.01567,2.65808,,1000.25,715.481,3976.68,,6.47031,-6.02292,8.83971,,10.6605,23.5849,11.1015,13.7749,fluid
2687,8.8204,2.91858,,1000.38,697.274,5906.04,,6.14262,-6.24463,8.75941,,10.5358,22.3244,11.2052,12.5144,fluid
2688,15.4301,0.0562882,,994.874,580.469,0,,7.69874,-0.0165615,7.69876,,-1.89713,9.86676,-1.89713,0.0567593,fluid
2689,19.5424,0.249838,,997.763,540.503,0,,10.8463,-0.038339,10.8464,,0.434154,9.73423,0.434154,-0.0757669,fluid
2690,21.2093,0.36845,,1000.18,567.621,2813.69,,12.009,-0.0577944,12.0091,,3.62769,9.78646,3.76032,-0.0235439,fluid
2691,21.3335,0.392057,,1000.02,558.335,334.772,,11.8452,-0.0563476,11.8454,,3.28751,9.60673,3.3032,-0.203273,fluid
2692,21.5881,0.412209,,1000.1,543.299,1539.18,,11.7474,-0.0744259,11.7477,,2.45161,9.79167,2.5229,-0.0183318,fluid
2693,21.8261,0.429724,,999.583,552.351,0,,11.8675,-0.0748467,11.8677,,2.46707,9.78555,2.46707,-0.024449,fluid
2694,22.0393,0.450647,,999.28,551.966,0,,12.0856,-0.0798042,12.0858,,2.00244,9.83784,2.00244,0.0278427,fluid
2695,22.0556,0.466162,,999.381,556.311,0,,12.2013,-0.0883891,12.2016,,1.96081,9.85857,1.96081,0.0485698,fluid
2696,22.1689,0.490527,,999.308,556.972,0,,12.4402,-0.0995442,12.4406,,1.93173,9.89561,1.93173,0.0856055,fluid
2697,22.2791,0.520268,,998.988,571.904,0,,12.6735,-0.115668,12.674,,1.45769,9.94011,1.45769,0.130109,fluid
2698,22.2038,0.540495,,998.958,575.927,0,,12.8378,-0.141502,12.8385,,1.6407,10.018,1.6407,0.208017,fluid
2699,22.1554,0.56571,,999.168,582.376,0,,13.0106,-0.175134,13.0118,,1.7805,10.088,1.7805,0.278014,fluid
2700,22.0714,0.5907,,999.843,587.536,0,,13.1516,-0.224221,13.1535,,1.72581,10.1351,1.72581,0.325135,fluid
2701,21.9759,0.625399,,1000.33,605.696,5112.43,,13.378,-0.261403,13.3805,,1.25856,10.453,1.49112,0.643019,fluid
2702,21.8457,0.680538,,1000.43,623.929,6804.27,,13.6333,-0.48366,13.6419,,1.29191,12.1303,1.60325,2.32034,fluid
2703,21.6896,0.749951,,1000.45,632.454,6999.9,,13.7053,-0.604935,13.7186,,2.28798,9.42435,2.61056,-0.385646,fluid
2704,21.5373,0.806852,,1000.38,635.747,6016.59,,13.6721,-0.525688,13.6822,,1.89458,8.94061,2.17383,-0.869386,fluid
2705,21.3856,0.841135,,1000.35,641.309,5503.55,,13.6854,-0.480004,13.6939,,1.26723,9.14968,1.52448,-0.660323,fluid
2706,21.2337,0.858373,,1000.32,648.485,5099.52,,13.7341,-0.464557,13.7419,,1.05982,9.26894,1.2999,-0.541064,fluid
2707,21.0827,0.891208,,1000.21,655.671,3334.39,,13.7771,-0.458641,13.7848,,1.12332,9.14658,1.28144,-0.663416,fluid
2708,20.9311,0.925923,,1000.06,663.311,890.745,,13.8448,-0.405579,13.8507,,1.13321,8.34752,1.17576,-1.46248,fluid
2709,20.7754,0.952371,,999.966,668.964,0,,13.9298,-0.288094,13.9327,,1.0652,8.43868,1.0652,-1.37132,fluid
2710,20.6192,0.968683,,1000.08,678.624,1278.25,,14.0258,-0.234128,14.0278,,0.537088,9.80609,0.599076,-0.00391254,fluid
2711,20.4613,0.985237,,1000.2,692.358,3196.88,,14.1489,-0.291899,14.1519,,0.0999892,11.0773,0.256198,1.26729,fluid
2712,20.2927,1.00229,,999.927,715.788,0,,14.2543,-0.325271,14.258,,0.594099,8.27952,0.594099,-1.53048,fluid
2713,20.1158,1.01245,,999.59,710.95,0,,14.2957,-0.280579,14.2985,,1.50734,9.45615,1.50734,-0.353846,fluid
2714,19.9402,1.02038,,999.701,709.638,0,,14.3139,-0.305055,14.3171,,1.1602,10.6369,1.1602,0.826862,fluid
2715,19.763,1.02555,,999.92,720.68,0,,14.3861,-0.352076,14.3905,,-0.0211353,10.7563,-0.0211353,0.946289,fluid
2716,19.5767,1.04017,,1000.11,736.306,1693.47,,14.5134,-0.420446,14.5195,,-0.910014,11.4782,-0.823519,1.66822,fluid
2717,19.3759,1.0568,,999.526,777.219,0,,14.648,-0.486376,14.6561,,-0.599953,9.34108,-0.599953,-0.468923,fluid
2718,19.1705,1.07444,,998.37,780.302,0,,14.7069,-0.457355,14.714,,0.600493,9.39723,0.600493,-0.412774,fluid
2719,18.9697,1.0766,,998.895,771.341,0,,14.6796,-0.499335,14.6881,,1.03018,10.2792,1.03018,0.469153,fluid
2720,18.7765,1.07832,,999.85,782.66,0,,14.7094,-0.613927,14.7222,,0.0766412,10.6366,0.0766412,0.826589,fluid
2721,18.5712,1.08833,,1000.02,800.118,335.409,,14.8414,-0.742348,14.8599,,-0.379728,10.7017,-0.361668,0.891683,fluid
2722,18.3429,1.1107,,999.421,805.998,0,,14.895,-0.755262,14.9142,,0.789265,10.6301,0.789265,0.820133,fluid
2723,18.1136,1.11983,,999.822,807.997,0,,14.8037,-0.798635,14.8253,,0.728219,11.0563,0.728219,1.24635,fluid
2724,17.9,1.12577,,1000.08,825.357,1191.2,,14.8229,-0.848423,14.8472,,-0.212766,11.2055,-0.146224,1.39551,fluid
2725,17.6822,1.13327,,999.799,856.248,0,,14.9445,-0.996098,14.9777,,0.0305508,10.0761,0.0305508,0.266115,fluid
2726,17.4431,1.15226,,998.512,854.894,0,,14.9541,-0.973546,14.9858,,1.24658,11.0151,1.24658,1.20512,fluid
2727,17.1952,1.16589,,998.986,843.165,0,,14.7934,-1.04294,14.8301,,1.22942,12.143,1.22942,2.33296,fluid
2728,16.9579,1.17386,,999.934,862.102,0,,14.7231,-1.16645,14.7693,,0.279102,11.7376,0.279102,1.92759,fluid
2729,16.7217,1.17613,,1000.15,884.999,2423.5,,14.7748,-1.38981,14.8401,,-0.106011,13.2704,0.0388982,3.4604,fluid
2730,16.4707,1.1977,,998.579,904.894,0,,14.7956,-1.41824,14.8634,,0.757122,12.0025,0.757122,2.19251,fluid
2731,16.2065,1.21623,,997.941,887.215,0,,14.6562,-1.46267,14.729,,1.87309,13.653,1.87309,3.84299,fluid
2732,15.9429,1.2304,,998.932,881.64,0,,14.4836,-1.61786,14.5737,,1.08751,14.6873,1.08751,4.8773,fluid
2733,15.68,1.24163,,999.805,907.22,0,,14.4118,-1.84621,14.5296,,-0.113295,14.2578,-0.113295,4.44784,fluid
2734,15.4092,1.26014,,999.381,928.154,0,,14.3695,-1.99671,14.5075,,0.96059,13.8747,0.96059,4.06465,fluid
2735,15.1269,1.28454,,998.868,919.638,0,,14.2175,-2.08477,14.3696,,2.15301,14.9903,2.15301,5.18026,fluid
2736,14.8362,1.30854,,999.363,920.959,0,,13.9915,-2.23469,14.1688,,1.71076,15.6879,1.71076,5.87791,fluid
2737,14.5389,1.33242,,999.877,939.535,0,,13.7669,-2.41947,13.9779,,1.61202,15.4668,1.61202,5.65678,fluid
2738,14.2345,1.35849,,999.985,946.075,0,,13.5268,-2.6031,13.775,,2.11874,15.7869,2.11874,5.97691,fluid
2739,13.9203,1.38922,,1000.04,943.905,607.346,,13.2434,-2.79405,13.5349,,2.16371,16.7362,2.20734,6.92619,fluid
2740,13.5924,1.42439,,1000.11,944.783,1755.73,,12.9014,-3.01867,13.2498,,2.46613,17.937,2.59529,8.12699,fluid
2741,13.2522,1.46529,,1000.1,943.327,1588.43,,12.5044,-3.22323,12.9132,,3.17404,18.3423,3.29389,8.53225,fluid
2742,12.9,1.50953,,1000.22,935.142,3500.67,,12.0645,-3.44206,12.5459,,3.38343,20.4545,3.65474,10.6445,fluid
2743,12.5342,1.56063,,1000.27,936.525,4277.93,,11.6001,-3.74843,12.1907,,3.55373,22.1013,3.89494,12.2913,fluid
2744,12.1548,1.62143,,999.949,932.912,0,,11.0913,-3.99301,11.7882,,4.15974,20.8478,4.15974,11.0378,fluid
2745,11.7589,1.68999,,1000.08,905.369,1224.49,,10.5249,-4.26901,11.3577,,4.69368,23.7556,4.7978,13.9456,fluid
2746,11.335,1.77431,,999.849,870.527,0,,9.9569,-4.52133,10.9354,,5.9765,25.2191,5.9765,15.4091,fluid
2747,10.8423,1.90104,,999.871,825.772,0,,9.08888,-4.6769,10.2216,,6.17661,25.8328,6.17661,16.0228,fluid
2748,10.3403,2.04835,,1000.03,817.513,540.271,,8.49073,-5.0771,9.8929,,8.41783,24.4227,8.47008,14.6127,fluid
2749,9.83306,2.24516,,1000.15,778.295,2405.32,,7.65084,-5.31387,9.31517,,9.08756,25.6677,9.33214,15.8577,fluid
2750,9.49356,2.4387,,1000.22,773.356,3405.65,,7.32438,-5.78098,9.33094,,9.04863,24.5771,9.40728,14.7671,fluid
2751,9.18953,2.72185,,1000.42,737.563,6599.67,,6.75395,-6.10546,9.10453,,10.9961,24.3786,11.714,14.5686,fluid
2752,15.7884,0.0726599,,996.424,420.238,0,,8.10707,-0.0137777,8.10708,,-2.6821,9.75511,-2.6821,-0.0548925,fluid
2753,20.1378,0.268718,,999.406,559.23,0,,11.1063,-0.0389461,11.1064,,1.00407,9.74689,1.00407,-0.0631061,fluid
2754,21.5895,0.386645,,1000.17,537.476,2732.74,,11.6275,-0.0692006,11.6277,,2.67774,9.86245,2.8043,0.0524537,fluid
2755,21.9423,0.413605,,998.959,539.97,0,,11.7978,-0.0644303,11.798,,2.11251,9.83882,2.11251,0.0288234,fluid
2756,22.1641,0.438575,,999.585,535.327,0,,11.9797,-0.0700332,11.9799,,1.96902,9.86506,1.96902,0.0550575,fluid
2757,22.335,0.457915,,1000.06,539.75,940.469,,12.0366,-0.0775018,12.0368,,2.39455,9.72753,2.43666,-0.0824716,fluid
2758,22.4557,0.47516,,1000.11,529.803,1781.43,,11.9508,-0.0860999,11.9511,,2.77888,9.99985,2.8582,0.189855,fluid
2759,22.6555,0.498358,,1000.07,528.453,1140.2,,12.0551,-0.08829,12.0554,,2.35335,9.88844,2.40368,0.0784415,fluid
2760,22.7241,0.515093,,1000.03,536.795,445.709,,12.2074,-0.0943396,12.2078,,2.29121,9.87258,2.31082,0.0625793,fluid
2761,22.7369,0.530311,,999.769,544.194,0,,12.3491,-0.105079,12.3496,,1.85896,9.92339,1.85896,0.11339,fluid
2762,22.7389,0.550581,,999.467,551.006,0,,12.5125,-0.123797,12.5131,,1.46766,9.96168,1.46766,0.15168,fluid
2763,22.6833,0.567635,,999.489,560.392,0,,12.693,-0.143908,12.6938,,0.999018,9.98424,0.999018,0.174235,fluid
2764,22.6014,0.585853,,999.578,572.958,0,,12.9218,-0.17037,12.9229,,0.371353,10.1232,0.371353,0.313158,fluid
2765,22.5033,0.607398,,999.39,590.137,0,,13.2062,-0.223304,13.2081,,-0.0828342,10.4438,-0.0828342,0.633815,fluid
2766,22.3774,0.636457,,999.119,601.239,0,,13.5003,-0.350408,13.5048,,-0.0273632,11.8324,-0.0273632,2.02243,fluid
2767,22.2219,0.681944,,1000.01,615.149,160.849,,13.7331,-0.506391,13.7424,,0.963767,9.48693,0.971005,-0.323075,fluid
2768,22.0595,0.721514,,1000.22,624.175,3517.23,,13.7851,-0.412815,13.7913,,2.55442,9.37546,2.71383,-0.434543,fluid
2769,21.8985,0.75882,,1000.37,628.956,5805.74,,13.78,-0.465591,13.7879,,2.80765,10.8683,3.07267,1.05829,fluid
2770,21.7395,0.804032,,1000.36,632.675,5596.24,,13.7305,-0.568135,13.7422,,2.91262,9.97788,3.16995,0.16788,fluid
2771,21.5865,0.849185,,1000.28,634.693,4343.18,,13.6747,-0.551159,13.6858,,2.2275,9.22622,2.42865,-0.583777,fluid
2772,21.4335,0.885978,,1000.24,638.941,3704.59,,13.6713,-0.515184,13.681,,1.388,9.31034,1.5608,-0.499655,fluid
2773,21.2763,0.918036,,1000.2,645.698,3109.72,,13.7126,-0.502668,13.7218,,0.881634,9.47516,1.02776,-0.334845,fluid
2774,21.1186,0.953413,,1000.14,653.934,2234.51,,13.7815,-0.510874,13.791,,0.698639,9.54496,0.804432,-0.265043,fluid
2775,20.9603,0.988294,,1000.06,663.307,972.335,,13.8761,-0.491659,13.8848,,0.723357,8.97128,0.769744,-0.838718,fluid
2776,20.8006,1.01783,,1000.01,672.171,165.957,,13.9784,-0.415505,13.9845,,0.803352,8.60721,0.811331,-1.20279,fluid
2777,20.6387,1.03844,,1000.05,681.069,750.808,,14.077,-0.355216,14.0815,,0.61921,9.54719,0.655587,-0.262813,fluid
2778,20.4697,1.05405,,1000.12,692.61,1928.77,,14.1851,-0.373881,14.1901,,0.239749,10.7186,0.333963,0.908611,fluid
2779,20.288,1.06958,,1000.12,705.538,1858.8,,14.277,-0.427249,14.2834,,0.570168,10.7015,0.661778,0.891474,fluid
2780,20.0988,1.0857,,999.845,716.396,0,,14.3177,-0.437393,14.3243,,0.978138,9.43669,0.978138,-0.373313,fluid
2781,19.9116,1.09691,,999.812,714.7,0,,14.3475,-0.442143,14.3544,,0.701002,10.2866,0.701002,0.476631,fluid
2782,19.728,1.10141,,999.968,727.325,0,,14.4255,-0.464815,14.433,,-0.0609585,10.2017,-0.0609585,0.391706,fluid
2783,19.5392,1.10058,,1000.1,741.728,1536.68,,14.5519,-0.498976,14.5605,,-0.720435,11.2641,-0.641797,1.45412,fluid
2784,19.3356,1.10655,,1000.21,759.701,3370.54,,14.6758,-0.660171,14.6906,,-0.241978,12.9653,-0.0676977,3.1553,fluid
2785,19.1191,1.13143,,1000.04,783.878,560.348,,14.7067,-0.77717,14.7272,,0.628901,10.148,0.658209,0.338002,fluid
2786,18.9069,1.14925,,1000.04,776.747,640.447,,14.6912,-0.756997,14.7107,,0.631923,10.6304,0.665795,0.820378,fluid
2787,18.7017,1.15935,,1000.05,788.935,823.315,,14.7538,-0.763102,14.7736,,-0.213124,10.6465,-0.169103,0.83654,fluid
2788,18.483,1.16787,,1000.06,804.96,880.454,,14.876,-0.856581,14.9007,,0.00558653,10.612,0.0532197,0.802031,fluid
2789,18.2458,1.18698,,1000,813.601,43.2588,,14.861,-0.927136,14.8899,,0.837125,9.95992,0.839496,0.149916,fluid
2790,18.0156,1.20456,,1000.04,819.681,583.483,,14.792,-0.929232,14.8212,,0.42712,10.2769,0.459507,0.466861,fluid
2791,17.7962,1.20968,,1000.12,833.382,1904.73,,14.8379,-1.00283,14.8717,,-0.181784,11.2837,-0.0747674,1.47367,fluid
2792,17.5659,1.21282,,1000.1,852.232,1564.41,,14.9409,-1.17935,14.9873,,0.384265,11.4153,0.473315,1.60527,fluid
2793,17.3134,1.22966,,999.835,857.639,0,,14.8892,-1.26338,14.9427,,1.13641,10.6342,1.13641,0.824167,fluid
2794,17.0571,1.24914,,1000.01,864.186,149.37,,14.753,-1.26653,14.8073,,0.775053,10.599,0.78381,0.788963,fluid
2795,16.8087,1.25691,,1000.13,873.573,2084.21,,14.7154,-1.34235,14.7765,,0.0546649,12.1679,0.178645,2.35792,fluid
2796,16.5561,1.25992,,1000.17,893.142,2741.51,,14.7579,-1.58111,14.8423,,0.106293,13.3117,0.271853,3.50173,fluid
2797,16.287,1.27614,,999.626,907.869,0,,14.7029,-1.74622,14.8062,,1.24207,11.5201,1.24207,1.71006,fluid
2798,16.0081,1.29821,,999.649,896.457,0,,14.5387,-1.79783,14.6494,,1.2766,12.5335,1.2766,2.72346,fluid
2799,15.728,1.31526,,1000.04,912.004,633.323,,14.4129,-1.89394,14.5368,,0.164357,12.657,0.204622,2.84704,fluid
2800,15.4423,1.32971,,1000.14,926.611,2152.47,,14.3404,-2.08665,14.4914,,0.693451,13.9326,0.83282,4.12261,fluid
2801,15.1426,1.35143,,1000.04,935.365,576.831,,14.1869,-2.27491,14.3681,,1.6927,13.0428,1.73079,3.23277,fluid
2802,14.8299,1.37897,,1000.05,937.661,744.212,,13.9518,-2.37256,14.1521,,1.60589,13.6871,1.65607,3.87713,fluid
2803,14.5078,1.40613,,1000.19,941.168,2927.4,,13.6945,-2.50196,13.9211,,1.89257,15.8947,2.09431,6.08466,fluid
2804,14.1774,1.43415,,1000.24,942.893,3841.1,,13.4198,-2.68696,13.6861,,2.4755,17.1859,2.74636,7.37591,fluid
2805,13.8362,1.46604,,1000.29,942.586,4495.18,,13.1137,-2.89975,13.4305,,2.70722,18.5015,3.03201,8.6915,fluid
2806,13.4825,1.50425,,1000.31,944.976,4924.84,,12.7661,-3.14479,13.1478,,3.31461,19.5984,3.67977,9.78843,fluid
2807,13.1176,1.54915,,1000.28,942.768,4411.03,,12.3473,-3.37501,12.8003,,3.97187,20.0074,4.30804,10.1974,fluid
2808,12.7396,1.59825,,1000.32,931.803,4977.5,,11.85,-3.63132,12.3939,,3.63895,21.6913,4.02954,11.8813,fluid
2809,12.3413,1.65554,,1000.31,920.689,4795.76,,11.2903,-3.95377,11.9625,,3.50754,23.1194,3.89601,13.3094,fluid
2810,11.9173,1.72451,,1000.29,899.583,4484.36,,10.6788,-4.23673,11.4885,,4.63569,24.5078,5.01187,14.6978,fluid
2811,11.4681,1.80618,,1000.2,880.936,3093.2,,10.1242,-4.52429,11.0891,,5.1351,24.5754,5.40477,14.7654,fluid
2812,10.9844,1.91672,,1000.1,862.742,1599.3,,9.52703,-4.78624,10.6617,,6.66622,24.626,6.8118,14.816,fluid
2813,10.5029,2.05314,,1000.21,840.802,3301.33,,8.87047,-5.08751,10.2258,,7.74355,25.3905,8.05782,15.5805,fluid
2814,10.0175,2.25395,,1000.35,795.506,5456.35,,7.96556,-5.41803,9.63354,,9.33964,25.9661,9.88413,16.1561,fluid
2815,9.6343,2.53755,,1000.46,785.089,7288.65,,7.55322,-5.82155,9.53633,,10.6359,25.8622,11.392,16.0522,fluid
2816,18.458,0.127991,,995.145,413.836,0,,9.02958,-0.0220754,9.02961,,-0.588297,9.95273,-0.588297,0.142732,fluid
2817,21.2917,0.294886,,1000.44,540.972,6849.73,,11.5872,-0.0509798,11.5874,,4.41898,9.88087,4.74054,0.0708674,fluid
2818,22.0401,0.41233,,999.014,533.823,0,,11.7546,-0.0613273,11.7548,,1.93028,9.81439,1.93028,0.00438971,fluid
2819,22.1217,0.429412,,999.426,534.707,0,,11.9121,-0.0670305,11.9123,,1.99017,9.75566,1.99017,-0.0543449,fluid
2820,22.1949,0.439453,,999.712,535.191,0,,11.9782,-0.0700018,11.9785,,1.94245,9.90206,1.94245,0.092061,fluid
2821,22.4634,0.457757,,1000.19,524.76,3023.91,,11.83,-0.0827502,11.8303,,3.01338,10.0454,3.14797,0.235407,fluid
2822,22.8614,0.479414,,1000.09,530.973,1377.61,,12.2088,-0.066921,12.2089,,2.82644,9.54071,2.88669,-0.269293,fluid
2823,22.9201,0.490943,,1000.04,526.671,684.059,,12.2111,-0.0712186,12.2113,,2.56058,9.65608,2.59042,-0.153918,fluid
2824,22.944,0.499927,,1000.03,527.714,447.338,,12.2098,-0.0764613,12.21,,2.411,9.68056,2.43049,-0.129438,fluid
2825,22.9557,0.50973,,1000.02,528.718,364.324,,12.2097,-0.0832793,12.21,,2.38377,9.70085,2.39964,-0.109149,fluid
2826,22.9409,0.520754,,1000.03,529.283,398.459,,12.2141,-0.0919543,12.2144,,2.46466,9.74295,2.48203,-0.0670542,fluid
2827,22.9372,0.534506,,1000.02,530.313,362.468,,12.2187,-0.103921,12.2192,,2.48815,9.79615,2.50396,-0.0138474,fluid
2828,22.9613,0.550053,,999.116,539.735,0,,12.3143,-0.119946,12.3148,,1.9359,9.85818,1.9359,0.0481757,fluid
2829,22.9641,0.567395,,997.525,545.54,0,,12.4887,-0.140511,12.4895,,1.72113,9.93502,1.72113,0.125015,fluid
2830,22.9371,0.589113,,996.436,550.29,0,,12.6862,-0.169359,12.6873,,1.48244,9.9737,1.48244,0.163703,fluid
2831,22.8742,0.616306,,996.52,555.058,0,,12.9268,-0.217023,12.9286,,0.677424,10.3051,0.677424,0.495134,fluid
2832,22.7704,0.653286,,998.7,556.567,0,,13.2679,-0.357749,13.2727,,-0.413995,11.1536,-0.413995,1.3436,fluid
2833,22.6208,0.69633,,1000.13,598.808,2062.89,,13.6288,-0.326375,13.6327,,-0.400999,9.72132,-0.309817,-0.0886767,fluid
2834,22.4345,0.730825,,1000.26,618.056,4021.44,,13.9019,-0.41664,13.9081,,0.533402,11.4593,0.712609,1.64926,fluid
2835,22.2344,0.775382,,1000.24,629.02,3843.07,,13.9797,-0.515029,13.9892,,2.69433,10.1134,2.86713,0.303375,fluid
2836,22.0442,0.816508,,1000.23,630.34,3616.05,,13.8925,-0.490221,13.9012,,3.5628,9.96377,3.7268,0.153772,fluid
2837,21.8683,0.855174,,1000.24,631.231,3747.98,,13.7912,-0.545093,13.8019,,3.37475,10.5203,3.5461,0.710275,fluid
2838,21.6999,0.899978,,1000.2,632.733,3068.95,,13.7101,-0.600095,13.7232,,2.73775,9.86376,2.87915,0.0537588,fluid
2839,21.5343,0.944988,,1000.15,635.645,2337.1,,13.6715,-0.590114,13.6842,,1.76088,9.52569,1.8694,-0.284307,fluid
2840,21.371,0.984727,,1000.12,641.928,1960.63,,13.7015,-0.575561,13.7135,,0.869373,9.58618,0.961104,-0.223824,fluid
2841,21.2071,1.02171,,1000.11,651.059,1714.21,,13.7875,-0.583298,13.7999,,0.340985,9.7991,0.421808,-0.0108972,fluid
2842,21.0355,1.0603,,1000.08,662.066,1235.5,,13.9051,-0.588477,13.9175,,0.278472,9.49054,0.337202,-0.319462,fluid
2843,20.8542,1.09731,,1000.05,672.949,742.938,,14.0241,-0.534442,14.0343,,0.582577,8.92895,0.618201,-0.881045,fluid
2844,20.6675,1.12559,,1000.06,682.807,1018.63,,14.1197,-0.467317,14.1274,,0.726304,9.4448,0.775587,-0.365198,fluid
2845,20.4786,1.14615,,1000.11,693.576,1713.93,,14.2091,-0.467249,14.2167,,0.441961,10.3893,0.525646,0.579309,fluid
2846,20.2826,1.16447,,1000.11,705.172,1798.79,,14.2872,-0.50919,14.2963,,0.458826,10.5562,0.547502,0.74623,fluid
2847,20.0787,1.18186,,1000.07,714.497,1089.63,,14.3245,-0.540601,14.3347,,0.650651,10.0514,0.704915,0.241435,fluid
2848,19.8764,1.19497,,1000.04,722.177,610.355,,14.3527,-0.549926,14.3632,,0.519853,9.70145,0.550559,-0.108553,fluid
2849,19.6827,1.20117,,1000.06,731.908,949.394,,14.4271,-0.555889,14.4378,,0.186052,9.98521,0.234284,0.175215,fluid
2850,19.4859,1.20413,,1000.14,746.018,2150.01,,14.5596,-0.611148,14.5725,,-0.233246,11.3357,-0.122924,1.52569,fluid
2851,19.2677,1.21493,,1000.17,762.43,2670.76,,14.6864,-0.743539,14.7052,,0.129051,11.9434,0.267641,2.13342,fluid
2852,19.0321,1.23714,,1000.12,772.52,1961.38,,14.6966,-0.819648,14.7195,,0.759934,11.0883,0.862977,1.27833,fluid
2853,18.8041,1.25532,,1000.11,780.444,1693.88,,14.6785,-0.83089,14.702,,0.352864,10.6581,0.442934,0.848118,fluid
2854,18.5817,1.26588,,1000.12,793.748,1938.28,,14.754,-0.880518,14.7803,,-0.00522305,10.7451,0.0990756,0.935101,fluid
2855,18.344,1.28008,,1000.11,807.938,1793.73,,14.824,-0.971224,14.8558,,0.667118,10.5822,0.76489,0.7722,fluid
2856,18.0934,1.30043,,1000.11,815.449,1687.89,,14.7575,-1.01359,14.7923,,0.956029,10.4565,1.04931,0.646466,fluid
2857,17.8499,1.31328,,1000.14,824.238,2229.36,,14.7107,-1.0596,14.7488,,0.335224,10.9007,0.460101,1.0907,fluid
2858,17.6079,1.31896,,1000.16,839.742,2514.5,,14.7789,-1.18157,14.826,,0.217375,11.313,0.360157,1.50302,fluid
2859,17.3478,1.33175,,1000.12,853.513,1937.61,,14.798,-1.30821,14.8557,,0.972902,11.1037,1.08458,1.29366,fluid
2860,17.0716,1.35239,,1000.12,858.147,1909,,14.658,-1.34497,14.7196,,1.1933,11.1893,1.30511,1.37934,fluid
2861,16.7987,1.3653,,1000.18,863.393,2903.98,,14.5275,-1.42187,14.5969,,0.483491,12.2078,0.656329,2.39778,fluid
2862,16.53,1.37226,,1000.23,878.39,3664.01,,14.5222,-1.61439,14.6117,,0.201095,13.302,0.422701,3.49204,fluid
2863,16.2492,1.38712,,1000.19,892.588,2916.9,,14.4841,-1.80241,14.5958,,1.11888,13.016,1.29836,3.20604,fluid
2864,15.9556,1.40953,,1000.15,896.687,2282.35,,14.3272,-1.88358,14.4505,,1.24232,12.6229,1.38534,2.81288,fluid
2865,15.6591,1.42853,,1000.21,901.19,3356.18,,14.1685,-1.98188,14.3065,,0.781568,13.6655,0.99585,3.85554,fluid
2866,15.3596,1.44575,,1000.26,912.848,4085.41,,14.0603,-2.16694,14.2263,,1.14778,14.4695,1.4137,4.65948,fluid
2867,15.0492,1.46872,,1000.23,923.609,3637.76,,13.9166,-2.33898,14.1118,,1.79692,14.49,2.03859,4.68003,fluid
2868,14.7258,1.4966,,1000.27,929.588,4208.27,,13.6951,-2.46959,13.916,,2.11936,15.7409,2.40506,5.93092,fluid
2869,14.3927,1.52578,,1000.34,931.66,5310.09,,13.4229,-2.63016,13.6782,,2.42434,17.5135,2.79316,7.70354,fluid
2870,14.0515,1.55702,,1000.36,931.085,5706.77,,13.1223,-2.82783,13.4236,,2.64155,18.7387,3.04754,8.92865,fluid
2871,13.6996,1.59273,,1000.38,931.079,6016.84,,12.7926,-3.05647,13.1526,,2.74785,19.9471,3.18688,10.1371,fluid
2872,13.3336,1.63527,,1000.38,932.197,5917.99,,12.4203,-3.30673,12.8529,,3.10883,20.646,3.55251,10.836,fluid
2873,12.9519,1.68395,,1000.37,926.939,5736.88,,11.9741,-3.55481,12.4906,,3.43938,21.2506,3.88215,11.4406,fluid
2874,12.5585,1.73751,,1000.39,919.15,6185.37,,11.5171,-3.83795,12.1398,,3.4246,22.6887,3.91693,12.8787,fluid
2875,12.1536,1.79985,,1000.39,912.009,6195.15,,11.0514,-4.13712,11.8004,,4.48075,23.9533,4.99028,14.1433,fluid
2876,11.7364,1.87365,,1000.37,894.794,5882.02,,10.5214,-4.39194,11.4013,,4.7694,24.972,5.27039,15.162,fluid
2877,11.3105,1.961,,1000.37,878.353,5874.2,,9.95273,-4.66379,10.9913,,5.43338,25.7885,5.95255,15.9785,fluid
2878,10.8711,2.08809,,1000.46,856.14,7176.6,,9.35254,-4.90699,10.5617,,6.85526,27.0454,7.51511,17.2354,fluid
2879,10.3318,2.32762,,1000.61,826.358,9623.47,,8.53475,-5.38065,10.0893,,9.27221,27.2696,10.2031,17.4596,fluid
