h/dp :,2
L2norm Pressure,KE,dp,Nparticles
68756.4,346332,0.5,288

t,4.89
ID,r,z,,rho,drhodt,pressure,,u_r,u_z,velocity,,pairAr,pairAz,totalAr,totalAz,Type
0,0.25,-0.25,,1000.19,0,2280.9,,0,0,0,,0,0,9.12185,-9.81,boundary
1,0.75,-0.25,,1000.67,0,7904.88,,0,0,0,,0,0,10.5328,-9.81,boundary
2,1.25,-0.25,,1000.4,0,4769.21,,0,0,0,,0,0,3.81382,-9.81,boundary
3,1.75,-0.25,,1000.3,0,3499.56,,0,0,0,,0,0,1.99915,-9.81,boundary
4,2.25,-0.25,,1000.32,0,3756.26,,0,0,0,,0,0,1.66892,-9.81,boundary
5,2.75,-0.25,,1000.35,0,4127.4,,0,0,0,,0,0,1.50035,-9.81,boundary
6,3.25,-0.25,,1000.38,0,4530.22,,0,0,0,,0,0,1.39338,-9.81,boundary
7,3.75,-0.25,,1000.34,0,3948.73,,0,0,0,,0,0,1.05264,-9.81,boundary
8,4.25,-0.25,,1000.25,0,3003.21,,0,0,0,,0,0,0.706458,-9.81,boundary
9,4.75,-0.25,,1000.13,0,1484.7,,0,0,0,,0,0,0.312528,-9.81,boundary
10,5.25,-0.25,,1000.08,0,918.394,,0,0,0,,0,0,0.174918,-9.81,boundary
11,5.75,-0.25,,1000.15,0,1725.43,,0,0,0,,0,0,0.300031,-9.81,boundary
12,6.25,-0.25,,1000.13,0,1546.99,,0,0,0,,0,0,0.247485,-9.81,boundary
13,6.75,-0.25,,1000,0,0,,0,0,0,,0,0,0,-9.81,boundary
14,7.25,-0.25,,1000,0,0,,0,0,0,,0,0,0,-9.81,boundary
15,7.75,-0.25,,1000,0,0,,0,0,0,,0,0,0,-9.81,boundary
16,8.25,-0.25,,1000,0,0,,0,0,0,,0,0,0,-9.81,boundary
17,8.75,-0.25,,1000,0,0,,0,0,0,,0,0,0,-9.81,boundary
18,9.25,-0.25,,1000,0,0,,0,0,0,,0,0,0,-9.81,boundary
19,9.75,-0.25,,1000,0,0,,0,0,0,,0,0,0,-9.81,boundary
20,10.25,-0.25,,1000,0,0,,0,0,0,,0,0,0,-9.81,boundary
21,10.75,-0.25,,1000.08,0,920.245,,0,0,0,,0,0,0.0855975,-9.81,boundary
22,11.25,-0.25,,1000,0,20.5135,,0,0,0,,0,0,0.00182342,-9.81,boundary
23,11.75,-0.25,,1000,0,0,,0,0,0,,0,0,0,-9.81,boundary
24,12.25,-0.25,,1000,0,0,,0,0,0,,0,0,0,-9.81,boundary
25,12.75,-0.25,,1000,0,0,,0,0,0,,0,0,0,-9.81,boundary
26,13.25,-0.25,,1000,0,0,,0,0,0,,0,0,0,-9.81,boundary
27,13.75,-0.25,,1000,0,0,,0,0,0,,0,0,0,-9.81,boundary
28,14.25,-0.25,,1000,0,0,,0,0,0,,0,0,0,-9.81,boundary
29,14.75,-0.25,,1000,0,0,,0,0,0,,0,0,0,-9.81,boundary
30,15.25,-0.25,,1000,0,0,,0,0,0,,0,0,0,-9.81,boundary
31,15.75,-0.25,,1000,0,0,,0,0,0,,0,0,0,-9.81,boundary
32,16.25,-0.25,,1000,0,0,,0,0,0,,0,0,0,-9.81,boundary
33,16.75,-0.25,,1000.19,0,2199.74,,0,0,0,,0,0,0.131303,-9.81,boundary
34,17.25,-0.25,,1000,0,0,,0,0,0,,0,0,0,-9.81,boundary
35,17.75,-0.25,,1000.01,0,97.8944,,0,0,0,,0,0,0.00551513,-9.81,boundary
36,18.25,-0.25,,1000,0,4.56971,,0,0,0,,0,0,0.000250395,-9.81,boundary
37,18.75,-0.25,,1000,0,0,,0,0,0,,0,0,0,-9.81,boundary
38,19.25,-0.25,,1000.03,0,299.59,,0,0,0,,0,0,0.0155627,-9.81,boundary
39,19.75,-0.25,,1000.02,0,293.793,,0,0,0,,0,0,0.0148752,-9.81,boundary
40,20.25,-0.25,,1000,0,0,,0,0,0,,0,0,0,-9.81,boundary
41,20.75,-0.25,,1000.52,0,6182.85,,0,0,0,,0,0,0.297812,-9.81,boundary
42,21.25,-0.25,,1001.24,0,14674.4,,0,0,0,,0,0,0.689704,-9.81,boundary
43,21.75,-0.25,,1000.54,0,6313.38,,0,0,0,,0,0,0.290115,-9.81,boundary
44,22.25,-0.25,,1000.22,0,2577.86,,0,0,0,,0,0,0.115834,-9.81,boundary
45,22.75,-0.25,,1000,0,0,,0,0,0,,0,0,0,-9.81,boundary
46,23.25,-0.25,,1000,0,0,,0,0,0,,0,0,0,-9.81,boundary
47,23.75,-0.25,,1000,0,0,,0,0,0,,0,0,0,-9.81,boundary
48,24.25,-0.25,,1000,0,0,,0,0,0,,0,0,0,-9.81,boundary
49,24.75,-0.25,,1000,0,0,,0,0,0,,0,0,0,-9.81,boundary
50,25.25,-0.25,,1000,0,0,,0,0,0,,0,0,0,-9.81,boundary
51,0.25,-0.75,,1000.68,0,8053.32,,0,0,0,,0,0,32.1913,-9.81,boundary
52,0.75,-0.75,,1000.51,0,6038.82,,0,0,0,,0,0,8.04764,-9.81,boundary
53,1.25,-0.75,,1000.79,0,9272.87,,0,0,0,,0,0,7.41247,-9.81,boundary
54,1.75,-0.75,,1000.5,0,5840.96,,0,0,0,,0,0,3.33604,-9.81,boundary
55,2.25,-0.75,,1000.54,0,6334.95,,0,0,0,,0,0,2.81402,-9.81,boundary
56,2.75,-0.75,,1000.61,0,7145.31,,0,0,0,,0,0,2.59672,-9.81,boundary
57,3.25,-0.75,,1000.61,0,7211.59,,0,0,0,,0,0,2.2176,-9.81,boundary
58,3.75,-0.75,,1000.66,0,7802.45,,0,0,0,,0,0,2.07928,-9.81,boundary
59,4.25,-0.75,,1000.46,0,5386.4,,0,0,0,,0,0,1.26681,-9.81,boundary
60,4.75,-0.75,,1000.19,0,2197.47,,0,0,0,,0,0,0.462538,-9.81,boundary
61,5.25,-0.75,,1000.17,0,1962.5,,0,0,0,,0,0,0.373747,-9.81,boundary
62,5.75,-0.75,,1000.31,0,3652.9,,0,0,0,,0,0,0.63509,-9.81,boundary
63,6.25,-0.75,,1000.25,0,2902.29,,0,0,0,,0,0,0.464252,-9.81,boundary
64,6.75,-0.75,,1000,0,0,,0,0,0,,0,0,0,-9.81,boundary
65,7.25,-0.75,,1000,0,0,,0,0,0,,0,0,0,-9.81,boundary
66,7.75,-0.75,,1000,0,0,,0,0,0,,0,0,0,-9.81,boundary
67,8.25,-0.75,,1000,0,0,,0,0,0,,0,0,0,-9.81,boundary
68,8.75,-0.75,,1000,0,0,,0,0,0,,0,0,0,-9.81,boundary
69,9.25,-0.75,,1000,0,0,,0,0,0,,0,0,0,-9.81,boundary
70,9.75,-0.75,,1000,0,0,,0,0,0,,0,0,0,-9.81,boundary
71,10.25,-0.75,,1000,0,0,,0,0,0,,0,0,0,-9.81,boundary
72,10.75,-0.75,,1000,0,0,,0,0,0,,0,0,0,-9.81,boundary
73,11.25,-0.75,,1000,0,19.8306,,0,0,0,,0,0,0.00176272,-9.81,boundary
74,11.75,-0.75,,1000,0,0,,0,0,0,,0,0,0,-9.81,boundary
75,12.25,-0.75,,1000,0,0,,0,0,0,,0,0,0,-9.81,boundary
76,12.75,-0.75,,1000,0,0,,0,0,0,,0,0,0,-9.81,boundary
77,13.25,-0.75,,1000,0,0,,0,0,0,,0,0,0,-9.81,boundary
78,13.75,-0.75,,1000,0,0,,0,0,0,,0,0,0,-9.81,boundary
79,14.25,-0.75,,1000,0,0,,0,0,0,,0,0,0,-9.81,boundary
80,14.75,-0.75,,1000,0,0,,0,0,0,,0,0,0,-9.81,boundary
81,15.25,-0.75,,1000,0,0,,0,0,0,,0,0,0,-9.81,boundary
82,15.75,-0.75,,1000,0,0,,0,0,0,,0,0,0,-9.81,boundary
83,16.25,-0.75,,1000,0,50.6043,,0,0,0,,0,0,0.0031141,-9.81,boundary
84,16.75,-0.75,,1000,0,33.6997,,0,0,0,,0,0,0.00201192,-9.81,boundary
85,17.25,-0.75,,1000,0,0,,0,0,0,,0,0,0,-9.81,boundary
86,17.75,-0.75,,1000.01,0,100.109,,0,0,0,,0,0,0.00563991,-9.81,boundary
87,18.25,-0.75,,1000,0,0,,0,0,0,,0,0,0,-9.81,boundary
88,18.75,-0.75,,1000,0,30.8628,,0,0,0,,0,0,0.00164601,-9.81,boundary
89,19.25,-0.75,,1000.03,0,325.245,,0,0,0,,0,0,0.0168954,-9.81,boundary
90,19.75,-0.75,,1000.02,0,274.064,,0,0,0,,0,0,0.0138763,-9.81,boundary
91,20.25,-0.75,,1000,0,0,,0,0,0,,0,0,0,-9.81,boundary
92,20.75,-0.75,,1002.22,0,26324.7,,0,0,0,,0,0,1.26585,-9.81,boundary
93,21.25,-0.75,,1000.74,0,8678.62,,0,0,0,,0,0,0.408105,-9.81,boundary
94,21.75,-0.75,,1000.79,0,9272.57,,0,0,0,,0,0,0.42599,-9.81,boundary
95,22.25,-0.75,,1000.15,0,1814.07,,0,0,0,,0,0,0.0815186,-9.81,boundary
96,22.75,-0.75,,1000,0,0,,0,0,0,,0,0,0,-9.81,boundary
97,23.25,-0.75,,1000,0,0,,0,0,0,,0,0,0,-9.81,boundary
98,23.75,-0.75,,1000,0,0,,0,0,0,,0,0,0,-9.81,boundary
99,24.25,-0.75,,1000,0,0,,0,0,0,,0,0,0,-9.81,boundary
100,24.75,-0.75,,1000,0,0,,0,0,0,,0,0,0,-9.81,boundary
101,25.25,-0.75,,1000,0,0,,0,0,0,,0,0,0,-9.81,boundary
102,0.25,-1.25,,1000,0,0,,0,0,0,,0,0,0,-9.81,boundary
103,0.75,-1.25,,1000.66,0,7837.65,,0,0,0,,0,0,10.4433,-9.81,boundary
104,1.25,-1.25,,1000.67,0,7859.87,,0,0,0,,0,0,6.28371,-9.81,boundary
105,1.75,-1.25,,1000.83,0,9761.43,,0,0,0,,0,0,5.57335,-9.81,boundary
106,2.25,-1.25,,1000.88,0,10388.3,,0,0,0,,0,0,4.61297,-9.81,boundary
107,2.75,-1.25,,1000.86,0,10134.9,,0,0,0,,0,0,3.68226,-9.81,boundary
108,3.25,-1.25,,1000.96,0,11379.3,,0,0,0,,0,0,3.49795,-9.81,boundary
109,3.75,-1.25,,1000.94,0,11156,,0,0,0,,0,0,2.97212,-9.81,boundary
110,4.25,-1.25,,1000.74,0,8783.88,,0,0,0,,0,0,2.06526,-9.81,boundary
111,4.75,-1.25,,1000.44,0,5209.25,,0,0,0,,0,0,1.0962,-9.81,boundary
112,5.25,-1.25,,1000.28,0,3291.55,,0,0,0,,0,0,0.626787,-9.81,boundary
113,5.75,-1.25,,1000.44,0,5145.33,,0,0,0,,0,0,0.89445,-9.81,boundary
114,6.25,-1.25,,1000.35,0,4138.56,,0,0,0,,0,0,0.661937,-9.81,boundary
115,6.75,-1.25,,1000.09,0,1057.68,,0,0,0,,0,0,0.156679,-9.81,boundary
116,7.25,-1.25,,1000,0,0,,0,0,0,,0,0,0,-9.81,boundary
117,7.75,-1.25,,1000,0,0,,0,0,0,,0,0,0,-9.81,boundary
118,8.25,-1.25,,1000,0,0,,0,0,0,,0,0,0,-9.81,boundary
119,8.75,-1.25,,1000,0,0,,0,0,0,,0,0,0,-9.81,boundary
120,9.25,-1.25,,1000,0,0,,0,0,0,,0,0,0,-9.81,boundary
121,9.75,-1.25,,1000,0,0,,0,0,0,,0,0,0,-9.81,boundary
122,10.25,-1.25,,1000,0,0,,0,0,0,,0,0,0,-9.81,boundary
123,10.75,-1.25,,1000,0,21.5563,,0,0,0,,0,0,0.00200523,-9.81,boundary
124,11.25,-1.25,,1000,0,20.4351,,0,0,0,,0,0,0.00181645,-9.81,boundary
125,11.75,-1.25,,1000,0,0,,0,0,0,,0,0,0,-9.81,boundary
126,12.25,-1.25,,1000,0,0,,0,0,0,,0,0,0,-9.81,boundary
127,12.75,-1.25,,1000,0,0,,0,0,0,,0,0,0,-9.81,boundary
128,13.25,-1.25,,1000,0,0,,0,0,0,,0,0,0,-9.81,boundary
129,13.75,-1.25,,1000,0,0,,0,0,0,,0,0,0,-9.81,boundary
130,14.25,-1.25,,1000,0,0,,0,0,0,,0,0,0,-9.81,boundary
131,14.75,-1.25,,1000,0,0,,0,0,0,,0,0,0,-9.81,boundary
132,15.25,-1.25,,1000,0,0,,0,0,0,,0,0,0,-9.81,boundary
133,15.75,-1.25,,1000,0,0,,0,0,0,,0,0,0,-9.81,boundary
134,16.25,-1.25,,1000,0,0,,0,0,0,,0,0,0,-9.81,boundary
135,16.75,-1.25,,1000,0,0,,0,0,0,,0,0,0,-9.81,boundary
136,17.25,-1.25,,1000,0,24.6457,,0,0,0,,0,0,0.00142873,-9.81,boundary
137,17.75,-1.25,,1000.01,0,112.543,,0,0,0,,0,0,0.0063404,-9.81,boundary
138,18.25,-1.25,,1000,0,0,,0,0,0,,0,0,0,-9.81,boundary
139,18.75,-1.25,,1000,0,0,,0,0,0,,0,0,0,-9.81,boundary
140,19.25,-1.25,,1000.03,0,327.17,,0,0,0,,0,0,0.0169953,-9.81,boundary
141,19.75,-1.25,,1000.03,0,304.65,,0,0,0,,0,0,0.0154249,-9.81,boundary
142,20.25,-1.25,,1000,0,0,,0,0,0,,0,0,0,-9.81,boundary
143,20.75,-1.25,,1005.03,0,60132.1,,0,0,0,,0,0,2.88343,-9.81,boundary
144,21.25,-1.25,,1001.28,0,15067.7,,0,0,0,,0,0,0.708165,-9.81,boundary
145,21.75,-1.25,,1000.56,0,6606.24,,0,0,0,,0,0,0.303565,-9.81,boundary
146,22.25,-1.25,,1000,0,0,,0,0,0,,0,0,0,-9.81,boundary
147,22.75,-1.25,,1000,0,0,,0,0,0,,0,0,0,-9.81,boundary
148,23.25,-1.25,,1000,0,0,,0,0,0,,0,0,0,-9.81,boundary
149,23.75,-1.25,,1000,0,0,,0,0,0,,0,0,0,-9.81,boundary
150,24.25,-1.25,,1000,0,0,,0,0,0,,0,0,0,-9.81,boundary
151,24.75,-1.25,,1000,0,0,,0,0,0,,0,0,0,-9.81,boundary
152,25.25,-1.25,,1000,0,0,,0,0,0,,0,0,0,-9.81,boundary
153,24.25,0.25,,1000,0,0,,0,0,0,,0,0,0,-9.81,boundary
154,24.25,0.75,,1000,0,0,,0,0,0,,0,0,0,-9.81,boundary
155,24.25,1.25,,1000,0,0,,0,0,0,,0,0,0,-9.81,boundary
156,24.25,1.75,,1000,0,0,,0,0,0,,0,0,0,-9.81,boundary
157,24.25,2.25,,1000,0,0,,0,0,0,,0,0,0,-9.81,boundary
158,24.25,2.75,,1000,0,0,,0,0,0,,0,0,0,-9.81,boundary
159,24.25,3.25,,1000,0,0,,0,0,0,,0,0,0,-9.81,boundary
160,24.25,3.75,,1000,0,0,,0,0,0,,0,0,0,-9.81,boundary
161,24.25,4.25,,1000,0,0,,0,0,0,,0,0,0,-9.81,boundary
162,24.25,4.75,,1000,0,0,,0,0,0,,0,0,0,-9.81,boundary
163,24.25,5.25,,1000,0,0,,0,0,0,,0,0,0,-9.81,boundary
164,24.25,5.75,,1000,0,0,,0,0,0,,0,0,0,-9.81,boundary
165,24.25,6.25,,1000,0,0,,0,0,0,,0,0,0,-9.81,boundary
166,24.25,6.75,,1000,0,0,,0,0,0,,0,0,0,-9.81,boundary
167,24.25,7.25,,1000,0,0,,0,0,0,,0,0,0,-9.81,boundary
168,24.25,7.75,,1000,0,0,,0,0,0,,0,0,0,-9.81,boundary
169,24.25,8.25,,1000,0,0,,0,0,0,,0,0,0,-9.81,boundary
170,24.25,8.75,,1000,0,0,,0,0,0,,0,0,0,-9.81,boundary
171,24.25,9.25,,1000,0,0,,0,0,0,,0,0,0,-9.81,boundary
172,24.25,9.75,,1000,0,0,,0,0,0,,0,0,0,-9.81,boundary
173,24.25,10.25,,1000,0,0,,0,0,0,,0,0,0,-9.81,boundary
174,24.25,10.75,,1000,0,0,,0,0,0,,0,0,0,-9.81,boundary
175,24.25,11.25,,1000,0,0,,0,0,0,,0,0,0,-9.81,boundary
176,24.25,11.75,,1000,0,0,,0,0,0,,0,0,0,-9.81,boundary
177,24.25,12.25,,1000,0,0,,0,0,0,,0,0,0,-9.81,boundary
178,24.25,12.75,,1000,0,0,,0,0,0,,0,0,0,-9.81,boundary
179,24.25,13.25,,1000,0,0,,0,0,0,,0,0,0,-9.81,boundary
180,24.25,13.75,,1000,0,0,,0,0,0,,0,0,0,-9.81,boundary
181,24.25,14.25,,1000,0,0,,0,0,0,,0,0,0,-9.81,boundary
182,24.25,14.75,,1000,0,0,,0,0,0,,0,0,0,-9.81,boundary
183,24.75,0.25,,1000,0,0,,0,0,0,,0,0,0,-9.81,boundary
184,24.75,0.75,,1000,0,0,,0,0,0,,0,0,0,-9.81,boundary
185,24.75,1.25,,1000,0,0,,0,0,0,,0,0,0,-9.81,boundary
186,24.75,1.75,,1000,0,0,,0,0,0,,0,0,0,-9.81,boundary
187,24.75,2.25,,1000,0,0,,0,0,0,,0,0,0,-9.81,boundary
188,24.75,2.75,,1000,0,0,,0,0,0,,0,0,0,-9.81,boundary
189,24.75,3.25,,1000,0,0,,0,0,0,,0,0,0,-9.81,boundary
190,24.75,3.75,,1000,0,0,,0,0,0,,0,0,0,-9.81,boundary
191,24.75,4.25,,1000,0,0,,0,0,0,,0,0,0,-9.81,boundary
192,24.75,4.75,,1000,0,0,,0,0,0,,0,0,0,-9.81,boundary
193,24.75,5.25,,1000,0,0,,0,0,0,,0,0,0,-9.81,boundary
194,24.75,5.75,,1000,0,0,,0,0,0,,0,0,0,-9.81,boundary
195,24.75,6.25,,1000,0,0,,0,0,0,,0,0,0,-9.81,boundary
196,24.75,6.75,,1000,0,0,,0,0,0,,0,0,0,-9.81,boundary
197,24.75,7.25,,1000,0,0,,0,0,0,,0,0,0,-9.81,boundary
198,24.75,7.75,,1000,0,0,,0,0,0,,0,0,0,-9.81,boundary
199,24.75,8.25,,1000,0,0,,0,0,0,,0,0,0,-9.81,boundary
200,24.75,8.75,,1000,0,0,,0,0,0,,0,0,0,-9.81,boundary
201,24.75,9.25,,1000,0,0,,0,0,0,,0,0,0,-9.81,boundary
202,24.75,9.75,,1000,0,0,,0,0,0,,0,0,0,-9.81,boundary
203,24.75,10.25,,1000,0,0,,0,0,0,,0,0,0,-9.81,boundary
204,24.75,10.75,,1000,0,0,,0,0,0,,0,0,0,-9.81,boundary
205,24.75,11.25,,1000,0,0,,0,0,0,,0,0,0,-9.81,boundary
206,24.75,11.75,,1000,0,0,,0,0,0,,0,0,0,-9.81,boundary
207,24.75,12.25,,1000,0,0,,0,0,0,,0,0,0,-9.81,boundary
208,24.75,12.75,,1000,0,0,,0,0,0,,0,0,0,-9.81,boundary
209,24.75,13.25,,1000,0,0,,0,0,0,,0,0,0,-9.81,boundary
210,24.75,13.75,,1000,0,0,,0,0,0,,0,0,0,-9.81,boundary
211,24.75,14.25,,1000,0,0,,0,0,0,,0,0,0,-9.81,boundary
212,24.75,14.75,,1000,0,0,,0,0,0,,0,0,0,-9.81,boundary
213,25.25,0.25,,1000,0,0,,0,0,0,,0,0,0,-9.81,boundary
214,25.25,0.75,,1000,0,0,,0,0,0,,0,0,0,-9.81,boundary
215,25.25,1.25,,1000,0,0,,0,0,0,,0,0,0,-9.81,boundary
216,25.25,1.75,,1000,0,0,,0,0,0,,0,0,0,-9.81,boundary
217,25.25,2.25,,1000,0,0,,0,0,0,,0,0,0,-9.81,boundary
218,25.25,2.75,,1000,0,0,,0,0,0,,0,0,0,-9.81,boundary
219,25.25,3.25,,1000,0,0,,0,0,0,,0,0,0,-9.81,boundary
220,25.25,3.75,,1000,0,0,,0,0,0,,0,0,0,-9.81,boundary
221,25.25,4.25,,1000,0,0,,0,0,0,,0,0,0,-9.81,boundary
222,25.25,4.75,,1000,0,0,,0,0,0,,0,0,0,-9.81,boundary
223,25.25,5.25,,1000,0,0,,0,0,0,,0,0,0,-9.81,boundary
224,25.25,5.75,,1000,0,0,,0,0,0,,0,0,0,-9.81,boundary
225,25.25,6.25,,1000,0,0,,0,0,0,,0,0,0,-9.81,boundary
226,25.25,6.75,,1000,0,0,,0,0,0,,0,0,0,-9.81,boundary
227,25.25,7.25,,1000,0,0,,0,0,0,,0,0,0,-9.81,boundary
228,25.25,7.75,,1000,0,0,,0,0,0,,0,0,0,-9.81,boundary
229,25.25,8.25,,1000,0,0,,0,0,0,,0,0,0,-9.81,boundary
230,25.25,8.75,,1000,0,0,,0,0,0,,0,0,0,-9.81,boundary
231,25.25,9.25,,1000,0,0,,0,0,0,,0,0,0,-9.81,boundary
232,25.25,9.75,,1000,0,0,,0,0,0,,0,0,0,-9.81,boundary
233,25.25,10.25,,1000,0,0,,0,0,0,,0,0,0,-9.81,boundary
234,25.25,10.75,,1000,0,0,,0,0,0,,0,0,0,-9.81,boundary
235,25.25,11.25,,1000,0,0,,0,0,0,,0,0,0,-9.81,boundary
236,25.25,11.75,,1000,0,0,,0,0,0,,0,0,0,-9.81,boundary
237,25.25,12.25,,1000,0,0,,0,0,0,,0,0,0,-9.81,boundary
238,25.25,12.75,,1000,0,0,,0,0,0,,0,0,0,-9.81,boundary
239,25.25,13.25,,1000,0,0,,0,0,0,,0,0,0,-9.81,boundary
240,25.25,13.75,,1000,0,0,,0,0,0,,0,0,0,-9.81,boundary
241,25.25,14.25,,1000,0,0,,0,0,0,,0,0,0,-9.81,boundary
242,25.25,14.75,,1000,0,0,,0,0,0,,0,0,0,-9.81,boundary
243,0.496759,0.753818,,1000.3,17.374,3507.34,,0.000359277,-0.142518,0.142518,,-6.9397,10.0658,0.118646,0.255781,fluid
244,0.956005,0.830633,,1000.1,16.6303,1179.01,,0.017074,-0.17628,0.177105,,-1.22795,10.087,0.00519408,0.277012,fluid
245,1.11946,0.841151,,1000.04,23.698,464.493,,0.0324311,-0.185904,0.188712,,-0.433451,10.0635,-0.0185408,0.253516,fluid
246,1.19823,0.837429,,1000.02,24.2735,280.996,,0.036338,-0.185142,0.188675,,-0.261471,10.0503,-0.0269673,0.24031,fluid
247,1.23936,0.828946,,1000.02,23.6182,221.334,,0.036957,-0.180724,0.184464,,-0.209374,10.0419,-0.0307897,0.231868,fluid
248,1.10085,0.849777,,1000.04,24.7603,500.562,,0.0328915,-0.190632,0.193449,,-0.476123,10.0734,-0.0214385,0.263445,fluid
249,1.284,0.825875,,1000.01,23.5415,162.864,,0.0382991,-0.179417,0.183459,,-0.165855,10.0368,-0.039016,0.226789,fluid
250,1.31644,0.809795,,1000.01,22.7397,148.875,,0.0380768,-0.170683,0.174878,,-0.156026,10.0306,-0.0429384,0.220606,fluid
251,1.32527,0.795234,,1000.01,22.7516,156.808,,0.0382617,-0.16315,0.167577,,-0.164084,10.0289,-0.0457636,0.218898,fluid
252,1.30919,0.785214,,1000.02,23.2498,183.719,,0.0384332,-0.158195,0.162796,,-0.185896,10.0301,-0.0455681,0.220084,fluid
253,1.27506,0.773327,,1000.02,24.5082,237.754,,0.0389701,-0.152653,0.157549,,-0.232073,10.0331,-0.0456113,0.223121,fluid
254,1.20117,0.770411,,1000.03,25.5001,370.692,,0.0374487,-0.151264,0.15583,,-0.348509,10.0361,-0.0399103,0.226061,fluid
255,1.10618,0.890195,,1000.03,38.1309,391.449,,0.0486325,-0.218214,0.223567,,-0.428563,10.1193,-0.0747007,0.309325,fluid
256,1.0359,0.918601,,1000.04,53.8393,518.705,,0.0613577,-0.238243,0.246017,,-0.637341,10.1872,-0.136633,0.377209,fluid
257,1.05353,0.792758,,1000.07,21.7075,808.38,,0.0264876,-0.160165,0.16234,,-0.786024,10.0492,-0.0187692,0.239189,fluid
258,0.909151,0.866146,,1000.11,19.9305,1292.25,,0.0186162,-0.194191,0.195081,,-1.43408,10.1401,-0.0128524,0.330101,fluid
259,0.914475,0.826888,,1000.12,13.9507,1442.83,,0.0123896,-0.17342,0.173862,,-1.56319,10.0929,0.0143877,0.282851,fluid
260,0.927461,0.838327,,1000.11,15.5564,1313.33,,0.0147981,-0.179405,0.180014,,-1.40798,10.1008,0.00790994,0.290795,fluid
261,0.772636,0.867441,,1000.18,10.2006,2119.58,,0.00408403,-0.18922,0.189264,,-2.72094,10.1782,0.0218727,0.368185,fluid
262,0.68728,0.862411,,1000.22,5.12847,2623.34,,-0.00234213,-0.183499,0.183514,,-3.75989,10.1849,0.0562494,0.37493,fluid
263,0.735085,0.859468,,1000.2,6.36071,2387.45,,-0.000304782,-0.183717,0.183717,,-3.20481,10.1723,0.0423864,0.362267,fluid
264,0.890887,0.734492,,1000.17,29.6619,1962.11,,0.0234275,-0.138892,0.140854,,-2.23478,10.0473,-0.0327278,0.237339,fluid
265,0.343532,0.838694,,1000.28,12.4213,3250.97,,-0.00387683,-0.171922,0.171966,,-8.87332,10.2021,0.58743,0.392055,fluid
266,0.702132,0.851379,,1000.22,3.99995,2611.22,,-0.0030698,-0.17888,0.178907,,-3.6591,10.1648,0.0590568,0.354776,fluid
267,1.73954,0.790926,,1000,22.796,19.0596,,0.0457334,-0.162759,0.169062,,-0.0899019,10.0291,-0.0789452,0.219058,fluid
268,2.19002,0.525466,,1000.03,44.8957,298.615,,0.103183,-0.0773627,0.128964,,-0.286346,10.0479,-0.149997,0.237926,fluid
269,2.72212,0.634154,,1000.05,-12.4071,619.291,,-0.0480191,-0.0992383,0.110246,,0.0139361,10.0748,0.241427,0.264833,fluid
270,3.70492,0.547713,,1000,38.0903,57.3234,,0.137328,-0.0805446,0.159206,,-0.112141,10.0569,-0.0966693,0.246856,fluid
271,3.62482,0.574404,,1000.02,25.2546,252.617,,0.0814773,-0.0855882,0.118169,,-0.0645383,10.0468,0.00515105,0.23679,fluid
272,3.83393,0.576312,,999.979,35.5809,-244.406,,0.137331,-0.0889414,0.163616,,-0.125288,10.0346,-0.189038,0.224572,fluid
273,3.7931,0.579061,,999.991,34.1844,-104.198,,0.127063,-0.0887998,0.155017,,-0.12768,10.0396,-0.15515,0.229601,fluid
274,3.54005,0.562828,,1000.04,17.9067,463.87,,0.0495922,-0.0826383,0.0963767,,-0.0621384,10.0507,0.0688914,0.240699,fluid
275,3.06512,0.55727,,999.991,-11.3786,-105.302,,-0.0334186,-0.0810458,0.0876654,,0.130014,10.062,0.0956586,0.252044,fluid
276,3.67024,0.580614,,1000.01,27.4873,165.199,,0.092247,-0.0873584,0.127047,,-0.0759917,10.044,-0.030982,0.233991,fluid
277,3.70932,0.584983,,1000.01,29.1801,103.142,,0.100592,-0.0888234,0.134195,,-0.0937794,10.0415,-0.0659735,0.231453,fluid
278,2.92777,0.546886,,999.907,50.7235,-1088.67,,0.171776,-0.0806506,0.189767,,0.153591,10.0426,-0.218287,0.232621,fluid
279,3.45087,0.569647,,1000.02,-4.43489,234.674,,-0.0236762,-0.0840038,0.0872766,,0.0133704,10.0549,0.0813734,0.244881,fluid
280,3.46682,0.580577,,1000.01,-6.03784,125.128,,-0.0276018,-0.0866399,0.0909304,,0.0467904,10.0514,0.0828831,0.241413,fluid
281,3.25309,0.606255,,999.867,-69.7389,-1565.32,,-0.196587,-0.0955946,0.218598,,0.62981,9.99387,0.148567,0.183873,fluid
282,2.54756,0.549739,,1000.07,28.5094,838.698,,0.0627869,-0.0798246,0.101559,,-0.231797,10.0519,0.0973957,0.241916,fluid
283,2.43026,0.584534,,1000.03,27.2722,383.119,,0.0641961,-0.087784,0.108753,,-0.13717,10.0329,0.02047,0.22288,fluid
284,2.035,0.81346,,1000,24.3081,-2.66008,,0.0516669,-0.176175,0.183595,,-0.0443264,10.0805,-0.0456335,0.270454,fluid
285,1.96384,0.767786,,1000,21.9771,46.2138,,0.0464145,-0.151223,0.158186,,-0.0706252,10.0359,-0.0470929,0.225872,fluid
286,1.83205,0.789354,,1000,22.7024,19.9823,,0.0465584,-0.162182,0.168733,,-0.0824721,10.0358,-0.071565,0.225842,fluid
287,1.59506,0.810387,,1000,23.4358,27.7654,,0.0447322,-0.1724,0.178109,,-0.0946911,10.0269,-0.0772841,0.216898,fluid
288,1.51055,0.809742,,1000,23.1348,55.4884,,0.0427584,-0.17143,0.176682,,-0.105107,10.025,-0.0683733,0.215038,fluid
289,1.53915,0.694817,,1000.01,32.5053,140.628,,0.0579442,-0.122271,0.135306,,-0.2093,10.0442,-0.117933,0.234225,fluid
290,1.72517,0.791687,,1000,22.819,19.5461,,0.0455968,-0.163096,0.16935,,-0.0905578,10.0283,-0.0792279,0.21831,fluid
291,2.72135,0.478274,,1000.06,51.1172,753.963,,0.132893,-0.0672031,0.148919,,-0.381081,10.0872,-0.104044,0.277168,fluid
292,3.9365,0.576526,,999.954,36.5042,-543.148,,0.151935,-0.090647,0.176921,,-0.107194,10.017,-0.245178,0.206957,fluid
293,4.43393,0.537364,,999.951,37.6958,-571.185,,0.176422,-0.086628,0.196543,,-0.115264,9.98673,-0.244092,0.176734,fluid
294,4.96641,0.579476,,999.876,44.1939,-1453.78,,0.253865,-0.104392,0.27449,,-0.0897488,9.94222,-0.382508,0.132221,fluid
295,5.88334,0.541673,,999.985,37.898,-171.293,,0.219516,-0.0945396,0.239008,,-0.251726,10.0172,-0.280841,0.20725,fluid
296,5.83256,0.541018,,999.999,37.4139,-16.9708,,0.208666,-0.0938691,0.228808,,-0.2516,10.0311,-0.25451,0.22108,fluid
297,5.82206,0.539999,,1000,37.385,19.8926,,0.206689,-0.093573,0.226884,,-0.253207,10.0325,-0.24979,0.222501,fluid
298,4.86736,0.734327,,999.927,33.233,-863.856,,0.170076,-0.154617,0.229853,,-0.189678,10.0221,-0.36717,0.212098,fluid
299,5.20371,0.572287,,999.973,49.261,-312.139,,0.252074,-0.100339,0.271311,,-0.178577,10.0022,-0.238562,0.192234,fluid
300,5.18747,0.575818,,999.965,48.4943,-413.778,,0.250734,-0.101396,0.27046,,-0.156411,9.99766,-0.236179,0.187662,fluid
301,5.02535,0.608167,,999.907,34.0082,-1095.81,,0.192283,-0.111217,0.22213,,-0.00291358,9.95974,-0.22099,0.14974,fluid
302,5.73281,0.623424,,999.967,23.7455,-392.234,,0.137706,-0.114214,0.178907,,-0.192632,10.0058,-0.261053,0.195758,fluid
303,4.61205,0.608795,,999.988,30.6389,-139.724,,0.13118,-0.104825,0.167919,,-0.10151,9.9889,-0.131806,0.178897,fluid
304,4.42294,0.580905,,999.965,35.0532,-415.215,,0.15681,-0.0959853,0.183854,,-0.11114,9.98336,-0.205021,0.173361,fluid
305,4.20121,0.574432,,999.948,36.4637,-614.13,,0.162738,-0.0923711,0.187126,,-0.0992113,9.9927,-0.245398,0.182696,fluid
306,4.05188,0.614252,,999.946,34.4425,-636.48,,0.147625,-0.101716,0.179274,,-0.0846634,9.99433,-0.241754,0.184329,fluid
307,3.89264,0.696393,,999.976,29.6906,-279.787,,0.109975,-0.126277,0.167453,,-0.122799,10.0202,-0.194676,0.210203,fluid
308,3.58376,0.743919,,999.998,-9.10638,-26.9773,,-0.0459132,-0.141473,0.148737,,0.107574,10.0511,0.100046,0.241134,fluid
309,2.88501,0.795785,,999.829,7.50965,-2007.59,,0.0514605,-0.180593,0.187782,,0.671794,10.1215,-0.0241919,0.311467,fluid
310,3.2291,0.760114,,999.748,-53.7734,-2960.99,,-0.119435,-0.164706,0.203452,,0.926344,9.96625,0.00914199,0.156254,fluid
311,3.84615,0.732447,,999.989,28.2925,-128.567,,0.0977263,-0.139629,0.170431,,-0.143102,10.0377,-0.17653,0.22765,fluid
312,3.29277,0.857591,,999.861,228.544,-1640.92,,0.774203,-0.216699,0.803958,,-0.516538,10.129,-1.01495,0.318953,fluid
313,2.24413,0.787968,,1000,20.2412,-1.50055,,0.0450153,-0.161801,0.167946,,0.025259,10.085,0.0245903,0.275039,fluid
314,3.79849,0.709219,,1000,23.3463,38.5522,,0.0746915,-0.128257,0.148421,,-0.116804,10.0365,-0.106655,0.226524,fluid
315,5.99103,0.934936,,999.843,128.55,-1847.27,,0.837614,-0.31515,0.89494,,-0.808559,9.92918,-1.11695,0.119184,fluid
316,5.42174,0.550357,,1000.03,47.0339,320.196,,0.229831,-0.0946464,0.248557,,-0.414301,10.0281,-0.355244,0.218057,fluid
317,7.6887,0.580708,,999.965,33.0779,-408.975,,0.26521,-0.110171,0.287183,,-0.253053,9.82427,-0.306247,0.0142678,fluid
318,7.00289,0.564054,,1000.03,13.7597,298.297,,0.060463,-0.104208,0.120479,,-0.125111,9.9212,-0.0825156,0.111201,fluid
319,7.87788,0.555809,,1000,33.854,47.882,,0.256358,-0.103292,0.276385,,-0.306031,9.8347,-0.299953,0.0246988,fluid
320,7.42638,0.561205,,999.956,41.6692,-517.538,,0.32054,-0.106106,0.337646,,-0.283517,9.82818,-0.353209,0.0181807,fluid
321,7.53834,0.560233,,999.966,38.0605,-397.278,,0.294107,-0.105631,0.3125,,-0.272157,9.82875,-0.32486,0.0187472,fluid
322,7.68954,0.711512,,1000.04,41.574,497.481,,0.280883,-0.142939,0.315161,,-0.419734,9.92465,-0.355041,0.114648,fluid
323,7.36949,0.575352,,999.935,41.4383,-768.871,,0.328218,-0.109935,0.346139,,-0.227831,9.82772,-0.33217,0.0177183,fluid
324,7.85594,0.553109,,1000,33.3691,9.91564,,0.253568,-0.102863,0.273637,,-0.300365,9.83356,-0.299102,0.0235559,fluid
325,7.50069,0.766286,,1000.12,61.8224,1455.53,,0.36641,-0.15463,0.397702,,-0.882073,10.031,-0.688044,0.220971,fluid
326,6.5359,0.664749,,999.965,38.9486,-411.509,,0.254755,-0.130441,0.286208,,-0.236813,9.9592,-0.299776,0.149202,fluid
327,6.30447,0.592462,,999.968,38.1973,-376.26,,0.242846,-0.108325,0.26591,,-0.213888,9.97065,-0.273572,0.16065,fluid
328,5.91896,0.568911,,999.97,35.5791,-348.743,,0.213192,-0.101002,0.235907,,-0.238551,10.0027,-0.297473,0.192704,fluid
329,5.36204,0.621507,,999.968,47.1584,-377.056,,0.25048,-0.113224,0.274882,,-0.260331,10.0145,-0.330653,0.204491,fluid
330,5.72098,0.616944,,999.966,23.6542,-396.39,,0.137171,-0.112441,0.177367,,-0.190471,10.0065,-0.25976,0.196524,fluid
331,5.6637,0.619758,,999.959,19.0282,-484.126,,0.112455,-0.113447,0.159738,,-0.145674,10.0048,-0.231156,0.194773,fluid
332,5.57863,0.625113,,999.942,15.794,-686.061,,0.0995221,-0.115593,0.152533,,-0.0749696,9.99923,-0.197957,0.189234,fluid
333,4.86857,0.573738,,999.924,32.5238,-891.534,,0.173259,-0.100986,0.200541,,-0.161681,9.96574,-0.344815,0.155743,fluid
334,4.10444,0.825923,,999.926,47.8257,-872.434,,0.201519,-0.199578,0.283622,,-0.194256,10.1047,-0.40683,0.294742,fluid
335,3.82124,0.845758,,999.943,53.258,-670.503,,0.202399,-0.208059,0.290265,,-0.301038,10.1481,-0.476516,0.338111,fluid
336,3.39346,0.859553,,999.945,83.62,-648.777,,0.281312,-0.212942,0.352818,,-0.0196948,10.1727,-0.21089,0.362674,fluid
337,2.75512,0.856997,,999.872,48.6373,-1510.61,,0.152931,-0.221472,0.269142,,0.287705,10.2523,-0.260658,0.442329,fluid
338,3.87474,0.925994,,999.613,129.032,-4552.19,,0.610642,-0.345447,0.701582,,-1.05065,10.3484,-2.22594,0.53844,fluid
339,6.20462,0.5498,,999.97,38.8764,-352.915,,0.244288,-0.0980171,0.263219,,-0.22042,9.98388,-0.277301,0.173877,fluid
340,6.84328,0.715377,,1000.03,39.3744,377.942,,0.228314,-0.145229,0.27059,,-0.234133,9.99832,-0.178907,0.188324,fluid
341,9.11852,0.671054,,1000.04,35.3781,457.739,,0.282106,-0.129824,0.310545,,-0.215028,9.90201,-0.164831,0.0920124,fluid
342,10.4215,0.558281,,1000.01,31.4211,164.731,,0.318779,-0.102148,0.334745,,-0.208451,9.83688,-0.192644,0.026881,fluid
343,10.3107,0.559551,,1000.04,31.9753,459.667,,0.299576,-0.101702,0.316368,,-0.225765,9.85268,-0.181185,0.0426848,fluid
344,9.87127,0.571754,,999.974,28.032,-308.037,,0.294147,-0.107351,0.313124,,-0.194805,9.81521,-0.226011,0.00521029,fluid
345,9.80565,0.571169,,999.973,28.126,-320.505,,0.293059,-0.107376,0.312111,,-0.171043,9.81668,-0.20373,0.00667962,fluid
346,9.79125,0.56987,,999.972,28.0813,-326.076,,0.29237,-0.107141,0.311383,,-0.165225,9.81663,-0.198529,0.0066336,fluid
347,10.3824,0.560374,,1000.02,31.6736,237.335,,0.314759,-0.102397,0.330996,,-0.211287,9.84094,-0.188429,0.0309446,fluid
348,8.7837,0.613696,,999.995,33.5007,-63.9323,,0.290377,-0.116747,0.312967,,-0.207435,9.84936,-0.214714,0.039356,fluid
349,8.80438,0.634195,,999.993,33.5935,-86.2159,,0.293106,-0.122285,0.317592,,-0.211837,9.85445,-0.221629,0.0444512,fluid
350,8.51646,0.59029,,999.989,33.6414,-125.537,,0.287857,-0.111211,0.308593,,-0.217848,9.8349,-0.232589,0.0249015,fluid
351,7.96705,0.55936,,1000.02,34.3712,207.082,,0.255875,-0.103553,0.276035,,-0.289675,9.84309,-0.263683,0.0330851,fluid
352,7.62482,0.581072,,999.965,35.2913,-414.132,,0.278936,-0.110285,0.299947,,-0.253459,9.82802,-0.307774,0.018017,fluid
353,8.00051,0.575718,,1000.02,33.7037,220.244,,0.251221,-0.106886,0.273014,,-0.264733,9.84712,-0.237205,0.0371219,fluid
354,8.08069,0.577077,,1000.01,35.2053,103.155,,0.272817,-0.1075,0.293233,,-0.265128,9.83958,-0.252362,0.0295765,fluid
355,7.23471,0.607276,,999.896,45.7728,-1218.37,,0.374459,-0.118994,0.392911,,-0.226563,9.82834,-0.394986,0.0183386,fluid
356,6.3987,0.599518,,999.965,38.3225,-407.503,,0.247816,-0.110658,0.2714,,-0.213703,9.9597,-0.27739,0.149699,fluid
357,5.8337,0.658886,,999.964,29.5055,-427.722,,0.17469,-0.125013,0.214813,,-0.229495,9.9976,-0.302817,0.187602,fluid
358,5.01768,0.709384,,999.868,47.4493,-1553.63,,0.27269,-0.147205,0.309886,,-0.0456587,9.9719,-0.35533,0.161896,fluid
359,5.98513,0.651132,,999.947,34.1902,-625.683,,0.215948,-0.124169,0.249101,,-0.238754,9.9822,-0.343299,0.172204,fluid
360,4.76081,0.843346,,999.939,63.3922,-718.078,,0.302331,-0.217455,0.372412,,-0.418582,10.1503,-0.569422,0.340302,fluid
361,4.48923,0.813091,,999.977,44.5496,-275.637,,0.186158,-0.18964,0.265741,,-0.257036,10.1062,-0.318437,0.296238,fluid
362,6.06505,0.653192,,999.949,35.5929,-598.888,,0.226162,-0.125252,0.258529,,-0.238306,9.97921,-0.337055,0.169214,fluid
363,6.75866,0.762525,,999.972,47.602,-326.704,,0.315476,-0.17068,0.358688,,-0.341216,9.99623,-0.389555,0.186226,fluid
364,9.39631,0.625919,,999.925,11.5994,-887.42,,0.159598,-0.123489,0.201795,,0.0255897,9.80496,-0.068861,-0.00503777,fluid
365,16.11,0.454871,,999.802,-8.84296,-2324.4,,0.106121,-0.0933798,0.141355,,-0.175272,9.5873,-0.319583,-0.222697,fluid
366,16.3101,0.443013,,1000.02,19.4843,235.732,,0.288193,-0.0819093,0.299607,,-0.2541,9.83557,-0.239648,0.0255675,fluid
367,16.2653,0.450165,,1000.05,21.4498,584.976,,0.278549,-0.0818791,0.290334,,-0.245451,9.86593,-0.209488,0.0559289,fluid
368,16.1808,0.450765,,1000.03,14.0575,363.174,,0.17865,-0.0829249,0.196958,,-0.351492,9.84839,-0.329048,0.0383939,fluid
369,16.1629,0.443416,,999.992,9.88521,-93.5569,,0.161222,-0.0834942,0.181559,,-0.292257,9.80877,-0.298046,-0.00122827,fluid
370,16.0942,0.445412,,999.986,12.6361,-159.347,,0.208811,-0.0841624,0.225134,,-0.326267,9.80797,-0.336168,-0.00202642,fluid
371,16.1321,0.45214,,999.958,8.09594,-495.65,,0.17477,-0.0861721,0.194859,,-0.28209,9.77791,-0.312815,-0.0320884,fluid
372,10.6813,0.578796,,999.996,29.8261,-42.4352,,0.327226,-0.106845,0.344228,,-0.20288,9.82867,-0.206853,0.018671,fluid
373,10.4579,0.560896,,1000.01,31.1305,113.678,,0.320811,-0.10278,0.336873,,-0.203055,9.83467,-0.192185,0.0246669,fluid
374,9.75912,0.575951,,999.973,28.3772,-312.438,,0.292932,-0.108479,0.312373,,-0.155274,9.81974,-0.18729,0.0097439,fluid
375,10.1299,0.583569,,999.996,31.1824,-48.0432,,0.318827,-0.108569,0.336805,,-0.283015,9.83157,-0.287758,0.0215688,fluid
376,10.1959,0.563257,,1000.02,29.8022,196.027,,0.290706,-0.103393,0.308545,,-0.291727,9.84316,-0.272502,0.0331582,fluid
377,8.87927,0.599167,,999.994,33.4472,-70.1725,,0.292637,-0.113262,0.313791,,-0.23286,9.85099,-0.240763,0.0409878,fluid
378,8.75481,0.602239,,999.995,33.5151,-60.7841,,0.28958,-0.113863,0.311161,,-0.20397,9.84567,-0.210913,0.0356661,fluid
379,8.21328,0.600725,,999.987,34.4455,-154.88,,0.285955,-0.113816,0.307773,,-0.257139,9.83316,-0.275997,0.0231628,fluid
380,7.95388,0.597402,,999.999,35.0072,-10.2294,,0.271896,-0.112554,0.294272,,-0.290845,9.84059,-0.292131,0.0305891,fluid
381,7.08199,0.594016,,999.9,11.4921,-1172.61,,0.119522,-0.115614,0.16629,,-0.0618805,9.84767,-0.227473,0.0376728,fluid
382,7.30275,0.584079,,999.895,36.6138,-1237.36,,0.312982,-0.113408,0.332895,,-0.103164,9.81551,-0.272619,0.00551283,fluid
383,6.41072,0.610254,,999.965,38.251,-414.277,,0.247715,-0.11353,0.272492,,-0.215919,9.95911,-0.280544,0.149114,fluid
384,5.88367,0.689567,,999.95,33.7021,-584.635,,0.206607,-0.136225,0.247474,,-0.247754,9.99005,-0.347124,0.180048,fluid
385,5.40107,0.732838,,999.998,49.6241,-27.3584,,0.249494,-0.149997,0.291112,,-0.300766,10.058,-0.305832,0.247997,fluid
386,6.28,0.677035,,999.962,38.8271,-444.161,,0.24646,-0.133242,0.280172,,-0.241629,9.97775,-0.312358,0.167746,fluid
387,9.44892,0.657325,,1000.2,74.1713,2315.56,,0.533593,-0.114553,0.54575,,-1.05462,10.0078,-0.809606,0.197849,fluid
388,15.9826,0.445153,,999.926,7.7601,-874.516,,0.204423,-0.0870961,0.222203,,-0.214641,9.75501,-0.269362,-0.054988,fluid
389,20.3442,0.554037,,1000.02,-57.9672,250.166,,-1.16643,-0.0767626,1.16895,,0.412356,9.74817,0.424652,-0.0618293,fluid
390,20.3189,0.543476,,999.989,-61.6557,-124.535,,-1.18044,-0.0767762,1.18293,,0.472904,9.72092,0.466775,-0.0890787,fluid
391,20.3226,0.540168,,999.989,-61.6914,-123.74,,-1.18085,-0.0759623,1.18329,,0.47154,9.72424,0.465451,-0.0857596,fluid
392,20.3687,0.545672,,1000.04,-56.1588,448.513,,-1.15928,-0.0736024,1.16162,,0.387979,9.77514,0.409998,-0.0348645,fluid
393,20.3953,0.554644,,1000.08,-51.3279,913.623,,-1.13506,-0.0729683,1.1374,,0.347762,9.81254,0.392554,0.00254311,fluid
394,20.464,0.570404,,1000.15,-39.235,1817,,-1.03901,-0.0706536,1.04141,,0.54088,9.91459,0.629656,0.104586,fluid
395,20.4363,0.561338,,1000.13,-44.1285,1526.34,,-1.08679,-0.0709176,1.0891,,0.411399,9.87594,0.486077,0.0659437,fluid
396,16.0891,0.45452,,999.788,-8.94783,-2495.04,,0.122159,-0.0940335,0.154159,,-0.131936,9.57989,-0.287045,-0.230109,fluid
397,16.2534,0.47846,,1000.05,21.4124,563.761,,0.277783,-0.0855672,0.290663,,-0.253709,9.87908,-0.219025,0.069078,fluid
398,16.3025,0.487546,,1000.01,19.2329,163.865,,0.289549,-0.0882496,0.302699,,-0.25074,9.84238,-0.240689,0.0323803,fluid
399,16.3027,0.463515,,1000.02,19.3576,199.304,,0.288712,-0.0847107,0.300883,,-0.254888,9.83915,-0.242664,0.0291518,fluid
400,16.1789,0.473105,,1000.07,23.3455,864.56,,0.271335,-0.0839433,0.284023,,-0.469682,9.90498,-0.416249,0.0949752,fluid
401,10.626,0.589325,,999.998,30.0345,-23.4886,,0.325799,-0.109146,0.343596,,-0.201085,9.83053,-0.203296,0.0205258,fluid
402,9.42945,0.58808,,999.911,12.6358,-1052.9,,0.181017,-0.114385,0.214129,,0.0425751,9.78387,-0.0690952,-0.0261253,fluid
403,10.3504,0.613974,,1000.02,31.4959,246.665,,0.31044,-0.113999,0.33071,,-0.210311,9.85255,-0.18648,0.0425542,fluid
404,10.1594,0.588533,,999.996,30.6915,-42.8722,,0.31467,-0.109624,0.333219,,-0.280296,9.83317,-0.284516,0.0231685,fluid
405,8.54372,0.597537,,999.989,33.5406,-128.718,,0.288028,-0.11294,0.309379,,-0.212995,9.83638,-0.228061,0.0263794,fluid
406,8.37009,0.599897,,999.987,33.8926,-149.894,,0.286644,-0.113579,0.308326,,-0.242905,9.83515,-0.260814,0.0251503,fluid
407,7.80195,0.611858,,999.985,34.3756,-174.066,,0.2686,-0.1168,0.292896,,-0.283917,9.83641,-0.306228,0.0264094,fluid
408,8.10113,0.624049,,1000,35.2339,0.806919,,0.279412,-0.119131,0.303749,,-0.25392,9.84547,-0.25382,0.0354716,fluid
409,6.96389,0.577812,,999.951,29.2755,-574.088,,0.211764,-0.109236,0.238278,,-0.255414,9.8848,-0.337856,0.0747977,fluid
410,8.0352,0.63701,,1000.01,35.8137,71.2217,,0.277413,-0.122296,0.303174,,-0.265354,9.85507,-0.256491,0.0450656,fluid
411,10.5912,0.554854,,1000,30.3798,8.17191,,0.325986,-0.101766,0.341501,,-0.202068,9.82962,-0.201297,0.0196204,fluid
412,20.2887,0.578007,,999.994,-60.9398,-71.375,,-1.17822,-0.0850877,1.18129,,0.47564,9.69832,0.472122,-0.111678,fluid
413,21.278,0.735188,,999.5,-68.2706,-5874.22,,-0.929862,-0.146236,0.94129,,0.677741,9.8181,0.401533,0.00810365,fluid
414,21.1959,0.682041,,999.443,-81.8249,-6543.61,,-1.06857,-0.124978,1.07585,,0.476637,9.78983,0.167745,-0.020174,fluid
415,21.2508,0.680747,,999.432,-79.4093,-6680.91,,-1.00827,-0.123586,1.01582,,0.535125,9.79013,0.220562,-0.0198716,fluid
416,21.4063,0.687879,,999.517,-65.0996,-5679.79,,-0.874085,-0.118688,0.882106,,0.666048,9.85641,0.400588,0.0464111,fluid
417,22.3852,0.565003,,1000.15,3.25734,1750.88,,-0.410245,-0.0889932,0.419786,,0.89034,9.81141,0.968544,0.00141127,fluid
418,22.4446,0.562932,,1000.1,1.46843,1198.81,,-0.383149,-0.0885813,0.393255,,0.981911,9.82796,1.03532,0.0179583,fluid
419,22.0647,0.585034,,1000.3,2.66876,3544.4,,-0.649727,-0.0835106,0.655071,,0.013087,10.0983,0.173675,0.288262,fluid
420,20.3282,0.569588,,1000.02,-57.9897,233.721,,-1.16672,-0.0806148,1.1695,,0.418351,9.73372,0.429848,-0.076285,fluid
421,20.2726,0.570928,,999.977,-62.8403,-265.573,,-1.18412,-0.0848356,1.18716,,0.503039,9.6846,0.489938,-0.1254,fluid
422,20.2877,0.55225,,999.974,-63.3459,-311.766,,-1.1854,-0.0803978,1.18812,,0.506356,9.69216,0.490989,-0.11784,fluid
423,20.563,0.586204,,1000.04,-38.4804,440.764,,-0.861496,-0.0749823,0.864753,,1.19971,9.86906,1.22114,0.0590642,fluid
424,20.4548,0.60089,,1000.18,-35.9403,2109.22,,-1.02446,-0.0751074,1.02721,,0.504044,9.94322,0.607142,0.133222,fluid
425,16.273,0.487135,,1000.03,20.429,329.871,,0.288654,-0.0875935,0.301652,,-0.242522,9.85939,-0.222251,0.049388,fluid
426,16.0298,0.487326,,999.905,5.30727,-1119.58,,0.193687,-0.0938755,0.215238,,-0.210081,9.74165,-0.279932,-0.0683492,fluid
427,16.3368,0.48478,,1000.01,18.3452,71.3716,,0.287595,-0.0881504,0.300801,,-0.264015,9.83453,-0.259646,0.0245293,fluid
428,10.7043,0.584635,,999.996,29.7177,-52.8286,,0.327708,-0.108162,0.345096,,-0.203141,9.82874,-0.208077,0.0187395,fluid
429,10.3775,0.621802,,1000.02,31.4624,181.915,,0.315675,-0.116176,0.336374,,-0.20758,9.84918,-0.190051,0.0391795,fluid
430,9.97425,0.605873,,999.989,30.0246,-124.384,,0.305744,-0.11433,0.326422,,-0.237156,9.83038,-0.249626,0.0203797,fluid
431,9.53163,0.586072,,999.936,21.5617,-751.241,,0.248293,-0.112849,0.272735,,-0.000946359,9.80091,-0.079767,-0.00909099,fluid
432,8.67433,0.592916,,999.993,33.5136,-87.4484,,0.289074,-0.1117,0.309904,,-0.201724,9.83975,-0.211805,0.0297515,fluid
433,8.16529,0.616378,,999.991,34.8201,-111.211,,0.284805,-0.117587,0.308124,,-0.254068,9.83837,-0.267688,0.028372,fluid
434,8.44686,0.619464,,999.987,33.747,-152.365,,0.288156,-0.118506,0.311573,,-0.228584,9.83955,-0.246622,0.0295536,fluid
435,16.3826,0.519647,,999.996,17.4936,-51.9232,,0.288986,-0.094299,0.303982,,-0.293884,9.83249,-0.297054,0.0224856,fluid
436,20.5315,0.607637,,1000.12,-32.6208,1444.66,,-0.886167,-0.0769085,0.889498,,1.05053,9.9254,1.12088,0.115398,fluid
437,21.1037,0.720514,,999.534,-75.7329,-5472.6,,-1.09258,-0.141544,1.10171,,0.600113,9.82463,0.340673,0.0146345,fluid
438,22.4239,0.980082,,999.556,-57.314,-5220.22,,-0.800413,-0.466432,0.926401,,1.39337,10.8022,1.16047,0.992173,fluid
439,22.5199,0.854583,,998.997,-86.8533,-11768.9,,-0.471415,-0.294415,0.555799,,2.38809,9.85976,1.86496,0.049762,fluid
440,22.8071,0.685872,,999.405,-57.2293,-6995.06,,-0.572288,-0.119285,0.584588,,0.402761,9.76139,0.0958724,-0.0486132,fluid
441,22.6377,0.690631,,999.39,-59.1036,-7168.5,,-0.553053,-0.12342,0.566657,,1.54633,9.7816,1.22947,-0.0283969,fluid
442,21.601,0.699636,,999.757,-46.7133,-2854.09,,-0.892497,-0.111507,0.899435,,0.588466,9.92551,0.456306,0.11551,fluid
443,21.2997,0.748421,,999.534,-64.456,-5479.46,,-0.918531,-0.151032,0.930865,,0.725665,9.83514,0.46829,0.0251365,fluid
444,20.957,0.64179,,999.61,-76.9224,-4584.62,,-1.13835,-0.102853,1.14299,,0.893579,9.83554,0.67473,0.0255418,fluid
445,20.9721,0.647565,,999.603,-77.6859,-4667.68,,-1.15347,-0.105413,1.15827,,0.844364,9.83903,0.621709,0.0290328,fluid
446,21.3288,0.667047,,999.449,-74.6111,-6471.03,,-0.939426,-0.114863,0.946422,,0.597743,9.81939,0.294181,0.00938759,fluid
447,21.9214,0.577632,,1000.26,-5.41319,3007.11,,-0.740818,-0.0753942,0.744644,,-0.206381,10.0732,-0.0692392,0.263178,fluid
448,20.5187,0.620175,,1000.16,-30.2617,1838.26,,-0.896626,-0.0781096,0.900022,,0.975164,9.95607,1.06474,0.146067,fluid
449,20.3613,0.589684,,1000.07,-51.834,843.042,,-1.14112,-0.0812805,1.14401,,0.330947,9.78256,0.372349,-0.0274389,fluid
450,20.2916,0.566281,,999.987,-61.7098,-148.114,,-1.18021,-0.0826736,1.1831,,0.486062,9.69915,0.478762,-0.110851,fluid
451,20.4587,0.58244,,1000.16,-38.0077,1931.82,,-1.03415,-0.0724859,1.03669,,0.518373,9.92371,0.612783,0.113715,fluid
452,16.3554,0.504105,,1000,17.9715,14.8407,,0.288156,-0.0913946,0.302303,,-0.275964,9.83423,-0.275057,0.0242324,fluid
453,16.3662,0.483137,,1000.01,18.0164,63.1332,,0.285224,-0.087875,0.298454,,-0.264093,9.83242,-0.260236,0.0224238,fluid
454,16.0169,0.482737,,999.93,8.0093,-823.344,,0.203395,-0.092105,0.223278,,-0.239816,9.76493,-0.291224,-0.0450734,fluid
455,10.6132,0.605327,,999.998,30.0856,-24.3903,,0.325794,-0.11289,0.344798,,-0.20071,9.83201,-0.203008,0.0220135,fluid
456,10.0077,0.605832,,999.992,30.4125,-89.4268,,0.308678,-0.114125,0.3291,,-0.250075,9.832,-0.259011,0.0219981,fluid
457,9.95239,0.619542,,999.991,30.1415,-102.999,,0.304456,-0.117688,0.326411,,-0.234,9.83476,-0.24435,0.0247558,fluid
458,9.09176,0.588406,,999.934,33.5898,-777.801,,0.345712,-0.11355,0.363882,,-0.334764,9.81651,-0.42032,0.00650688,fluid
459,16.2867,0.436173,,1000.03,20.4683,362.651,,0.28909,-0.080791,0.300167,,-0.252921,9.84281,-0.230655,0.0328084,fluid
460,21.7315,0.730756,,999.856,-43.2752,-1698.7,,-0.989453,-0.12268,0.997029,,0.326028,9.90718,0.247849,0.0971824,fluid
461,21.4271,0.741162,,999.596,-59.5155,-4744.89,,-0.926512,-0.139726,0.936988,,0.772632,9.86082,0.551099,0.0508245,fluid
462,22.3041,1.07033,,1000.01,-39.3895,137.534,,-1.26763,-0.563681,1.38731,,0.615397,11.3588,0.621563,1.54876,fluid
463,22.3251,1.04861,,999.933,-41.3174,-793.475,,-1.14889,-0.535232,1.26744,,0.706695,11.2585,0.671151,1.4485,fluid
464,22.0569,0.878564,,999.762,-49.8224,-2797.65,,-0.988127,-0.248524,1.0189,,0.244541,9.91422,0.117673,0.104215,fluid
465,21.9788,0.732126,,999.818,-50.2537,-2139.68,,-1.04363,-0.130728,1.05178,,0.289273,9.84478,0.191903,0.0347763,fluid
466,21.817,0.700381,,999.899,-43.6492,-1184.82,,-1.04126,-0.109363,1.04698,,0.233595,9.92902,0.179282,0.11902,fluid
467,21.5576,0.685098,,999.705,-51.2669,-3469.68,,-0.894188,-0.107511,0.900628,,0.650484,9.93254,0.489487,0.122543,fluid
468,21.6067,0.669777,,999.776,-45.8652,-2635.09,,-0.884533,-0.099352,0.890095,,0.557089,9.96053,0.435105,0.150535,fluid
469,22.4472,0.638539,,999.832,-29.1577,-1978.16,,-0.611034,-0.104433,0.619894,,1.10793,9.87368,1.01979,0.0636805,fluid
470,22.9979,0.616588,,999.828,-14.677,-2027.42,,-0.380271,-0.104216,0.394293,,-0.72515,9.76364,-0.813322,-0.0463641,fluid
471,23.0851,0.620149,,999.836,-13.1342,-1932.9,,-0.357914,-0.108088,0.373879,,-1.15822,9.77981,-1.24197,-0.0301867,fluid
472,21.4831,0.694583,,999.607,-57.2543,-4623.86,,-0.865668,-0.116023,0.873409,,0.679456,9.89548,0.464139,0.0854791,fluid
473,21.1431,0.624394,,999.485,-84.9598,-6049.06,,-1.15152,-0.0998641,1.15584,,0.414967,9.83909,0.128718,0.029094,fluid
474,21.5965,0.554692,,999.877,-36.1775,-1444.05,,-0.755242,-0.0641856,0.757965,,0.37008,10.1482,0.303208,0.338234,fluid
475,22.2639,0.701392,,999.773,-43.908,-2672.32,,-0.823976,-0.126682,0.833657,,0.767706,9.85947,0.647649,0.0494699,fluid
476,20.2604,0.546437,,999.948,-66.1815,-611.122,,-1.1937,-0.0812435,1.19646,,0.545958,9.66415,0.515793,-0.145846,fluid
477,20.3354,0.56144,,1000.02,-58.0849,230.056,,-1.16685,-0.0786638,1.1695,,0.416579,9.73984,0.427891,-0.0701597,fluid
478,20.5168,0.656069,,1000.19,-25.4614,2260.4,,-0.877221,-0.0833457,0.881172,,0.979528,10.0074,1.08968,0.197382,fluid
479,16.316,0.486402,,1000.01,18.8388,121.287,,0.288753,-0.0882249,0.30193,,-0.254031,9.8386,-0.246598,0.0285976,fluid
480,10.8111,0.577834,,999.993,29.3239,-84.3469,,0.330175,-0.106777,0.347011,,-0.201885,9.82604,-0.209687,0.016035,fluid
481,10.4721,0.611724,,1000.01,30.8043,59.1775,,0.321525,-0.114181,0.341197,,-0.20005,9.83804,-0.194399,0.0280411,fluid
482,10.5714,0.62376,,999.999,30.3504,-11.6426,,0.325882,-0.117451,0.346402,,-0.200066,9.83487,-0.201167,0.0248739,fluid
483,20.2888,0.563773,,999.983,-62.1711,-194.994,,-1.18167,-0.0824057,1.18454,,0.49424,9.69624,0.484629,-0.113763,fluid
484,22.1804,0.906598,,999.704,-50.6443,-3478.75,,-0.904336,-0.297177,0.951913,,0.421633,10.0528,0.264748,0.242753,fluid
485,23.2469,0.460551,,999.925,3.45761,-886.468,,-0.0621848,-0.0781807,0.0998958,,-1.04485,9.83631,-1.08299,0.0263061,fluid
486,23.3036,0.499904,,999.772,-11.3624,-2682.95,,-0.122164,-0.083602,0.148031,,-1.50757,9.84106,-1.62272,0.0310602,fluid
487,23.3015,0.541656,,999.728,-16.5444,-3194.3,,-0.178052,-0.0912369,0.200067,,-1.68301,9.83666,-1.82014,0.0266584,fluid
488,23.2952,0.58275,,999.715,-19.6877,-3352.82,,-0.242171,-0.100559,0.262219,,-1.78374,9.82645,-1.92771,0.0164546,fluid
489,23.1806,0.724481,,999.79,-25.2942,-2468.43,,-0.564427,-0.150472,0.584141,,-1.64484,9.83368,-1.75135,0.0236836,fluid
490,23.2493,0.720062,,999.777,-24.1473,-2624.54,,-0.502512,-0.150048,0.524436,,-1.74398,9.83377,-1.85689,0.0237702,fluid
491,23.2781,0.746759,,999.768,-26.0679,-2726.79,,-0.528101,-0.164603,0.553159,,-1.76066,9.84898,-1.87783,0.0389781,fluid
492,23.1389,0.899936,,999.745,-45.0815,-2994.88,,-0.934381,-0.295185,0.979899,,-1.60156,10.1897,-1.73102,0.379689,fluid
493,22.6344,1.07182,,999.9,-31.1226,-1180.5,,-0.873945,-0.643336,1.0852,,0.988515,11.732,0.936355,1.92199,fluid
494,22.4209,1.08953,,1000.07,-31.2186,778.833,,-1.2005,-0.609428,1.34633,,0.635422,11.626,0.670156,1.81603,fluid
495,22.4218,1.07986,,1000.02,-34.038,251.534,,-1.17153,-0.600361,1.3164,,0.712197,11.558,0.723415,1.74798,fluid
496,22.3093,0.992673,,999.762,-47.4119,-2803.22,,-0.954826,-0.445466,1.05363,,0.706267,10.738,0.580585,0.928006,fluid
497,22.6295,0.963403,,999.131,-77.8113,-10204.3,,-0.495523,-0.504903,0.707439,,2.32304,10.8357,1.87172,1.0257,fluid
498,23.1098,0.693565,,999.765,-26.392,-2761.33,,-0.546679,-0.133763,0.562806,,-1.50084,9.79827,-1.62035,-0.0117259,fluid
499,21.1848,0.679704,,999.448,-82.5245,-6488.67,,-1.08722,-0.123929,1.09426,,0.466942,9.79214,0.160484,-0.0178622,fluid
500,21.4722,0.613606,,999.618,-58.2829,-4489.23,,-0.844506,-0.0865988,0.848934,,0.549338,9.97037,0.340186,0.160371,fluid
501,22.0436,0.530489,,1000.4,14.3271,4732.69,,-0.540346,-0.0745325,0.545462,,0.0629995,10.0002,0.27761,0.190183,fluid
502,20.267,0.535745,,999.943,-66.8371,-675.611,,-1.19606,-0.079019,1.19867,,0.557224,9.66581,0.523887,-0.144188,fluid
503,20.4576,0.560061,,1000.14,-41.5878,1674.36,,-1.06066,-0.0695474,1.06293,,0.499597,9.89852,0.581431,0.0885218,fluid
504,16.3244,0.493217,,1000,18.3785,36.1176,,0.290766,-0.0896171,0.304263,,-0.274046,9.8344,-0.271833,0.024404,fluid
505,16.0056,0.475456,,999.893,4.40937,-1262.9,,0.194117,-0.0927669,0.215145,,-0.161842,9.73213,-0.240754,-0.0778736,fluid
506,16.3328,0.500296,,999.991,17.6588,-103.972,,0.294667,-0.0913351,0.308497,,-0.302763,9.82601,-0.309129,0.0160058,fluid
507,21.0325,0.707969,,999.574,-74.5712,-5010,,-1.10061,-0.134348,1.10878,,0.70444,9.83062,0.466136,0.0206202,fluid
508,23.3383,0.365807,,1000,9.14721,-0.056299,,-0.0234029,-0.0675628,0.0715012,,-0.841173,9.92753,-0.841175,0.117534,fluid
509,23.4497,0.553666,,999.531,-35.8694,-5514.42,,-0.211155,-0.0936479,0.23099,,-1.96411,9.86049,-2.19938,0.0504852,fluid
510,23.4502,0.67521,,999.523,-41.491,-5601.59,,-0.363005,-0.13022,0.385655,,-2.10138,9.81876,-2.34037,0.00875619,fluid
511,23.3791,0.868621,,999.735,-33.3561,-3120.22,,-0.609121,-0.260941,0.66266,,-1.58086,10.0069,-1.71435,0.196854,fluid
512,23.3237,1.04032,,999.788,-25.2625,-2489.04,,-0.500108,-0.570122,0.758384,,-1.52396,11.3218,-1.6307,1.51179,fluid
513,23.3145,1.07471,,999.806,-18.222,-2278.8,,-0.352537,-0.673027,0.759768,,-1.57068,11.6443,-1.66844,1.83435,fluid
514,23.2974,1.09778,,999.875,-8.69644,-1471.81,,-0.25858,-0.73199,0.77632,,-1.46755,11.7544,-1.53073,1.94443,fluid
515,23.2768,1.11381,,999.949,0.139809,-599.139,,-0.20528,-0.761873,0.789044,,-1.32606,11.7361,-1.3518,1.92608,fluid
516,23.2462,1.12213,,1000.01,6.63534,149.661,,-0.196286,-0.766025,0.790773,,-1.16746,11.7149,-1.16102,1.90486,fluid
517,23.2035,1.11906,,1000.05,8.1231,597.606,,-0.252108,-0.743551,0.785128,,-1.04334,11.8207,-1.01758,2.01073,fluid
518,23.1871,1.10208,,999.996,0.586589,-45.5214,,-0.319422,-0.712789,0.781088,,-1.1444,11.822,-1.14637,2.01195,fluid
519,23.2012,1.08244,,999.91,-9.26606,-1054.38,,-0.376331,-0.678853,0.776187,,-1.41253,11.8311,-1.45798,2.02113,fluid
520,23.216,1.06833,,999.866,-15.3502,-1576.25,,-0.434025,-0.645589,0.777922,,-1.53835,11.7445,-1.60625,1.93453,fluid
521,22.9379,1.08474,,999.983,-13.0447,-199.001,,-0.638045,-0.679854,0.932364,,-0.218623,11.9383,-0.227299,2.12832,fluid
522,22.3934,1.09332,,1000.09,-31.7763,1005.1,,-1.25203,-0.608755,1.39218,,0.565313,11.6235,0.610193,1.81346,fluid
523,22.4019,1.06719,,999.969,-38.349,-368.529,,-1.15872,-0.582692,1.29698,,0.78364,11.4908,0.767189,1.68084,fluid
524,22.625,1.03822,,999.665,-46.804,-3938.09,,-0.776311,-0.607761,0.985917,,1.4433,11.5077,1.26918,1.69768,fluid
525,22.0367,0.811956,,999.717,-54.9781,-3332.36,,-0.999125,-0.188389,1.01673,,0.370985,9.81912,0.219724,0.00911979,fluid
526,21.5662,0.64278,,999.729,-47.7631,-3190.65,,-0.828601,-0.0918279,0.833674,,0.554633,9.98648,0.406646,0.17648,fluid
527,22.0229,0.549728,,1000.37,8.89348,4307.91,,-0.605924,-0.0759416,0.610664,,-0.00538431,10.0463,0.190155,0.236295,fluid
528,20.379,0.557382,,1000.06,-53.2489,725.268,,-1.14525,-0.0746429,1.14768,,0.34728,9.79097,0.382867,-0.0190346,fluid
529,20.3231,0.533002,,999.983,-62.462,-194.415,,-1.18417,-0.07474,1.18652,,0.482599,9.72432,0.473033,-0.0856808,fluid
530,16.2159,0.540014,,1000.05,26.7576,635.544,,0.350337,-0.0940272,0.362736,,-0.359111,9.91123,-0.31992,0.101228,fluid
