h/dp :,2
L2norm Pressure,KE,dp,Nparticles
38625.8,68740.4,0.5,448

t,16.36
ID,x,y,,rho,drhodt,pressure,,u,v,,du_rdt,du_zdt,Type
0,-1.25,-0.25,,1007.42,0,59560.8,,0,0,,0,0,boundary
1,-0.75,-0.25,,1007.39,0,59285.1,,0,0,,0,0,boundary
2,-0.25,-0.25,,1007.32,0,58726.2,,0,0,,0,0,boundary
3,0.25,-0.25,,1007.32,0,58754.5,,0,0,,0,0,boundary
4,0.75,-0.25,,1007.33,0,58774.8,,0,0,,0,0,boundary
5,1.25,-0.25,,1007.27,0,58340.1,,0,0,,0,0,boundary
6,1.75,-0.25,,1007.17,0,57520.2,,0,0,,0,0,boundary
7,2.25,-0.25,,1007.1,0,56927.4,,0,0,,0,0,boundary
8,2.75,-0.25,,1007.03,0,56370.6,,0,0,,0,0,boundary
9,3.25,-0.25,,1006.94,0,55617.3,,0,0,,0,0,boundary
10,3.75,-0.25,,1006.84,0,54807.8,,0,0,,0,0,boundary
11,4.25,-0.25,,1006.77,0,54197.1,,0,0,,0,0,boundary
12,4.75,-0.25,,1006.7,0,53611.5,,0,0,,0,0,boundary
13,5.25,-0.25,,1006.55,0,52422.3,,0,0,,0,0,boundary
14,5.75,-0.25,,1006.36,0,50859.4,,0,0,,0,0,boundary
15,6.25,-0.25,,1006.24,0,49906.2,,0,0,,0,0,boundary
16,6.75,-0.25,,1006.22,0,49698.4,,0,0,,0,0,boundary
17,7.25,-0.25,,1006.34,0,50677.4,,0,0,,0,0,boundary
18,7.75,-0.25,,1006.45,0,51634.4,,0,0,,0,0,boundary
19,8.25,-0.25,,1006.4,0,51223.2,,0,0,,0,0,boundary
20,8.75,-0.25,,1006.14,0,49050.8,,0,0,,0,0,boundary
21,9.25,-0.25,,1005.85,0,46689.7,,0,0,,0,0,boundary
22,9.75,-0.25,,1005.65,0,45072.7,,0,0,,0,0,boundary
23,10.25,-0.25,,1005.5,0,43867.7,,0,0,,0,0,boundary
24,10.75,-0.25,,1005.36,0,42776.8,,0,0,,0,0,boundary
25,11.25,-0.25,,1005.29,0,42143.6,,0,0,,0,0,boundary
26,11.75,-0.25,,1005.26,0,41944.7,,0,0,,0,0,boundary
27,12.25,-0.25,,1005.21,0,41564.9,,0,0,,0,0,boundary
28,12.75,-0.25,,1005.15,0,41081.6,,0,0,,0,0,boundary
29,13.25,-0.25,,1005.13,0,40876.8,,0,0,,0,0,boundary
30,13.75,-0.25,,1005.13,0,40888.5,,0,0,,0,0,boundary
31,14.25,-0.25,,1005.13,0,40895.3,,0,0,,0,0,boundary
32,14.75,-0.25,,1005.14,0,40953.9,,0,0,,0,0,boundary
33,15.25,-0.25,,1005.14,0,40930.9,,0,0,,0,0,boundary
34,15.75,-0.25,,1005.11,0,40754.2,,0,0,,0,0,boundary
35,16.25,-0.25,,1005.11,0,40700.9,,0,0,,0,0,boundary
36,16.75,-0.25,,1005.12,0,40777.7,,0,0,,0,0,boundary
37,17.25,-0.25,,1005.13,0,40864.7,,0,0,,0,0,boundary
38,17.75,-0.25,,1005.15,0,41020.7,,0,0,,0,0,boundary
39,18.25,-0.25,,1005.18,0,41296.5,,0,0,,0,0,boundary
40,18.75,-0.25,,1005.21,0,41520.2,,0,0,,0,0,boundary
41,19.25,-0.25,,1005.23,0,41695.5,,0,0,,0,0,boundary
42,19.75,-0.25,,1005.25,0,41867.8,,0,0,,0,0,boundary
43,20.25,-0.25,,1005.27,0,42014.6,,0,0,,0,0,boundary
44,20.75,-0.25,,1005.28,0,42095.1,,0,0,,0,0,boundary
45,21.25,-0.25,,1005.28,0,42096.4,,0,0,,0,0,boundary
46,21.75,-0.25,,1005.27,0,42002.1,,0,0,,0,0,boundary
47,22.25,-0.25,,1005.26,0,41945.9,,0,0,,0,0,boundary
48,22.75,-0.25,,1005.27,0,42048.4,,0,0,,0,0,boundary
49,23.25,-0.25,,1005.25,0,41880.9,,0,0,,0,0,boundary
50,23.75,-0.25,,1005.21,0,41499.8,,0,0,,0,0,boundary
51,24.25,-0.25,,1005.15,0,41086.1,,0,0,,0,0,boundary
52,24.75,-0.25,,1005.07,0,40409.5,,0,0,,0,0,boundary
53,25.25,-0.25,,1005.02,0,39954.9,,0,0,,0,0,boundary
54,25.75,-0.25,,1005.03,0,40099.3,,0,0,,0,0,boundary
55,26.25,-0.25,,1005.02,0,40005.8,,0,0,,0,0,boundary
56,-1.25,-0.75,,1007.84,0,62983.2,,0,0,,0,0,boundary
57,-0.75,-0.75,,1007.94,0,63776.5,,0,0,,0,0,boundary
58,-0.25,-0.75,,1007.92,0,63637.6,,0,0,,0,0,boundary
59,0.25,-0.75,,1007.92,0,63675.2,,0,0,,0,0,boundary
60,0.75,-0.75,,1007.9,0,63455.5,,0,0,,0,0,boundary
61,1.25,-0.75,,1007.8,0,62653.1,,0,0,,0,0,boundary
62,1.75,-0.75,,1007.64,0,61371.6,,0,0,,0,0,boundary
63,2.25,-0.75,,1007.51,0,60319.1,,0,0,,0,0,boundary
64,2.75,-0.75,,1007.42,0,59560.6,,0,0,,0,0,boundary
65,3.25,-0.75,,1007.33,0,58772.9,,0,0,,0,0,boundary
66,3.75,-0.75,,1007.26,0,58199.1,,0,0,,0,0,boundary
67,4.25,-0.75,,1007.21,0,57828.4,,0,0,,0,0,boundary
68,4.75,-0.75,,1007.15,0,57336.6,,0,0,,0,0,boundary
69,5.25,-0.75,,1007.03,0,56320.9,,0,0,,0,0,boundary
70,5.75,-0.75,,1006.81,0,54545.5,,0,0,,0,0,boundary
71,6.25,-0.75,,1006.7,0,53629,,0,0,,0,0,boundary
72,6.75,-0.75,,1006.73,0,53931.1,,0,0,,0,0,boundary
73,7.25,-0.75,,1006.92,0,55482.8,,0,0,,0,0,boundary
74,7.75,-0.75,,1007.13,0,57198.8,,0,0,,0,0,boundary
75,8.25,-0.75,,1007.08,0,56768.6,,0,0,,0,0,boundary
76,8.75,-0.75,,1006.76,0,54119.3,,0,0,,0,0,boundary
77,9.25,-0.75,,1006.44,0,51564.7,,0,0,,0,0,boundary
78,9.75,-0.75,,1006.22,0,49764.6,,0,0,,0,0,boundary
79,10.25,-0.75,,1006.06,0,48461.2,,0,0,,0,0,boundary
80,10.75,-0.75,,1005.94,0,47424,,0,0,,0,0,boundary
81,11.25,-0.75,,1005.85,0,46754.7,,0,0,,0,0,boundary
82,11.75,-0.75,,1005.81,0,46426,,0,0,,0,0,boundary
83,12.25,-0.75,,1005.76,0,45991,,0,0,,0,0,boundary
84,12.75,-0.75,,1005.67,0,45242.3,,0,0,,0,0,boundary
85,13.25,-0.75,,1005.62,0,44894.6,,0,0,,0,0,boundary
86,13.75,-0.75,,1005.64,0,44999,,0,0,,0,0,boundary
87,14.25,-0.75,,1005.66,0,45165.5,,0,0,,0,0,boundary
88,14.75,-0.75,,1005.68,0,45349.9,,0,0,,0,0,boundary
89,15.25,-0.75,,1005.69,0,45430.9,,0,0,,0,0,boundary
90,15.75,-0.75,,1005.68,0,45342.1,,0,0,,0,0,boundary
91,16.25,-0.75,,1005.68,0,45330.8,,0,0,,0,0,boundary
92,16.75,-0.75,,1005.69,0,45401,,0,0,,0,0,boundary
93,17.25,-0.75,,1005.71,0,45584,,0,0,,0,0,boundary
94,17.75,-0.75,,1005.75,0,45885.1,,0,0,,0,0,boundary
95,18.25,-0.75,,1005.79,0,46223.9,,0,0,,0,0,boundary
96,18.75,-0.75,,1005.81,0,46401.3,,0,0,,0,0,boundary
97,19.25,-0.75,,1005.83,0,46572.6,,0,0,,0,0,boundary
98,19.75,-0.75,,1005.86,0,46782.9,,0,0,,0,0,boundary
99,20.25,-0.75,,1005.87,0,46883.4,,0,0,,0,0,boundary
100,20.75,-0.75,,1005.89,0,47012.8,,0,0,,0,0,boundary
101,21.25,-0.75,,1005.91,0,47226.9,,0,0,,0,0,boundary
102,21.75,-0.75,,1005.93,0,47364.6,,0,0,,0,0,boundary
103,22.25,-0.75,,1005.94,0,47433.4,,0,0,,0,0,boundary
104,22.75,-0.75,,1005.93,0,47350.7,,0,0,,0,0,boundary
105,23.25,-0.75,,1005.87,0,46902.3,,0,0,,0,0,boundary
106,23.75,-0.75,,1005.81,0,46415.7,,0,0,,0,0,boundary
107,24.25,-0.75,,1005.76,0,45983,,0,0,,0,0,boundary
108,24.75,-0.75,,1005.68,0,45366.7,,0,0,,0,0,boundary
109,25.25,-0.75,,1005.65,0,45126.7,,0,0,,0,0,boundary
110,25.75,-0.75,,1005.66,0,45215,,0,0,,0,0,boundary
111,26.25,-0.75,,1005.64,0,45058.6,,0,0,,0,0,boundary
112,-1.25,-1.25,,1008.13,0,65393.8,,0,0,,0,0,boundary
113,-0.75,-1.25,,1008.45,0,68046.8,,0,0,,0,0,boundary
114,-0.25,-1.25,,1008.54,0,68756.8,,0,0,,0,0,boundary
115,0.25,-1.25,,1008.56,0,68912.4,,0,0,,0,0,boundary
116,0.75,-1.25,,1008.49,0,68366.3,,0,0,,0,0,boundary
117,1.25,-1.25,,1008.31,0,66847.1,,0,0,,0,0,boundary
118,1.75,-1.25,,1008.12,0,65277,,0,0,,0,0,boundary
119,2.25,-1.25,,1008.01,0,64383.5,,0,0,,0,0,boundary
120,2.75,-1.25,,1007.94,0,63831.9,,0,0,,0,0,boundary
121,3.25,-1.25,,1007.9,0,63453.4,,0,0,,0,0,boundary
122,3.75,-1.25,,1007.88,0,63343.8,,0,0,,0,0,boundary
123,4.25,-1.25,,1007.83,0,62917.9,,0,0,,0,0,boundary
124,4.75,-1.25,,1007.73,0,62071.6,,0,0,,0,0,boundary
125,5.25,-1.25,,1007.55,0,60616.4,,0,0,,0,0,boundary
126,5.75,-1.25,,1007.37,0,59136.6,,0,0,,0,0,boundary
127,6.25,-1.25,,1007.32,0,58693.4,,0,0,,0,0,boundary
128,6.75,-1.25,,1007.42,0,59573,,0,0,,0,0,boundary
129,7.25,-1.25,,1007.65,0,61459.3,,0,0,,0,0,boundary
130,7.75,-1.25,,1007.81,0,62777.7,,0,0,,0,0,boundary
131,8.25,-1.25,,1007.62,0,61193,,0,0,,0,0,boundary
132,8.75,-1.25,,1007.21,0,57781.9,,0,0,,0,0,boundary
133,9.25,-1.25,,1006.86,0,54994.1,,0,0,,0,0,boundary
134,9.75,-1.25,,1006.66,0,53332.5,,0,0,,0,0,boundary
135,10.25,-1.25,,1006.52,0,52201.5,,0,0,,0,0,boundary
136,10.75,-1.25,,1006.44,0,51494.5,,0,0,,0,0,boundary
137,11.25,-1.25,,1006.36,0,50838.5,,0,0,,0,0,boundary
138,11.75,-1.25,,1006.29,0,50264.8,,0,0,,0,0,boundary
139,12.25,-1.25,,1006.23,0,49824.9,,0,0,,0,0,boundary
140,12.75,-1.25,,1006.1,0,48732.4,,0,0,,0,0,boundary
141,13.25,-1.25,,1005.99,0,47900.3,,0,0,,0,0,boundary
142,13.75,-1.25,,1005.99,0,47844.2,,0,0,,0,0,boundary
143,14.25,-1.25,,1006.01,0,48046.8,,0,0,,0,0,boundary
144,14.75,-1.25,,1006.04,0,48303.1,,0,0,,0,0,boundary
145,15.25,-1.25,,1006.11,0,48848.9,,0,0,,0,0,boundary
146,15.75,-1.25,,1006.16,0,49284.5,,0,0,,0,0,boundary
147,16.25,-1.25,,1006.17,0,49307.7,,0,0,,0,0,boundary
148,16.75,-1.25,,1006.18,0,49407.6,,0,0,,0,0,boundary
149,17.25,-1.25,,1006.22,0,49730.1,,0,0,,0,0,boundary
150,17.75,-1.25,,1006.27,0,50161.8,,0,0,,0,0,boundary
151,18.25,-1.25,,1006.31,0,50491.3,,0,0,,0,0,boundary
152,18.75,-1.25,,1006.35,0,50803.7,,0,0,,0,0,boundary
153,19.25,-1.25,,1006.41,0,51266.2,,0,0,,0,0,boundary
154,19.75,-1.25,,1006.46,0,51717.4,,0,0,,0,0,boundary
155,20.25,-1.25,,1006.48,0,51830.7,,0,0,,0,0,boundary
156,20.75,-1.25,,1006.47,0,51780,,0,0,,0,0,boundary
157,21.25,-1.25,,1006.51,0,52077.3,,0,0,,0,0,boundary
158,21.75,-1.25,,1006.6,0,52810.6,,0,0,,0,0,boundary
159,22.25,-1.25,,1006.64,0,53158.5,,0,0,,0,0,boundary
160,22.75,-1.25,,1006.57,0,52548.9,,0,0,,0,0,boundary
161,23.25,-1.25,,1006.44,0,51550.8,,0,0,,0,0,boundary
162,23.75,-1.25,,1006.34,0,50750.2,,0,0,,0,0,boundary
163,24.25,-1.25,,1006.27,0,50136.6,,0,0,,0,0,boundary
164,24.75,-1.25,,1006.2,0,49551.4,,0,0,,0,0,boundary
165,25.25,-1.25,,1006.2,0,49532.6,,0,0,,0,0,boundary
166,25.75,-1.25,,1006.22,0,49708.9,,0,0,,0,0,boundary
167,26.25,-1.25,,1006.21,0,49687,,0,0,,0,0,boundary
168,-0.25,0.25,,1006.8,0,54508.3,,0,0,,0,0,boundary
169,-0.25,0.75,,1006.28,0,50248.9,,0,0,,0,0,boundary
170,-0.25,1.25,,1005.7,0,45543.1,,0,0,,0,0,boundary
171,-0.25,1.75,,1005.13,0,40905.4,,0,0,,0,0,boundary
172,-0.25,2.25,,1004.64,0,36901.8,,0,0,,0,0,boundary
173,-0.25,2.75,,1004.19,0,33266,,0,0,,0,0,boundary
174,-0.25,3.25,,1003.67,0,29091.4,,0,0,,0,0,boundary
175,-0.25,3.75,,1003.08,0,24420.7,,0,0,,0,0,boundary
176,-0.25,4.25,,1002.65,0,20993.4,,0,0,,0,0,boundary
177,-0.25,4.75,,1002.5,0,19775.5,,0,0,,0,0,boundary
178,-0.25,5.25,,1002.44,0,19296.6,,0,0,,0,0,boundary
179,-0.25,5.75,,1001.9,0,15032.1,,0,0,,0,0,boundary
180,-0.25,6.25,,1000.95,0,7439.26,,0,0,,0,0,boundary
181,-0.25,6.75,,1000.63,0,4965.03,,0,0,,0,0,boundary
182,-0.25,7.25,,1000.48,0,3755.86,,0,0,,0,0,boundary
183,-0.25,7.75,,1000.44,0,3491.62,,0,0,,0,0,boundary
184,-0.25,8.25,,1000,0,0,,0,0,,0,0,boundary
185,-0.25,8.75,,1000,0,0,,0,0,,0,0,boundary
186,-0.25,9.25,,1000,0,0,,0,0,,0,0,boundary
187,-0.25,9.75,,1000,0,0,,0,0,,0,0,boundary
188,-0.75,0.25,,1006.87,0,55047.3,,0,0,,0,0,boundary
189,-0.75,0.75,,1006.33,0,50599.7,,0,0,,0,0,boundary
190,-0.75,1.25,,1005.7,0,45517.7,,0,0,,0,0,boundary
191,-0.75,1.75,,1005.06,0,40298.6,,0,0,,0,0,boundary
192,-0.75,2.25,,1004.55,0,36205.3,,0,0,,0,0,boundary
193,-0.75,2.75,,1004.1,0,32553.4,,0,0,,0,0,boundary
194,-0.75,3.25,,1003.59,0,28475.8,,0,0,,0,0,boundary
195,-0.75,3.75,,1003.07,0,24283.5,,0,0,,0,0,boundary
196,-0.75,4.25,,1002.66,0,21026.3,,0,0,,0,0,boundary
197,-0.75,4.75,,1002.46,0,19473,,0,0,,0,0,boundary
198,-0.75,5.25,,1002.3,0,18153.3,,0,0,,0,0,boundary
199,-0.75,5.75,,1001.7,0,13393.9,,0,0,,0,0,boundary
200,-0.75,6.25,,1000.78,0,6107.54,,0,0,,0,0,boundary
201,-0.75,6.75,,1000.56,0,4380.04,,0,0,,0,0,boundary
202,-0.75,7.25,,1000.46,0,3626.67,,0,0,,0,0,boundary
203,-0.75,7.75,,1000.44,0,3490.63,,0,0,,0,0,boundary
204,-0.75,8.25,,1000.45,0,3533.53,,0,0,,0,0,boundary
205,-0.75,8.75,,1000,0,0,,0,0,,0,0,boundary
206,-0.75,9.25,,1000,0,0,,0,0,,0,0,boundary
207,-0.75,9.75,,1000,0,0,,0,0,,0,0,boundary
208,-1.25,0.25,,1006.92,0,55462.6,,0,0,,0,0,boundary
209,-1.25,0.75,,1006.31,0,50467,,0,0,,0,0,boundary
210,-1.25,1.25,,1005.58,0,44562.5,,0,0,,0,0,boundary
211,-1.25,1.75,,1004.84,0,38502.3,,0,0,,0,0,boundary
212,-1.25,2.25,,1004.26,0,33826.5,,0,0,,0,0,boundary
213,-1.25,2.75,,1003.84,0,30471,,0,0,,0,0,boundary
214,-1.25,3.25,,1003.43,0,27179.9,,0,0,,0,0,boundary
215,-1.25,3.75,,1003.03,0,23988.4,,0,0,,0,0,boundary
216,-1.25,4.25,,1002.63,0,20834.3,,0,0,,0,0,boundary
217,-1.25,4.75,,1002.33,0,18412.2,,0,0,,0,0,boundary
218,-1.25,5.25,,1001.95,0,15399.4,,0,0,,0,0,boundary
219,-1.25,5.75,,1001.65,0,13006.7,,0,0,,0,0,boundary
220,-1.25,6.25,,1001.12,0,8784.09,,0,0,,0,0,boundary
221,-1.25,6.75,,1000.45,0,3520.91,,0,0,,0,0,boundary
222,-1.25,7.25,,1000.44,0,3471.67,,0,0,,0,0,boundary
223,-1.25,7.75,,1000.44,0,3469.99,,0,0,,0,0,boundary
224,-1.25,8.25,,1000.43,0,3384.66,,0,0,,0,0,boundary
225,-1.25,8.75,,1000,0,0,,0,0,,0,0,boundary
226,-1.25,9.25,,1000,0,0,,0,0,,0,0,boundary
227,-1.25,9.75,,1000,0,0,,0,0,,0,0,boundary
228,25.25,0.25,,1004.37,0,34760.5,,0,0,,0,0,boundary
229,25.25,0.75,,1003.77,0,29931.4,,0,0,,0,0,boundary
230,25.25,1.25,,1003.2,0,25355.1,,0,0,,0,0,boundary
231,25.25,1.75,,1002.6,0,20588.7,,0,0,,0,0,boundary
232,25.25,2.25,,1001.95,0,15395,,0,0,,0,0,boundary
233,25.25,2.75,,1001.28,0,10064.9,,0,0,,0,0,boundary
234,25.25,3.25,,1000.63,0,4975.95,,0,0,,0,0,boundary
235,25.25,3.75,,1000.97,0,7623.55,,0,0,,0,0,boundary
236,25.25,4.25,,1000.92,0,7200.92,,0,0,,0,0,boundary
237,25.25,4.75,,1000.91,0,7162.44,,0,0,,0,0,boundary
238,25.25,5.25,,1000,0,0,,0,0,,0,0,boundary
239,25.25,5.75,,1000,0,0,,0,0,,0,0,boundary
240,25.25,6.25,,1000,0,0,,0,0,,0,0,boundary
241,25.25,6.75,,1000,0,0,,0,0,,0,0,boundary
242,25.25,7.25,,1000,0,0,,0,0,,0,0,boundary
243,25.25,7.75,,1000,0,0,,0,0,,0,0,boundary
244,25.25,8.25,,1000,0,0,,0,0,,0,0,boundary
245,25.25,8.75,,1000,0,0,,0,0,,0,0,boundary
246,25.25,9.25,,1000,0,0,,0,0,,0,0,boundary
247,25.25,9.75,,1000,0,0,,0,0,,0,0,boundary
248,25.75,0.25,,1004.37,0,34754.9,,0,0,,0,0,boundary
249,25.75,0.75,,1003.74,0,29674.5,,0,0,,0,0,boundary
250,25.75,1.25,,1003.16,0,24997.8,,0,0,,0,0,boundary
251,25.75,1.75,,1002.58,0,20381.9,,0,0,,0,0,boundary
252,25.75,2.25,,1001.95,0,15366,,0,0,,0,0,boundary
253,25.75,2.75,,1001.27,0,9997.83,,0,0,,0,0,boundary
254,25.75,3.25,,1000.62,0,4872.2,,0,0,,0,0,boundary
255,25.75,3.75,,1000.92,0,7257.41,,0,0,,0,0,boundary
256,25.75,4.25,,1000.85,0,6664.2,,0,0,,0,0,boundary
257,25.75,4.75,,1000.79,0,6187.82,,0,0,,0,0,boundary
258,25.75,5.25,,1000,0,0,,0,0,,0,0,boundary
259,25.75,5.75,,1000,0,0,,0,0,,0,0,boundary
260,25.75,6.25,,1000,0,0,,0,0,,0,0,boundary
261,25.75,6.75,,1000,0,0,,0,0,,0,0,boundary
262,25.75,7.25,,1000,0,0,,0,0,,0,0,boundary
263,25.75,7.75,,1000,0,0,,0,0,,0,0,boundary
264,25.75,8.25,,1000,0,0,,0,0,,0,0,boundary
265,25.75,8.75,,1000,0,0,,0,0,,0,0,boundary
266,25.75,9.25,,1000,0,0,,0,0,,0,0,boundary
267,25.75,9.75,,1000,0,0,,0,0,,0,0,boundary
268,26.25,0.25,,1004.35,0,34585.2,,0,0,,0,0,boundary
269,26.25,0.75,,1003.7,0,29354.4,,0,0,,0,0,boundary
270,26.25,1.25,,1003.1,0,24549.2,,0,0,,0,0,boundary
271,26.25,1.75,,1002.52,0,19928.3,,0,0,,0,0,boundary
272,26.25,2.25,,1001.89,0,14926.6,,0,0,,0,0,boundary
273,26.25,2.75,,1001.18,0,9257.43,,0,0,,0,0,boundary
274,26.25,3.25,,1000.51,0,4029.85,,0,0,,0,0,boundary
275,26.25,3.75,,1000.87,0,6842.61,,0,0,,0,0,boundary
276,26.25,4.25,,1000.79,0,6207.49,,0,0,,0,0,boundary
277,26.25,4.75,,1000.74,0,5809.27,,0,0,,0,0,boundary
278,26.25,5.25,,1000.69,0,5454.47,,0,0,,0,0,boundary
279,26.25,5.75,,1000,0,0,,0,0,,0,0,boundary
280,26.25,6.25,,1000,0,0,,0,0,,0,0,boundary
281,26.25,6.75,,1000,0,0,,0,0,,0,0,boundary
282,26.25,7.25,,1000,0,0,,0,0,,0,0,boundary
283,26.25,7.75,,1000,0,0,,0,0,,0,0,boundary
284,26.25,8.25,,1000,0,0,,0,0,,0,0,boundary
285,26.25,8.75,,1000,0,0,,0,0,,0,0,boundary
286,26.25,9.25,,1000,0,0,,0,0,,0,0,boundary
287,26.25,9.75,,1000,0,0,,0,0,,0,0,boundary
288,0.245362,2.72353,,1004.26,-5.26564,33851.2,,0.111372,-0.879218,,0.501427,9.15193,fluid
289,0.222335,2.12711,,1004.68,-5.86844,37248.9,,0.132361,-0.574415,,0.451563,9.71412,fluid
290,0.256306,3.76597,,1003.1,-3.103,24551.2,,0.0210038,-1.24406,,-0.0836798,9.68455,fluid
291,0.232854,0.181735,,1006.85,-7.57345,54897.1,,-0.129263,0.112273,,0.24475,9.85659,fluid
292,0.134847,1.50211,,1005.4,-7.0579,43050.4,,0.0519178,-0.323485,,1.35371,9.19926,fluid
293,0.285043,3.20382,,1003.72,-5.20177,29498.1,,0.11055,-1.04159,,0.387583,9.42694,fluid
294,1.04395,4.80699,,1002.04,-2.6463,16072.1,,0.656545,-1.70899,,1.53113,9.59276,fluid
295,0.693195,3.39408,,1003.36,-4.63391,26608.1,,0.115876,-0.726316,,0.548082,8.44723,fluid
296,0.462113,4.19559,,1002.45,-3.12832,19373.2,,-0.0319957,-1.08253,,-0.292053,8.70808,fluid
297,1.75359,2.72033,,1004.43,-8.49939,35213.9,,0.346252,-0.501096,,1.63367,9.3853,fluid
298,0.330046,4.56609,,1002.21,-3.7276,17481.4,,0.118668,-1.0921,,0.301436,8.33878,fluid
299,0.993357,4.4194,,1002.36,-4.48725,18623.5,,0.303124,-1.27615,,0.549765,8.31179,fluid
300,1.39941,4.11642,,1002.81,-3.61475,22228,,0.492686,-1.29912,,1.19373,9.12074,fluid
301,1.00016,5.62382,,1001.32,0.640484,10395.9,,0.355761,-1.42733,,0.851275,7.25693,fluid
302,1.55825,4.65711,,1001.54,-3.90241,12161.1,,0.629538,-1.16023,,0.566281,8.54873,fluid
303,1.9684,4.55853,,1002.09,-3.83308,16485.5,,0.705374,-0.81313,,1.27822,8.30948,fluid
304,0.391143,0.595262,,1006.48,-8.7119,51861.5,,0.258088,-0.193928,,0.0823255,9.2914,fluid
305,0.272556,0.963815,,1006.08,-7.36739,48579.9,,-0.068642,-0.167861,,-0.246544,10.2925,fluid
306,0.621455,2.5581,,1004.39,-5.12442,34872.1,,0.203282,-0.902858,,0.839732,9.21982,fluid
307,0.88227,0.163768,,1006.9,-6.90793,55300.4,,0.207901,-0.063309,,0.662953,9.82447,fluid
308,0.699318,1.50736,,1005.53,-6.94661,44147.5,,0.429358,-0.544045,,0.444053,8.77083,fluid
309,0.622257,1.91145,,1004.94,-6.73942,39318.8,,0.221446,-0.766665,,0.175725,10.0282,fluid
310,0.829863,1.06974,,1005.98,-7.35014,47818.1,,0.0774409,-0.452932,,0.803373,10.1149,fluid
311,1.95297,4.02846,,1002.91,-5.4343,23042.6,,0.876356,-0.934264,,1.04721,9.29395,fluid
312,0.857007,3.80989,,1003.19,-4.79658,25303.1,,0.188907,-0.955922,,0.367123,9.22351,fluid
313,1.29599,3.60137,,1003.19,-3.98241,25284.6,,0.374405,-0.72971,,0.930452,8.54246,fluid
314,1.22391,2.62791,,1004.25,-6.62932,33805.2,,0.422169,-0.271493,,0.870071,8.5095,fluid
315,2.4079,4.37373,,1002.19,-5.55739,17332.5,,0.892314,-0.863358,,2.01783,9.02555,fluid
316,2.84938,4.52638,,1002.23,-5.37666,17613.8,,1.12267,-0.900197,,1.8578,9.52088,fluid
317,2.22053,3.28602,,1003.74,-7.39843,29644.3,,0.607407,-0.810038,,1.53838,9.17638,fluid
318,2.1941,5.10808,,1002.23,-2.41389,17618.1,,0.928756,-1.33904,,3.1775,8.80103,fluid
319,2.029,6.14684,,1000.46,-0.596816,3577.85,,1.41038,-2.23394,,2.8153,8.57651,fluid
320,0.92595,0.652417,,1006.45,-7.44221,51590.5,,0.513698,-0.325873,,1.16756,9.47918,fluid
321,2.89132,0.199469,,1006.68,-12.3673,53492.2,,0.942024,-0.100623,,1.63366,9.33635,fluid
322,4.50887,0.279242,,1006.25,-18.3211,49997.4,,1.21467,-0.108627,,1.89445,9.39141,fluid
323,1.05474,2.19573,,1004.45,-5.93862,35380.3,,0.406119,-0.455931,,0.954911,9.80379,fluid
324,1.2044,1.80115,,1005.22,-8.01637,41597,,0.27113,-0.495783,,1.16316,9.50035,fluid
325,1.37117,0.369912,,1006.69,-8.65062,53604.7,,0.337805,-0.147832,,0.0717138,9.99599,fluid
326,1.52603,3.14375,,1003.72,-5.63644,29542.4,,0.530376,-0.875239,,0.784177,9.45128,fluid
327,1.75877,2.30918,,1004.69,-6.68401,37363.3,,0.388834,-0.627547,,0.52169,9.12386,fluid
328,1.94348,0.524102,,1006.56,-11.3117,52540.7,,0.75932,-0.161534,,1.54429,10.5135,fluid
329,0.981414,2.99127,,1003.87,-5.82612,30729.3,,0.0589992,-0.88856,,0.264272,9.62809,fluid
330,2.7679,2.54316,,1004.57,-9.32709,36384.1,,0.654423,-0.356975,,1.95978,9.36396,fluid
331,2.30402,2.77272,,1004.36,-9.62034,34652,,0.581961,-0.607557,,0.978483,9.65033,fluid
332,3.37069,5.3771,,1000.8,-3.19619,6276.53,,1.81967,-1.43426,,2.79856,10.0731,fluid
333,3.77284,4.66384,,1001.7,-6.16279,13443.6,,1.62413,-1.04394,,2.99087,10.394,fluid
334,2.7071,5.07677,,1001.3,-3.89917,10249,,1.36473,-1.09146,,2.71864,9.11767,fluid
335,4.19896,5.31528,,1000.82,-2.0674,6466.37,,2.26447,-1.38366,,2.73282,10.8828,fluid
336,5.99708,0.4892,,1005.57,-22.0648,44454.7,,1.56129,0.111285,,1.94861,9.67796,fluid
337,6.74735,0.180474,,1005.82,-22.3597,46494.6,,1.45651,0.0148649,,1.64512,9.67639,fluid
338,5.61212,0.776876,,1005.67,-21.0758,45272.6,,1.33358,-0.239158,,2.02894,10.4027,fluid
339,3.49356,0.194202,,1006.55,-14.7736,52461,,1.33966,-0.00467532,,1.43263,9.3652,fluid
340,3.88122,1.90157,,1004.89,-14.5089,38969.4,,0.725757,-0.494334,,1.71265,10.2506,fluid
341,1.80917,0.113724,,1006.76,-10.5437,54143.5,,0.628705,0.0888042,,1.53118,9.69057,fluid
342,5.76427,1.25028,,1005.06,-20.4697,40292.4,,1.17922,-0.0424909,,2.25749,9.28414,fluid
343,1.33045,1.2328,,1005.61,-8.43499,44811.6,,0.306142,-0.301357,,0.61571,9.84513,fluid
344,4.2176,1.61676,,1005.24,-16.5078,41796.7,,1.04083,-0.169159,,2.19951,10.0733,fluid
345,1.60908,1.68382,,1005.55,-8.74304,44265.3,,0.3897,-0.607121,,1.38784,9.71645,fluid
346,2.40001,2.25162,,1004.65,-10.104,37037.8,,0.454739,-0.485263,,1.43364,9.44115,fluid
347,2.05559,1.91842,,1005.37,-9.23412,42860.3,,0.213149,-0.529937,,1.2106,10.0192,fluid
348,1.13275,6.32051,,1000.45,-0.733707,3575.53,,0.472165,-2.3193,,1.00309,8.07046,fluid
349,1.86577,5.91998,,1000.03,-3.02496,239.691,,1.33764,-2.04535,,2.05978,8.3582,fluid
350,0.753746,6.19607,,1000.43,-0.637429,3386.06,,0.560216,-2.18895,,-0.138121,8.41743,fluid
351,1.85781,5.25345,,1002.6,-1.03094,20583.7,,0.537889,-1.37523,,0.985421,8.47889,fluid
352,6.72942,0.850603,,1005.41,-23.6125,43182.5,,1.17661,0.140757,,2.78115,9.91701,fluid
353,6.44934,0.427677,,1005.79,-22.2956,46235.8,,1.50155,-0.0681639,,1.39176,9.78482,fluid
354,5.12866,1.06427,,1005.46,-18.6551,43580.3,,1.35026,-0.0746559,,1.7696,9.76455,fluid
355,7.20474,0.354378,,1005.58,-24.6209,44524.1,,1.46722,0.34889,,1.05922,10.6984,fluid
356,4.44311,1.08691,,1005.56,-17.7264,44373.1,,1.06684,-0.186157,,2.22116,9.45359,fluid
357,5.76901,0.134424,,1005.97,-21.5089,47713.3,,1.52336,-0.019694,,1.94788,9.93298,fluid
358,7.82831,0.82478,,1005.46,-25.0487,43584.5,,1.04149,0.404709,,2.05591,10.2897,fluid
359,2.46125,0.297681,,1006.65,-10.9115,53248,,0.904795,-0.0984138,,0.598796,9.22549,fluid
360,1.52644,0.887517,,1005.99,-8.41583,47877.5,,0.582704,-0.438931,,0.677119,9.31396,fluid
361,3.10167,1.74123,,1005.47,-14.1273,43602.7,,0.55878,-0.395152,,1.95711,9.63424,fluid
362,1.98188,1.14333,,1005.96,-10.2313,47650.1,,0.638536,-0.413827,,0.70203,9.5833,fluid
363,3.9306,0.720361,,1006.1,-16.0183,48724.6,,1.13479,-0.0979547,,1.9413,9.74237,fluid
364,5.96809,4.53988,,1000.77,-6.9595,6084.71,,2.41471,-0.355703,,3.44785,9.94438,fluid
365,0.958037,6.29232,,1000.45,-0.557779,3550.99,,0.383297,-2.32365,,0.273099,8.28448,fluid
366,5.16136,4.7997,,1001.01,-4.67477,7975.23,,2.38817,-0.791298,,2.24281,10.7782,fluid
367,14.316,3.40414,,1000.69,0.0293827,5460.06,,1.19734,0.593548,,0.0478442,11.3399,fluid
368,9.39196,2.69207,,1002.37,-12.4937,18699.8,,1.71233,0.142721,,1.92393,10.9553,fluid
369,11.3794,2.21934,,1002.58,-9.57298,20413.1,,1.45634,0.253468,,1.13427,10.7729,fluid
370,4.72914,1.47711,,1005.07,-17.7518,40385.3,,1.06163,-0.107033,,1.97965,10.1769,fluid
371,6.62232,1.39714,,1005.03,-22.3218,40110.5,,1.16309,0.189435,,1.81415,9.81554,fluid
372,10.1104,2.35639,,1002.55,-12.5581,20191.2,,1.42432,0.383983,,2.06624,11.1038,fluid
373,10.7924,2.49531,,1001.97,-8.78938,15562.1,,1.60444,-0.00745798,,0.861005,10.6283,fluid
374,8.96094,2.28977,,1002.91,-15.936,23077.1,,1.58092,0.319486,,2.39144,10.5319,fluid
375,5.89298,4.07887,,1002.22,-7.10196,17563.4,,1.92001,-0.618495,,2.78679,10.6914,fluid
376,5.10771,0.16097,,1006.31,-19.8752,50506.6,,1.29336,-0.00606253,,1.41127,9.97085,fluid
377,2.71928,3.19049,,1003.85,-9.33787,30537.8,,0.571054,-0.424036,,1.47501,10.0485,fluid
378,6.7685,3.74898,,1001.79,-9.25993,14129.6,,1.48941,-0.151557,,2.59134,10.6541,fluid
379,3.43226,0.588677,,1006.22,-16.1318,49747.6,,1.0505,-0.073708,,1.48039,10.7746,fluid
380,2.9098,3.90488,,1002.66,-5.88018,21025.8,,0.822711,-0.714066,,1.66042,9.13609,fluid
381,2.95761,5.59586,,1000.81,-0.506102,6359.63,,1.7896,-1.61769,,2.26986,9.96628,fluid
382,4.42516,5.13366,,1000.91,-2.58711,7136.34,,2.28233,-1.21099,,2.79374,10.9071,fluid
383,8.659,4.07602,,1000.81,-4.60162,6404.19,,2.63393,0.146447,,2.60045,11.7946,fluid
384,14.4847,2.39077,,1001.86,-0.744633,14689.6,,0.973932,0.305076,,-0.0384031,10.9592,fluid
385,9.14546,1.7645,,1003.21,-16.1331,25438.9,,1.0909,0.245917,,2.01128,10.4554,fluid
386,8.46506,0.306303,,1005.59,-23.5476,44585.6,,0.845292,-0.18146,,1.68788,9.9225,fluid
387,14.7475,1.81112,,1002.72,1.4624,21509.2,,0.60418,0.115408,,0.21447,10.0511,fluid
388,8.15359,1.25605,,1004.45,-21.7087,35362.3,,0.82668,0.343332,,2.23669,10.3182,fluid
389,13.691,1.93661,,1002.6,-3.19438,20532.6,,0.768879,0.188501,,0.699272,10.3794,fluid
390,11.8175,2.13535,,1002.53,-9.05398,20010.1,,1.23048,0.351718,,1.23431,11.183,fluid
391,7.6918,3.04718,,1002.45,-14.4882,19399.6,,1.40585,0.474801,,2.58176,10.6167,fluid
392,9.68133,2.46856,,1002.52,-13.4611,19921.4,,1.61921,0.437158,,1.94295,10.8242,fluid
393,10.3125,2.02647,,1002.91,-13.1345,23051,,1.0697,0.199657,,1.55575,10.5767,fluid
394,5.07902,4.00358,,1002.25,-8.10554,17802,,1.84453,-0.34449,,3.04908,10.8131,fluid
395,2.23104,1.4636,,1005.82,-11.2764,46497.6,,0.521637,-0.323724,,2.16168,9.43834,fluid
396,2.82991,1.16198,,1005.84,-12.6085,46678.1,,0.630888,-0.197904,,0.852224,9.86709,fluid
397,8.23845,3.69624,,1001.18,-5.50317,9325.21,,2.21039,0.00627756,,3.22689,11.247,fluid
398,3.74997,5.47305,,1000.69,-2.19489,5418.43,,2.08146,-1.55261,,3.22073,10.052,fluid
399,1.43149,6.39666,,1000.43,-0.963546,3373.62,,0.807872,-2.38572,,2.0951,7.59795,fluid
400,8.67271,1.91027,,1003.17,-17.5048,25119.3,,1.14368,0.385961,,2.0195,10.3189,fluid
401,12.638,-203.794,,971.109,0,-208004,,0.0507704,-62.8058,,0,0,fluid
402,5.53947,2.47887,,1004.03,-15.842,31989.2,,0.701402,-0.233872,,3.03167,9.94277,fluid
403,11.0444,1.81113,,1002.83,-11.2725,22416.3,,0.981351,0.305836,,1.59044,10.4514,fluid
404,6.15484,2.15531,,1004.14,-18.3589,32915.1,,0.740223,0.0979226,,2.18682,10.0654,fluid
405,3.62659,2.93913,,1003.81,-12.1157,30280.8,,0.52406,-0.537592,,1.63864,9.56406,fluid
406,8.51673,0.821327,,1004.57,-22.0329,36339.3,,0.624303,0.251857,,1.9255,10.2877,fluid
407,9.09774,3.59872,,1000.86,-6.06348,6734.27,,2.33731,0.325333,,2.56203,11.17,fluid
408,8.99574,0.192987,,1005.3,-22.1612,42265.3,,0.780398,0.142963,,2.24962,10.512,fluid
409,12.6487,1.45841,,1003.14,-7.67734,24865.7,,0.696295,0.127003,,0.920463,10.8061,fluid
410,10.4052,3.53361,,1000.66,-3.62222,5202.71,,2.22303,0.342892,,1.8701,11.5511,fluid
411,3.17527,3.44381,,1003.17,-9.71365,25079.8,,0.806355,-0.545856,,1.68879,9.91351,fluid
412,6.70493,4.37657,,1000.96,-5.52887,7519.67,,2.43745,-0.0412332,,3.67163,11.2919,fluid
413,12.4696,3.2889,,1000.8,-2.96373,6271.24,,1.61466,0.771633,,0.592626,11.157,fluid
414,9.00305,3.8435,,1000.68,-3.90048,5348.65,,2.41116,0.306157,,2.54146,11.3072,fluid
415,2.42091,3.80385,,1003.14,-5.96147,24894.8,,0.608359,-0.57806,,2.35147,9.06526,fluid
416,8.55572,1.38614,,1003.92,-19.6051,31097.4,,0.953955,0.49019,,2.3517,10.5305,fluid
417,7.15972,3.62484,,1001.45,-8.53231,11451.6,,1.76467,0.129113,,3.57414,11.1933,fluid
418,9.62634,1.99757,,1002.93,-15.0225,23169.3,,1.20376,0.0555012,,1.53126,10.4377,fluid
419,12.0997,1.09606,,1003.55,-9.48237,28153.7,,0.371588,0.060954,,0.867681,10.2773,fluid
420,12.1335,1.61964,,1002.95,-9.12963,23353.3,,0.682785,0.231431,,0.974575,9.97058,fluid
421,11.5652,1.63826,,1003.13,-10.8782,24797.4,,0.781733,0.174269,,1.0881,10.2031,fluid
422,13.2746,1.5838,,1002.9,-4.48287,22964.2,,0.536973,0.0803907,,0.414611,9.88465,fluid
423,15.2104,2.59416,,1001.38,2.23035,10859.6,,0.959859,0.126959,,-0.198081,9.94801,fluid
424,5.54971,1.91592,,1004.83,-19.7541,38425.7,,0.95562,-0.19865,,1.92499,10.8235,fluid
425,6.07764,3.71119,,1002.16,-8.50808,17061.6,,1.62328,-0.363092,,3.16122,10.2716,fluid
426,15.2565,1.98884,,1002.38,2.75096,18813.3,,0.522609,0.224593,,-0.0636051,10.3225,fluid
427,6.91854,4.11073,,1001.07,-5.72233,8432.53,,2.16584,0.0152513,,3.8713,11.3055,fluid
428,2.42084,5.71636,,1000.16,-1.27988,1239.84,,1.45768,-1.67205,,2.29362,8.65567,fluid
429,6.10979,2.62055,,1003.49,-16.1329,27697.8,,0.82344,-0.148665,,1.95478,9.96552,fluid
430,15.2363,3.50227,,1000.62,0.41926,4848.42,,0.716608,0.572257,,-0.786218,10.6526,fluid
431,5.5078,5.15599,,1000.65,-2.86847,5117.72,,2.49481,-0.726379,,2.31069,10.2122,fluid
432,12.2909,2.00868,,1002.51,-7.16153,19871.2,,1.12772,0.259862,,0.958144,10.7207,fluid
433,9.68185,0.180763,,1005.1,-20.0081,40664.4,,0.795247,0.10161,,1.2822,9.82195,fluid
434,9.60788,1.51811,,1003.49,-16.2211,27686.4,,0.794317,0.0657732,,1.38782,10.4266,fluid
435,18.359,2.63792,,1001.67,10.8483,13158.8,,0.364276,0.0768437,,-0.462302,10.5944,fluid
436,15.4072,1.55522,,1002.82,3.8209,22289.8,,0.32813,0.0852709,,-0.145695,10.0162,fluid
437,16.0384,1.83452,,1002.6,6.35299,20572.9,,0.351832,-0.121146,,-0.259608,9.88289,fluid
438,3.99443,2.42268,,1004.32,-14.0858,34338.4,,0.491185,-0.409175,,2.5234,9.4295,fluid
439,14.9986,3.06783,,1001.39,2.39802,10956.3,,1.17537,0.450012,,-0.261245,10.2037,fluid
440,14.0361,1.35409,,1003.02,-1.87421,23878.9,,0.216895,-0.0018347,,0.428197,10.1869,fluid
441,6.59919,2.57727,,1003.44,-18.201,27238.5,,1.3453,0.00704857,,2.73671,10.2819,fluid
442,3.55561,2.36015,,1004.48,-11.6747,35670.2,,0.675853,-0.329508,,1.22343,9.61091,fluid
443,5.00628,3.61449,,1002.56,-12.0018,20255.5,,1.46807,-0.363666,,2.37487,9.97282,fluid
444,5.51206,3.6013,,1002.47,-9.93857,19562.6,,1.44938,-0.313594,,2.83747,10.5693,fluid
445,0.373439,5.29511,,1002.51,-3.95695,19869.5,,-0.0237853,-1.43526,,1.58328,8.44692,fluid
446,0.758036,4.9693,,1002.06,0.84494,16240.4,,0.198675,-1.68605,,0.687333,9.05969,fluid
447,0.500629,5.7112,,1001.4,-1.67959,11043.2,,-0.0982661,-2.10031,,0.97887,10.401,fluid
448,10.6572,1.8411,,1003.06,-12.3867,24218.8,,1.05429,0.133346,,1.36533,10.5227,fluid
449,9.28713,0.931947,,1004.24,-18.685,33672.4,,0.556986,0.0857999,,1.72057,10.3592,fluid
450,11.0035,1.31813,,1003.35,-13.2083,26567.9,,0.595763,0.0021201,,1.35209,10.6276,fluid
451,13.2111,1.07324,,1003.46,-5.15154,27441.6,,0.225597,0.0723136,,0.503106,10.588,fluid
452,10.0703,1.48412,,1003.41,-15.9422,27014.5,,0.72373,0.106967,,1.72314,10.5082,fluid
453,16.7515,2.8863,,1001.63,5.38939,12847,,0.755267,-0.200642,,-0.422624,9.34799,fluid
454,16.5759,2.36283,,1001.7,6.26969,13430.1,,0.445375,0.15512,,-0.526426,10.1942,fluid
455,3.31806,1.09586,,1005.91,-13.6178,47206.2,,0.853584,-0.0647243,,1.92883,9.31511,fluid
456,4.99435,3.09717,,1003.06,-13.4731,24237.5,,0.905491,-0.303911,,2.58739,9.96466,fluid
457,4.20422,3.8523,,1002.39,-7.94995,18880.3,,1.18468,-0.690792,,1.87915,9.84276,fluid
458,17.4568,2.54756,,1001.32,8.74602,10386,,0.606413,0.216142,,-0.183432,9.68193,fluid
459,15.5069,2.41753,,1001.67,2.86391,13135.6,,0.788281,0.210239,,0.0367241,10.7493,fluid
460,13.7439,3.23421,,1001,-0.268635,7887.46,,1.48458,0.51659,,-0.335078,11.2183,fluid
461,5.4596,4.54223,,1001.4,-5.5968,11020.2,,2.23089,-0.600753,,2.57336,10.1769,fluid
462,3.32442,4.99645,,1001.49,-3.49537,11759.7,,1.59,-1.02944,,2.68593,9.49278,fluid
463,5.99043,4.95228,,1000.64,-2.58337,5003.79,,2.66339,-0.528998,,3.39503,9.98996,fluid
464,11.6128,1.19301,,1003.4,-11.4883,26966.7,,0.717165,0.272817,,0.906575,10.2175,fluid
465,8.97766,0.617685,,1004.67,-21.1511,37170,,0.559493,0.112892,,1.78201,9.92684,fluid
466,11.8071,0.667772,,1004.07,-11.7324,32361.9,,0.374889,0.0316838,,1.41014,10.2618,fluid
467,15.9381,1.36494,,1003.05,6.92668,24166.1,,0.211122,-0.0351688,,-0.0909509,10.0629,fluid
468,12.6429,1.04858,,1003.61,-8.25772,28633.8,,0.274877,0.120789,,0.938118,10.3108,fluid
469,14.0722,1.78546,,1002.64,-1.38969,20902.5,,0.754185,0.295112,,0.515617,10.2559,fluid
470,16.4889,3.14922,,1001.18,5.1641,9265.26,,0.503841,0.171706,,-0.466926,10.0468,fluid
471,16.0765,2.51336,,1001.56,5.77296,12277.5,,0.851672,0.0207953,,-0.726656,10.5658,fluid
472,16.1101,3.43378,,1000.69,2.36608,5404.33,,0.824015,0.421095,,-0.195673,10.429,fluid
473,13.9263,3.38548,,1000.73,-0.47886,5727.57,,1.21828,0.584678,,0.11798,11.3151,fluid
474,7.72572,1.38231,,1004.58,-23.5649,36437.7,,1.02154,0.641146,,2.1178,10.7035,fluid
475,4.0979,2.95467,,1003.7,-11.8163,29352.4,,0.846533,-0.366539,,2.29265,9.95829,fluid
476,12.595,2.41956,,1001.83,-4.66747,14474.4,,1.45888,0.303383,,0.399727,11.1725,fluid
477,13.502,2.5212,,1001.58,-2.54266,12483.5,,1.18147,0.207832,,0.411564,10.6664,fluid
478,12.0427,3.08697,,1001.37,-3.05906,10793,,1.78705,0.557898,,0.824925,11.2567,fluid
479,7.4653,4.42452,,1000.99,-4.84687,7759.21,,2.62244,-0.104157,,2.89165,11.9976,fluid
480,8.99421,1.2795,,1003.82,-17.9492,30350.6,,0.640583,0.199141,,2.09268,10.5339,fluid
481,9.74408,1.02734,,1004.03,-17.5922,32046.6,,0.657968,0.0947006,,2.06484,10.6238,fluid
482,10.406,1.26831,,1003.52,-15.7667,27931,,0.709039,0.290607,,1.79153,10.2335,fluid
483,13.6138,1.13475,,1003.29,-3.5196,26104.9,,0.35666,0.229646,,0.879969,10.4382,fluid
484,12.3919,0.65406,,1004.13,-9.31178,32849.3,,0.400749,0.0928794,,0.655308,10.0016,fluid
485,14.9865,1.12934,,1003.21,2.43243,25459.7,,0.186787,0.0807164,,0.412055,10.0636,fluid
486,16.4483,1.93111,,1002.48,7.46578,19624.9,,0.368908,-0.110626,,-0.483102,9.87557,fluid
487,17.2851,1.16565,,1003.27,13.8373,25907.7,,0.163988,-0.0498795,,-0.31792,9.65445,fluid
488,14.6699,1.39118,,1002.89,0.82158,22885.2,,0.126505,0.0584414,,-0.173019,10.1782,fluid
489,7.3185,0.89237,,1005.23,-24.4719,41722.7,,1.22421,0.586808,,1.58733,9.5838,fluid
490,4.07249,0.221225,,1006.42,-16.6508,51344,,1.15871,0.138212,,1.38148,9.6724,fluid
491,8.88685,2.82288,,1002.46,-13.3247,19472.5,,1.76645,0.369649,,1.95628,10.5057,fluid
492,12.8485,2.06139,,1002.87,-5.33903,22701.5,,1.03997,0.318124,,0.281453,10.4607,fluid
493,8.45496,2.43835,,1003.02,-16.1154,23909.3,,1.62084,0.510224,,2.26532,10.4102,fluid
494,3.23169,4.34397,,1002.49,-5.21337,19682.6,,1.19177,-0.814853,,2.305,9.54316,fluid
495,8.86259,3.30885,,1001.45,-8.9861,11459.4,,1.89363,0.223971,,1.84269,11.018,fluid
496,10.3191,0.198431,,1004.95,-17.7631,39417.8,,0.581373,-0.172222,,1.34267,10.2541,fluid
497,10.8364,0.223956,,1004.73,-16.1405,37626.3,,0.659722,0.111051,,1.29325,9.94043,fluid
498,9.67259,0.538154,,1004.66,-19.367,37119.5,,0.505841,0.104274,,1.47737,9.92961,fluid
499,16.7263,0.86947,,1003.62,11.9152,28700.5,,0.0638255,-0.188554,,-0.319563,9.82051,fluid
500,11.3437,0.68828,,1004.13,-13.661,32839.1,,0.28817,0.25486,,1.33161,9.90447,fluid
501,18.5871,1.38207,,1003.08,18.7145,24384.4,,0.122703,0.104337,,-0.417734,9.98131,fluid
502,16.4141,1.14945,,1003.27,9.62403,25932.3,,0.229275,0.151532,,-0.0424755,10.3822,fluid
503,17.7404,1.2488,,1003.22,15.4368,25497.3,,0.0827122,0.0737353,,-0.280017,9.48227,fluid
504,16.8406,1.81685,,1002.58,8.71797,20416.9,,0.448796,0.122846,,-0.20587,9.8621,fluid
505,2.67474,1.70262,,1005.52,-12.4539,44043,,0.457557,-0.3156,,0.921854,9.71845,fluid
506,14.783,3.19979,,1000.96,0.898831,7517.42,,1.24004,0.583543,,-0.910322,10.9642,fluid
507,4.55875,2.05766,,1004.53,-14.9822,36071.3,,0.494625,-0.154586,,2.10372,9.08392,fluid
508,3.78217,3.40895,,1003.11,-9.23355,24645.4,,0.775555,-0.542946,,2.43451,10.0575,fluid
509,14.6008,2.1629,,1002.34,0.768964,18461.1,,0.718116,0.214474,,0.33003,10.406,fluid
510,3.1186,2.17977,,1004.9,-10.6099,38997.7,,0.591059,-0.604478,,1.9012,10.7165,fluid
511,6.4425,1.73067,,1004.59,-21.0202,36505.1,,1.13248,0.0620943,,2.10867,10.5138,fluid
512,10.9697,0.896981,,1004.09,-14.3115,32467.2,,0.461853,0.0633417,,1.45527,10.3008,fluid
513,10.5922,0.736113,,1004.18,-16.1525,33228.8,,0.38922,0.167454,,1.33667,9.75201,fluid
514,10.1749,0.713007,,1004.29,-17.0242,34119.5,,0.517942,0.0435892,,1.44059,10.037,fluid
515,15.5277,0.60266,,1003.97,5.34035,31526.8,,0.0600599,0.153562,,0.130777,9.8148,fluid
516,13.028,0.250831,,1004.48,-6.94506,35606.5,,0.301838,-0.0900763,,0.410549,9.87695,fluid
517,15.4825,1.06178,,1003.34,5.01706,26456,,0.0859138,0.181144,,0.141631,10.1029,fluid
518,18.1512,1.08088,,1003.39,18.1079,26862.3,,0.107078,0.0654408,,-0.243232,9.94472,fluid
519,17.1834,0.709129,,1003.86,14.4362,30680,,0.128439,-0.0382235,,-0.216903,10.2145,fluid
520,17.6156,1.65336,,1002.76,13.1318,21832.5,,0.129744,0.0534445,,-0.0490843,10.1704,fluid
521,17.3444,1.9776,,1002.47,11.0402,19548.1,,0.209992,0.0413928,,-0.146993,10.1426,fluid
522,15.7797,2.15689,,1002,4.1481,15760,,0.446108,0.235601,,0.00703098,10.5035,fluid
523,17.0694,3.29163,,1000.93,5.42406,7282.47,,0.582341,0.242043,,-0.900653,10.5569,fluid
524,4.62767,0.669727,,1005.8,-19.0435,46322.1,,1.54197,-0.0348177,,1.8107,10.3991,fluid
525,7.39538,1.68051,,1004.16,-22.5876,33050.9,,1.11672,0.842664,,2.32501,10.2186,fluid
526,10.6575,3.27123,,1001.02,-4.90819,8014.8,,2.15091,0.301257,,1.32429,11.5346,fluid
527,10.0689,3.302,,1001.42,-4.92873,11203,,2.12193,0.182511,,1.62683,11.29,fluid
528,11.3687,0.217317,,1004.68,-14.1368,37216.2,,0.456326,0.0889968,,0.76594,9.56135,fluid
529,11.9406,0.20437,,1004.74,-12.1873,37741.9,,0.374804,-0.000161951,,0.830019,10.0203,fluid
530,12.4984,0.207269,,1004.61,-9.66576,36700.7,,0.210944,0.0763041,,0.954596,9.93933,fluid
531,17.4307,0.319744,,1004.39,15.9529,34892.4,,0.0947204,-0.100994,,-0.387448,9.69159,fluid
532,15.0157,0.638764,,1003.93,2.80575,31177.9,,0.117624,-0.0261744,,-0.173181,10.0921,fluid
533,16.1502,0.435854,,1004.23,8.57831,33650.9,,-0.0728707,0.0391701,,-0.187893,9.83121,fluid
534,17.8503,0.681551,,1003.96,17.8011,31436.4,,0.0640532,0.00868311,,-0.479727,10.2801,fluid
535,16.0375,0.907522,,1003.55,8.18815,28127,,0.188049,-0.0864743,,-0.257167,9.97714,fluid
536,18.2018,1.67296,,1002.67,15.4781,21131.9,,0.080461,0.0135649,,-0.324072,10.0742,fluid
537,17.9246,2.1772,,1002.15,11.9008,16971,,0.251501,0.0450889,,-0.350462,9.56175,fluid
538,16.9044,1.41206,,1002.95,11.1827,23386.1,,0.101138,-0.217139,,-0.51469,9.64314,fluid
539,19.0581,2.4657,,1001.45,12.527,11400.9,,0.141169,0.345361,,-0.455214,9.62367,fluid
540,15.7521,3.27055,,1001.3,2.79981,10228.7,,0.92822,0.396357,,-0.297565,10.1808,fluid
541,6.81368,2.09716,,1004.06,-20.3437,32236.7,,1.07454,0.223998,,2.33342,10.0086,fluid
542,10.2758,2.7926,,1001.61,-9.18938,12722.5,,1.79601,0.00977697,,1.62864,10.8062,fluid
543,11.6677,3.09544,,1001.5,-3.15314,11854.8,,2.02377,0.362175,,0.509291,11.7481,fluid
544,13.7089,0.644799,,1003.9,-3.85947,30966.6,,0.105507,0.270661,,0.189499,9.86599,fluid
545,13.0328,0.683178,,1003.91,-6.59598,31079.4,,0.315279,0.0284649,,0.571671,9.85633,fluid
546,15.748,0.174527,,1004.53,7.03843,36054.9,,0.0184459,0.0237298,,-0.180696,9.89908,fluid
547,20.4195,0.57538,,1004.13,31.9529,32837.1,,-0.03748,-0.0621008,,-0.310346,9.95927,fluid
548,14.4635,0.952349,,1003.54,0.382023,28105,,0.295684,-0.0304504,,0.321999,10.0148,fluid
549,20.0893,1.23931,,1003.36,27.3479,26613.9,,0.0378251,0.147035,,-0.337372,9.85884,fluid
550,19.469,0.944173,,1003.69,25.6405,29314.9,,0.0537729,0.0394225,,-0.279726,9.87571,fluid
551,20.113,1.83899,,1002.57,19.1533,20295,,0.0167146,-0.0616504,,-0.11478,9.55735,fluid
552,18.4153,2.28131,,1001.91,12.0355,15103.2,,0.238551,0.120689,,-0.329878,9.51076,fluid
553,19.1894,1.61575,,1002.82,20.2017,22325.9,,-0.0334645,0.00376139,,0.141483,10.2786,fluid
554,17.093,2.42783,,1001.79,8.01789,14134.4,,0.462202,0.0203561,,-0.305615,9.76331,fluid
555,19.8534,3.43601,,1001.43,11.5385,11253.6,,-0.00354175,0.319303,,-0.0214021,8.4111,fluid
556,3.12933,2.92923,,1004.13,-9.76418,32827.1,,0.451504,-0.706028,,2.0771,9.11059,fluid
557,8.05624,0.378641,,1005.8,-24.5908,46305.3,,0.90632,0.197064,,2.07061,9.64385,fluid
558,4.56651,2.44953,,1004.1,-14.6725,32596.1,,0.80412,-0.175802,,2.20672,10.0757,fluid
559,5.87254,1.64198,,1004.8,-21.3606,38211.2,,1.13891,0.127088,,3.0391,9.72753,fluid
560,14.1199,0.195449,,1004.54,-1.86424,36116.8,,-0.032017,0.0614857,,0.527663,9.97283,fluid
561,14.5868,0.337048,,1004.32,0.800397,34354.4,,0.0993858,-0.103659,,-0.105116,9.89761,fluid
562,17.8896,0.220291,,1004.52,18.4217,35962.6,,0.0730353,0.0331775,,-0.0384218,9.62543,fluid
563,21.6835,0.953105,,1003.68,35.7541,29210.2,,0.00266381,-0.0697251,,-0.0786724,9.72035,fluid
564,14.1414,0.752785,,1003.76,-1.22979,29866.9,,0.327623,0.0361036,,0.0671335,9.88745,fluid
565,21.615,2.50822,,1001.79,19.3353,14137.4,,-0.196787,0.017345,,0.329765,9.8204,fluid
566,21.2437,1.06832,,1003.46,33.584,27471.8,,-0.121313,-0.131866,,-0.00965292,9.96922,fluid
567,16.5048,0.300567,,1004.38,10.8175,34852.3,,0.0153026,-0.131371,,-0.163701,9.77372,fluid
568,18.7206,1.91208,,1002.47,15.207,19545.3,,0.221333,-0.203145,,-0.209725,9.77795,fluid
569,18.5143,0.840215,,1003.7,21.0768,29367.9,,0.00876468,-0.101402,,-0.0948046,9.71176,fluid
570,17.8641,2.56944,,1001.64,9.49709,12967.4,,0.544581,0.162915,,-0.414042,10.3186,fluid
571,19.835,2.55572,,1001.49,16.6648,11707.2,,0.12399,0.0960557,,-0.0451904,10.5234,fluid
572,16.3628,3.38712,,1000.68,3.02921,5322.45,,0.728536,0.354494,,-0.0608045,10.5338,fluid
573,4.43963,3.56088,,1002.87,-8.41936,22728.3,,1.12955,-0.594098,,2.32435,9.53184,fluid
574,13.2307,2.88663,,1001.33,-2.65613,10465.7,,1.39706,0.31367,,0.711834,10.395,fluid
575,3.82063,4.24448,,1002.3,-5.87459,18207.5,,1.40741,-0.945981,,2.58423,9.76974,fluid
576,13.5354,0.207876,,1004.58,-4.95602,36424.7,,0.266744,0.0107815,,0.435405,10.1475,fluid
577,15.0696,0.177332,,1004.6,2.82359,36624.5,,0.116742,-0.01761,,0.214024,10.0122,fluid
578,22.3423,2.25488,,1001.79,23.2171,14145.2,,-0.251888,-0.128756,,0.490446,9.88215,fluid
579,19.2586,0.249313,,1004.57,25.8966,36392.2,,0.0417251,-0.0214809,,-0.0218833,10.2115,fluid
580,23.2836,1.37298,,1003.05,37.4194,24194.7,,-0.0567589,-0.165748,,0.577451,9.67599,fluid
581,23.4784,1.77343,,1002.71,32.6032,21476.5,,-0.0181259,-0.187811,,0.0576285,10.702,fluid
582,21.951,1.32281,,1003.3,32.4097,26123.9,,-0.0776634,-0.010233,,0.145321,9.98041,fluid
583,21.178,2.10819,,1002.23,20.5405,17580.1,,-0.093808,-0.169385,,0.0797233,9.4462,fluid
584,19.671,1.44749,,1002.98,23.9432,23636.2,,-0.0239946,0.0337579,,-0.325237,10.0501,fluid
585,20.9131,0.80043,,1003.83,33.7781,30387.2,,-0.0955927,-0.191799,,0.141353,9.83786,fluid
586,19.4021,2.6921,,1001.7,15.1274,13396.1,,0.0836413,-0.0186407,,0.110414,10.7985,fluid
587,20.5276,2.69697,,1001.84,17.6203,14493.2,,-0.0987634,-0.0999156,,-0.140543,11.2117,fluid
588,17.8493,3.36152,,1001.34,7.64877,10553.1,,0.429641,0.347654,,-1.43537,9.94868,fluid
589,4.56942,2.97281,,1003.66,-11.2967,29006.1,,0.689616,-0.292128,,2.28439,9.82484,fluid
590,5.05619,2.13342,,1004.31,-16.0856,34266.7,,0.780441,-0.278345,,2.06654,9.74104,fluid
591,4.45188,4.52537,,1001.46,-5.58518,11473.2,,1.75935,-0.880704,,2.33034,10.3368,fluid
592,19.903,0.799291,,1003.83,28.7878,30396.1,,0.0410014,0.0425249,,0.115746,9.8938,fluid
593,18.3661,0.324929,,1004.47,21.1431,35529.9,,0.056636,0.13538,,-0.478356,9.9284,fluid
594,21.3688,1.50385,,1002.98,29.3113,23621,,-0.151878,-0.105326,,0.0822181,10.0406,fluid
595,16.9348,0.217504,,1004.52,13.3424,35962.5,,0.0187149,0.0389494,,-0.112096,9.80287,fluid
596,24.4851,1.66495,,1002.73,38.2581,21623.9,,0.195165,-0.30997,,0.0119308,10.7673,fluid
597,23.9051,1.50932,,1002.87,37.053,22726,,0.182174,-0.022922,,0.0814791,9.93187,fluid
598,24.0905,1.95502,,1002.35,31.2003,18571.9,,-0.0507081,-0.129799,,0.337745,10.5109,fluid
599,22.8947,1.6754,,1002.76,31.5123,21839.2,,0.130169,0.0518304,,0.452261,10.4695,fluid
600,21.636,1.86294,,1002.45,25.4024,19352.9,,-0.151809,-0.140636,,0.325984,10.1612,fluid
601,19.3459,2.20547,,1002.16,13.9483,17064,,0.136011,0.104929,,-0.601431,9.19832,fluid
602,20.5013,1.58288,,1002.88,24.5991,22820.8,,-0.0195139,-0.0352305,,0.11847,9.89396,fluid
603,18.8079,2.62666,,1001.56,12.1914,12268.9,,0.278631,0.135049,,-0.521971,10.4689,fluid
604,5.21396,2.67485,,1003.71,-15.1337,29422,,0.734879,-0.227934,,1.97426,10.0935,fluid
605,11.4056,3.37474,,1000.76,-3.38071,5952.27,,1.99467,0.448292,,1.0877,12.0859,fluid
606,6.44162,3.32853,,1002.23,-11.9318,17641.4,,1.66066,-0.160632,,3.0242,10.6205,fluid
607,14.2803,2.90335,,1001.5,-0.170499,11804.9,,1.02484,0.255224,,-0.0468737,10.6043,fluid
608,22.7651,2.0831,,1002.21,26.8261,17453.3,,-0.120853,-0.435483,,0.763532,10.629,fluid
609,22.4429,1.46937,,1003,32.1881,23762.9,,-0.0591658,-0.0624979,,0.209866,9.85234,fluid
610,22.1125,1.83701,,1002.4,26.7218,19000,,-0.153539,-0.140732,,0.119334,10.2312,fluid
611,18.7911,0.231707,,1004.56,23.207,36310.9,,0.01154,-0.0513214,,-0.413264,10.3066,fluid
612,24.1625,1.14088,,1003.3,41.3985,26160.5,,-0.0514414,0.0139726,,0.099966,10.1496,fluid
613,24.7269,0.17138,,1004.5,51.0921,35761.2,,-0.213042,-0.107137,,0.342886,10.2646,fluid
614,22.8751,0.196252,,1004.73,44.2603,37630.2,,-0.144726,-0.145183,,0.668945,10.3099,fluid
615,24.8,0.65942,,1003.92,47.5083,31132.6,,0.0753392,-0.197069,,-0.0145919,10.1704,fluid
616,20.894,2.5081,,1001.67,17.5083,13165.5,,-0.0337818,0.0833551,,0.0172698,10.0865,fluid
617,19.0532,1.2552,,1003.25,21.8394,25728.5,,0.0265075,-0.0112078,,-0.293152,9.91299,fluid
618,21.925,2.47433,,1001.72,20.5863,13605.8,,-0.346284,-0.0229842,,0.724588,9.85905,fluid
619,19.0081,0.765179,,1003.8,24.0604,30170.4,,0.13712,-0.129142,,-0.352322,9.65789,fluid
620,5.63319,3.17143,,1003.07,-12.1501,24307.5,,1.23686,-0.417609,,2.28941,10.114,fluid
621,7.97391,3.92673,,1000.99,-4.83207,7832.06,,2.24853,0.021953,,2.67296,11.3311,fluid
622,12.8613,3.46225,,1000.62,-1.40021,4907.32,,1.45455,0.718811,,0.541728,11.1354,fluid
623,6.89426,2.93349,,1003.05,-13.3568,24194,,0.97332,0.0145558,,2.69805,10.8439,fluid
624,22.3609,0.943176,,1003.79,39.2257,30056.4,,-0.0397127,-0.0367513,,0.279504,10.0459,fluid
625,22.8623,1.11571,,1003.42,39.5652,27132.2,,-0.080018,-0.0824749,,0.172763,9.69908,fluid
626,21.9366,0.596063,,1004.15,39.3439,33005.2,,-0.0224359,0.00279181,,0.174014,10.0342,fluid
627,21.2028,0.378257,,1004.44,35.9367,35282.6,,0.117173,-0.119126,,0.0189515,10.2525,fluid
628,23.144,0.723656,,1003.92,43.1958,31098.8,,0.0623102,-0.0927127,,0.0610375,10.6331,fluid
629,24.6233,1.01577,,1003.37,44.7269,26744.6,,0.094704,-0.279731,,0.0312241,10.4637,fluid
630,24.2302,0.295625,,1004.53,47.0634,36012.2,,-0.0158402,0.04558,,0.262021,9.8876,fluid
631,23.5869,2.15209,,1002.1,27.2402,16551.6,,-0.168525,-0.378501,,0.106596,10.8654,fluid
632,20.9062,1.60816,,1002.85,26.2679,22560.2,,-0.00696457,-0.0641858,,0.0665272,9.93046,fluid
633,20.5599,1.08142,,1003.51,30.5834,27810.2,,-0.0220101,-0.0236963,,-0.102999,10.0893,fluid
634,22.3854,2.66969,,1001.79,18.4131,14087.7,,-0.192236,-0.346087,,0.66397,10.4211,fluid
635,20.2027,2.49374,,1001.29,17.0611,10144.1,,0.0244841,0.284571,,-0.421777,9.88941,fluid
636,18.1032,3.47739,,1001.03,7.18471,8136.32,,0.363557,0.366875,,-1.35152,9.75805,fluid
637,3.52695,1.5365,,1005.66,-14.039,45147.9,,0.684811,-0.547962,,2.32684,9.90662,fluid
638,7.26073,2.53772,,1003.49,-17.514,27655.5,,1.30889,0.423451,,2.51661,10.9882,fluid
639,9.48135,3.20359,,1001.17,-7.76567,9211.45,,2.01968,0.317215,,2.49755,10.6498,fluid
640,23.6067,0.962746,,1003.55,41.6436,28181.9,,0.0613861,-0.182456,,0.194298,10.2593,fluid
641,22.1843,0.164795,,1004.69,39.9142,37309.4,,0.0799405,-0.0591622,,0.0842559,11.1358,fluid
642,23.3768,0.375616,,1004.41,44.5183,35061.4,,-0.0394309,0.0215516,,0.135533,9.60903,fluid
643,19.6788,0.364345,,1004.45,28.0889,35366.7,,0.0263736,0.0885336,,-0.431251,9.76889,fluid
644,24.8525,2.27697,,1001.91,25.8097,15075.9,,-0.0365066,-0.21152,,-0.508144,9.98869,fluid
645,12.1223,2.57153,,1001.43,-6.34949,11302.9,,1.48959,0.0983089,,0.496176,10.5795,fluid
646,24.8433,1.5147,,1002.96,40.3694,23450.5,,0.0930084,0.0220922,,0.0173862,10.3632,fluid
647,24.0673,0.708356,,1003.9,43.0613,30949.2,,0.00533346,0.0718674,,0.0685417,10.282,fluid
648,23.936,2.60248,,1001.47,19.6581,11554.7,,-0.174176,-0.177964,,-0.065074,10.0195,fluid
649,17.4013,3.25192,,1001.36,7.1659,10729.1,,0.670433,0.241942,,-0.776951,10.2944,fluid
650,21.259,2.63646,,1001.42,18.4961,11205.3,,-0.15179,0.168325,,0.107876,9.84042,fluid
651,18.846,3.53169,,1001.19,8.64232,9362.49,,0.382828,0.230343,,-0.412242,9.11966,fluid
652,7.27691,3.29519,,1002.15,-10.2845,16965.2,,1.49822,0.130474,,2.8679,10.7735,fluid
653,8.32437,2.96063,,1002.38,-12.2046,18791.9,,1.88799,0.35794,,2.80293,11.1835,fluid
654,9.64889,3.74421,,1000.7,-3.33541,5488.17,,2.36508,0.332509,,1.87837,11.4715,fluid
655,1.57609,5.53955,,1001.86,-4.68536,14664.3,,0.796443,-1.37737,,0.648176,8.6336,fluid
656,23.7567,0.249707,,1004.49,46.2576,35679.1,,-0.0993349,-0.184455,,0.10486,9.77982,fluid
657,21.341,3.23936,,1001.47,13.5047,11610.9,,-0.545647,-0.0632796,,0.659737,9.04085,fluid
658,22.5702,0.531585,,1004.26,42.1551,33879.4,,0.0506832,0.139378,,0.202993,10.2518,fluid
659,21.5797,0.246356,,1004.65,37.4001,36973.1,,0.0229627,0.0342352,,0.0192448,10.2213,fluid
660,21.8958,3.26265,,1001.12,12.1099,8786.31,,-0.262167,-0.154671,,0.777175,9.13989,fluid
661,20.8493,3.53504,,1001.09,10.1326,8556.04,,-0.136451,0.432302,,0.794412,9.24394,fluid
662,22.5068,3.32147,,1000.85,12.8553,6668.5,,-0.283761,-0.305111,,1.40915,9.82178,fluid
663,20.5585,2.23751,,1002.09,16.634,16526.2,,-0.0807926,0.106205,,0.0688465,9.20164,fluid
664,23.2832,2.54245,,1001.53,19.3274,12053.1,,-0.198916,0.0128173,,0.725027,9.81214,fluid
665,24.8722,2.93091,,1001,16.837,7842,,0.0493721,-0.315432,,-1.26269,10.3099,fluid
666,3.64777,-78.6882,,968.775,0,-223258,,-3.70661,-38.598,,0,0,fluid
667,13.215,2.06614,,1002.57,-5.08874,20314.6,,0.886492,0.438153,,0.882053,10.787,fluid
668,18.3854,3.54379,,1000.97,6.97173,7634.87,,0.332115,0.325817,,-1.08409,9.5482,fluid
669,6.22991,0.98292,,1005.26,-22.6062,41905.2,,1.32826,0.155631,,1.7118,10.6911,fluid
670,2.34167,0.829384,,1006.18,-10.8424,49432.4,,0.814686,-0.283245,,2.17445,10.0541,fluid
671,8.17223,1.85063,,1003.52,-18.944,27878.9,,1.09588,0.510491,,2.11153,10.4619,fluid
672,19.4341,3.50209,,1001.25,10.0634,9850.88,,0.361826,0.311572,,-0.618377,8.74924,fluid
673,22.9528,2.50527,,1001.68,20.2538,13262.3,,-0.147883,-0.0959252,,0.350023,9.87979,fluid
674,4.57996,4.22105,,1001.99,-7.19604,15741.5,,1.80579,-0.833408,,2.69002,10.0248,fluid
675,20.101,3.38768,,1001.75,13.3588,13786.5,,0.202527,0.201707,,0.906199,8.18269,fluid
676,20.765,0.191863,,1004.7,33.01,37408,,-0.0459954,-0.0286578,,-0.0681749,10.3327,fluid
677,24.0954,2.8435,,1001.16,17.1842,9110.34,,0.0346331,-0.277067,,0.428249,11.4211,fluid
678,19.155,3.60262,,1000.85,8.13083,6651.36,,0.357938,0.327547,,-0.480687,9.15786,fluid
679,24.5836,3.09353,,1000.96,13.2719,7551.07,,-0.108313,-0.353664,,-0.827379,11.9929,fluid
680,24.4113,2.28107,,1001.98,25.9322,15638.3,,-0.193796,-0.0999789,,0.506567,10.2588,fluid
681,21.1203,3.57446,,1000.71,9.52422,5606.9,,-0.258178,0.328001,,1.39571,9.48951,fluid
682,22.9674,3.14215,,1000.99,13.5967,7809.97,,-0.344725,-0.339994,,0.853819,10.3187,fluid
683,11.2674,2.52146,,1001.82,-8.61704,14331,,1.52557,0.166992,,1.17692,11.2283,fluid
684,5.18101,1.53679,,1005.13,-19.6549,40850.1,,1.02644,-0.213634,,2.18895,10.173,fluid
685,12.0928,3.49069,,1000.6,-2.95142,4687.36,,1.90962,0.730895,,0.280274,11.6379,fluid
686,13.9333,2.43652,,1001.83,-0.662635,14434.4,,1.25467,0.217164,,0.0533582,10.526,fluid
687,7.59728,0.281906,,1006.01,-25.8527,47985.7,,0.987816,0.198129,,2.33936,9.69007,fluid
688,19.7521,2.08145,,1002.32,15.6349,18347.4,,0.0492009,0.0386166,,-0.198526,9.28222,fluid
689,15.5536,3.40639,,1000.8,1.2958,6319.63,,0.860712,0.509074,,-0.530064,10.415,fluid
690,7.92034,3.41276,,1001.29,-10.7583,10194.1,,1.6218,0.132977,,2.88392,11.1637,fluid
691,20.1184,0.189095,,1004.7,30.1761,37433.1,,-0.0607675,-0.0868628,,-0.108476,10.4431,fluid
692,2.87766,0.706698,,1006.25,-13.2421,50010.4,,1.05465,-0.359663,,1.50608,10.215,fluid
693,23.1181,3.29673,,1000.74,10.341,5814.67,,-0.29739,-0.35948,,1.26057,11.0491,fluid
694,23.5263,3.33687,,1000.69,8.98873,5454.47,,-0.168981,-0.373935,,1.51828,11.6806,fluid
695,23.6123,3.22552,,1000.82,12.1032,6427.39,,-0.0804595,-0.381449,,1.54715,11.6294,fluid
696,24.2179,3.11923,,1000.82,11.7633,6418.58,,-0.105587,-0.308932,,0.339001,12.5491,fluid
697,6.09695,3.04642,,1002.82,-14.4163,22324.5,,1.00458,-0.217041,,2.5614,10.5543,fluid
698,20.4125,3.66549,,1000.65,8.01657,5084.3,,0.160492,0.613714,,0.508419,9.09337,fluid
699,3.51186,3.83949,,1002.67,-6.81483,21131.9,,1.05689,-0.544772,,2.22357,9.53504,fluid
700,11.0623,3.49597,,1000.62,-2.78546,4851.56,,2.07968,0.392509,,1.27567,11.881,fluid
701,7.07383,1.30137,,1004.86,-23.8252,38705.7,,1.08902,0.327131,,2.25507,10.2928,fluid
702,7.87012,2.19168,,1003.38,-18.8395,26786.1,,1.42781,0.668315,,2.7266,9.83153,fluid
703,17.3351,3.72415,,1000.57,2.88737,4442.5,,0.387072,0.338533,,-1.42798,10.5789,fluid
704,12.8062,2.97107,,1001.39,-3.44647,10974,,1.45845,0.485615,,0.478047,10.4823,fluid
705,5.18328,0.578839,,1006.03,-19.8873,48206.9,,1.35477,-0.0905166,,1.80631,10.2703,fluid
706,39.3062,-781.354,,997.947,-0.0852091,-16015.8,,-2.50322,-123.879,,-2.9968,-18.4806,fluid
707,39.1734,-782.163,,997.964,0.174604,-15879.4,,1.74735,-124.587,,0.820069,3.90095,fluid
708,-87.1374,-569.837,,996.647,-0.462468,-26054,,-10.8264,-104.611,,-3.63221,-6.40459,fluid
709,-87.6506,-570.751,,997.391,-2.33482,-20317.7,,-8.41336,-105.959,,1.46298,3.13451,fluid
710,22.1143,3.5327,,1000.62,8.37997,4859.48,,-0.383119,-0.14429,,1.12725,9.89909,fluid
711,18.624,3.61484,,1000.8,6.09107,6261.86,,0.294465,0.308911,,-0.678695,9.53547,fluid
712,21.6605,3.61956,,1000.52,6.74861,4078.68,,-0.18722,0.0343767,,0.935208,9.62049,fluid
713,22.4299,3.60306,,1000.57,6.75737,4469.68,,-0.323937,-0.242179,,1.64403,10.1877,fluid
714,20.6972,3.80536,,1000.47,4.54851,3668.01,,-0.12814,0.55622,,1.0293,9.38219,fluid
715,3.94362,1.14506,,1005.78,-16.5431,46172,,1.12446,-0.113398,,1.10074,9.87525,fluid
716,7.33054,2.08662,,1003.95,-20.2064,31364.9,,1.1927,0.555472,,2.39786,10.3749,fluid
717,7.89654,2.63956,,1003,-17.3535,23771.4,,1.61604,0.543887,,2.66775,10.3861,fluid
718,4.7496,5.02552,,1000.86,-2.7928,6763.13,,2.442,-1.06266,,2.87355,10.8881,fluid
719,6.54319,4.66172,,1000.75,-3.99814,5921.49,,2.71644,-0.238838,,3.67378,11.016,fluid
720,-125.064,-827.488,,979.997,-0.0333416,-147868,,-10.8549,-126.994,,-6.67233,17.9624,fluid
721,10.9764,3.0489,,1001.47,-5.07664,11607.5,,1.77005,0.127791,,1.57633,10.8722,fluid
722,39.1647,-782.153,,997.87,-0.250733,-16606.1,,1.64835,-124.683,,1.8495,2.88343,fluid
723,-86.4323,-416.372,,970.471,0,-212194,,-10.2059,-90.0939,,0,0,fluid
724,39.1833,-782.161,,998.068,-0.0453277,-15078.4,,1.71679,-124.479,,-0.281646,3.55592,fluid
725,39.1778,-782.165,,998.01,0.197391,-15522.7,,1.76276,-124.54,,0.318853,4.03717,fluid
726,39.178,-782.166,,998.015,0.272848,-15486.7,,1.76766,-124.536,,0.290025,4.10309,fluid
727,-125.077,-827.321,,979.981,-0.0592749,-147983,,-14.4872,-127.293,,0.416717,-60.6197,fluid
728,-125.088,-827.537,,979.862,0.128743,-148811,,-9.75831,-127.545,,6.25561,42.6572,fluid
729,-87.6622,-570.753,,997.248,-1.74064,-21417.8,,-8.40174,-106.039,,2.16922,3.27008,fluid
730,19.6944,3.87593,,1000.28,2.60602,2217.34,,0.324978,0.495546,,-0.10061,8.99278,fluid
731,13.2528,3.44371,,1000.7,-0.853711,5502.42,,1.42202,0.620606,,0.58855,11.2302,fluid
732,9.9626,3.70633,,1000.67,-3.42589,5293.5,,2.2766,0.339782,,2.01426,11.5322,fluid
733,1.84016,3.53781,,1003.41,-6.24587,27058.7,,0.404304,-0.591618,,1.02269,9.14056,fluid
734,2.97231,5.99705,,1000.82,-1.32607,6442.4,,1.62222,-1.68852,,2.27033,9.88716,fluid
735,7.86826,4.25501,,1000.89,-4.73241,7033.38,,2.51588,-0.00966268,,2.97343,11.6947,fluid
