h/dp :,2
L2normdrhodt,dp,Nparticles
55.9591,0.5,1088

t,0.03
x,y,,rho,drhodt,pressure,,u,v,,dudt,dvdt,type
-1.25,-0.25,,1000.02,1.43945,72.8541,,0,0,,0,0
-0.75,-0.25,,1000.25,16.84,914.236,,0,0,,0,0
-0.25,-0.25,,1000.98,63.0003,3605.09,,0,0,,0,0
0.25,-0.25,,1002.03,125.172,7513.45,,0,0,,0,0
0.75,-0.25,,1002.66,158.806,9881.85,,0,0,,0,0
1.25,-0.25,,1002.83,166.453,10515.7,,0,0,,0,0
1.75,-0.25,,1002.84,167.715,10582.1,,0,0,,0,0
2.25,-0.25,,1002.85,169.04,10619.4,,0,0,,0,0
2.75,-0.25,,1002.86,169.79,10641,,0,0,,0,0
3.25,-0.25,,1002.86,170.055,10648.3,,0,0,,0,0
3.75,-0.25,,1002.86,170.143,10650.3,,0,0,,0,0
4.25,-0.25,,1002.86,170.179,10651,,0,0,,0,0
4.75,-0.25,,1002.86,170.193,10651.2,,0,0,,0,0
5.25,-0.25,,1002.86,170.198,10651.3,,0,0,,0,0
5.75,-0.25,,1002.86,170.2,10651.3,,0,0,,0,0
6.25,-0.25,,1002.86,170.2,10651.3,,0,0,,0,0
6.75,-0.25,,1002.86,170.2,10651.3,,0,0,,0,0
7.25,-0.25,,1002.86,170.2,10651.3,,0,0,,0,0
7.75,-0.25,,1002.86,170.2,10651.3,,0,0,,0,0
8.25,-0.25,,1002.86,170.2,10651.3,,0,0,,0,0
8.75,-0.25,,1002.86,170.2,10651.3,,0,0,,0,0
9.25,-0.25,,1002.86,170.2,10651.3,,0,0,,0,0
9.75,-0.25,,1002.86,170.2,10651.3,,0,0,,0,0
10.25,-0.25,,1002.86,170.2,10651.3,,0,0,,0,0
10.75,-0.25,,1002.86,170.2,10651.3,,0,0,,0,0
11.25,-0.25,,1002.86,170.2,10651.3,,0,0,,0,0
11.75,-0.25,,1002.86,170.2,10651.3,,0,0,,0,0
12.25,-0.25,,1002.86,170.2,10651.3,,0,0,,0,0
12.75,-0.25,,1002.86,170.2,10651.3,,0,0,,0,0
13.25,-0.25,,1002.86,170.2,10651.3,,0,0,,0,0
13.75,-0.25,,1002.86,170.2,10651.3,,0,0,,0,0
14.25,-0.25,,1002.86,170.2,10651.3,,0,0,,0,0
14.75,-0.25,,1002.86,170.2,10651.3,,0,0,,0,0
15.25,-0.25,,1002.86,170.2,10651.3,,0,0,,0,0
15.75,-0.25,,1002.86,170.2,10651.3,,0,0,,0,0
16.25,-0.25,,1002.86,170.2,10651.3,,0,0,,0,0
16.75,-0.25,,1002.86,170.2,10651.3,,0,0,,0,0
17.25,-0.25,,1002.86,170.2,10651.3,,0,0,,0,0
17.75,-0.25,,1002.86,170.2,10651.3,,0,0,,0,0
18.25,-0.25,,1002.86,170.2,10651.3,,0,0,,0,0
18.75,-0.25,,1002.86,170.2,10651.3,,0,0,,0,0
19.25,-0.25,,1002.86,170.2,10651.3,,0,0,,0,0
19.75,-0.25,,1002.86,170.199,10651.3,,0,0,,0,0
20.25,-0.25,,1002.86,170.195,10651.3,,0,0,,0,0
20.75,-0.25,,1002.86,170.184,10651.1,,0,0,,0,0
21.25,-0.25,,1002.86,170.155,10650.5,,0,0,,0,0
21.75,-0.25,,1002.86,170.079,10648.8,,0,0,,0,0
22.25,-0.25,,1002.86,169.834,10642.3,,0,0,,0,0
22.75,-0.25,,1002.85,169.124,10622.2,,0,0,,0,0
23.25,-0.25,,1002.84,167.827,10586.1,,0,0,,0,0
23.75,-0.25,,1002.83,166.494,10516.9,,0,0,,0,0
24.25,-0.25,,1002.66,158.716,9877.68,,0,0,,0,0
24.75,-0.25,,1002.03,125.076,7508.85,,0,0,,0,0
25.25,-0.25,,1000.98,62.9876,3603.96,,0,0,,0,0
25.75,-0.25,,1000.25,16.8552,914.592,,0,0,,0,0
26.25,-0.25,,1000.02,1.44278,72.9572,,0,0,,0,0
-1.25,-0.75,,1000,0.2281,12.0234,,0,0,,0,0
-0.75,-0.75,,1000.09,5.99421,330.414,,0,0,,0,0
-0.25,-0.75,,1000.4,25.7315,1474.26,,0,0,,0,0
0.25,-0.75,,1000.84,52.544,3112.35,,0,0,,0,0
0.75,-0.75,,1001.12,68.4665,4156.17,,0,0,,0,0
1.25,-0.75,,1001.19,71.9336,4412.61,,0,0,,0,0
1.75,-0.75,,1001.2,72.1391,4423.55,,0,0,,0,0
2.25,-0.75,,1001.2,72.4546,4432.28,,0,0,,0,0
2.75,-0.75,,1001.2,72.6395,4437.4,,0,0,,0,0
3.25,-0.75,,1001.2,72.7069,4439.11,,0,0,,0,0
3.75,-0.75,,1001.2,72.7311,4439.61,,0,0,,0,0
4.25,-0.75,,1001.2,72.7411,4439.8,,0,0,,0,0
4.75,-0.75,,1001.2,72.745,4439.86,,0,0,,0,0
5.25,-0.75,,1001.2,72.7463,4439.89,,0,0,,0,0
5.75,-0.75,,1001.2,72.7467,4439.89,,0,0,,0,0
6.25,-0.75,,1001.2,72.7468,4439.89,,0,0,,0,0
6.75,-0.75,,1001.2,72.7468,4439.89,,0,0,,0,0
7.25,-0.75,,1001.2,72.7468,4439.89,,0,0,,0,0
7.75,-0.75,,1001.2,72.7468,4439.89,,0,0,,0,0
8.25,-0.75,,1001.2,72.7468,4439.89,,0,0,,0,0
8.75,-0.75,,1001.2,72.7468,4439.89,,0,0,,0,0
9.25,-0.75,,1001.2,72.7468,4439.89,,0,0,,0,0
9.75,-0.75,,1001.2,72.7468,4439.89,,0,0,,0,0
10.25,-0.75,,1001.2,72.7468,4439.89,,0,0,,0,0
10.75,-0.75,,1001.2,72.7468,4439.89,,0,0,,0,0
11.25,-0.75,,1001.2,72.7468,4439.89,,0,0,,0,0
11.75,-0.75,,1001.2,72.7468,4439.89,,0,0,,0,0
12.25,-0.75,,1001.2,72.7468,4439.89,,0,0,,0,0
12.75,-0.75,,1001.2,72.7468,4439.89,,0,0,,0,0
13.25,-0.75,,1001.2,72.7468,4439.89,,0,0,,0,0
13.75,-0.75,,1001.2,72.7468,4439.89,,0,0,,0,0
14.25,-0.75,,1001.2,72.7468,4439.89,,0,0,,0,0
14.75,-0.75,,1001.2,72.7468,4439.89,,0,0,,0,0
15.25,-0.75,,1001.2,72.7468,4439.89,,0,0,,0,0
15.75,-0.75,,1001.2,72.7468,4439.89,,0,0,,0,0
16.25,-0.75,,1001.2,72.7468,4439.89,,0,0,,0,0
16.75,-0.75,,1001.2,72.7468,4439.89,,0,0,,0,0
17.25,-0.75,,1001.2,72.7468,4439.89,,0,0,,0,0
17.75,-0.75,,1001.2,72.7468,4439.89,,0,0,,0,0
18.25,-0.75,,1001.2,72.7468,4439.89,,0,0,,0,0
18.75,-0.75,,1001.2,72.7468,4439.89,,0,0,,0,0
19.25,-0.75,,1001.2,72.7467,4439.89,,0,0,,0,0
19.75,-0.75,,1001.2,72.7465,4439.89,,0,0,,0,0
20.25,-0.75,,1001.2,72.7456,4439.87,,0,0,,0,0
20.75,-0.75,,1001.2,72.7427,4439.83,,0,0,,0,0
21.25,-0.75,,1001.2,72.7348,4439.69,,0,0,,0,0
21.75,-0.75,,1001.2,72.7149,4439.28,,0,0,,0,0
22.25,-0.75,,1001.2,72.6553,4437.8,,0,0,,0,0
22.75,-0.75,,1001.2,72.4863,4433.24,,0,0,,0,0
23.25,-0.75,,1001.2,72.1903,4425.2,,0,0,,0,0
23.75,-0.75,,1001.19,71.9812,4414.06,,0,0,,0,0
24.25,-0.75,,1001.12,68.487,4156.54,,0,0,,0,0
24.75,-0.75,,1000.84,52.5564,3112.44,,0,0,,0,0
25.25,-0.75,,1000.4,25.7493,1474.73,,0,0,,0,0
25.75,-0.75,,1000.09,6.00355,330.71,,0,0,,0,0
26.25,-0.75,,1000,0.228582,12.0388,,0,0,,0,0
-1.25,-1.25,,1000,0,0,,0,0,,0,0
-0.75,-1.25,,1000,0.315172,17.3195,,0,0,,0,0
-0.25,-1.25,,1000.05,3.11168,177.25,,0,0,,0,0
0.25,-1.25,,1000.12,7.5371,440.462,,0,0,,0,0
0.75,-1.25,,1000.16,9.88757,588.459,,0,0,,0,0
1.25,-1.25,,1000.16,10.0233,600.896,,0,0,,0,0
1.75,-1.25,,1000.16,10.0102,600.51,,0,0,,0,0
2.25,-1.25,,1000.16,10.028,600.979,,0,0,,0,0
2.75,-1.25,,1000.16,10.0399,601.276,,0,0,,0,0
3.25,-1.25,,1000.16,10.0449,601.383,,0,0,,0,0
3.75,-1.25,,1000.16,10.0469,601.421,,0,0,,0,0
4.25,-1.25,,1000.16,10.0477,601.436,,0,0,,0,0
4.75,-1.25,,1000.16,10.048,601.441,,0,0,,0,0
5.25,-1.25,,1000.16,10.0481,601.442,,0,0,,0,0
5.75,-1.25,,1000.16,10.0481,601.442,,0,0,,0,0
6.25,-1.25,,1000.16,10.0481,601.443,,0,0,,0,0
6.75,-1.25,,1000.16,10.0481,601.443,,0,0,,0,0
7.25,-1.25,,1000.16,10.0481,601.443,,0,0,,0,0
7.75,-1.25,,1000.16,10.0481,601.443,,0,0,,0,0
8.25,-1.25,,1000.16,10.0481,601.443,,0,0,,0,0
8.75,-1.25,,1000.16,10.0481,601.443,,0,0,,0,0
9.25,-1.25,,1000.16,10.0481,601.443,,0,0,,0,0
9.75,-1.25,,1000.16,10.0481,601.443,,0,0,,0,0
10.25,-1.25,,1000.16,10.0481,601.443,,0,0,,0,0
10.75,-1.25,,1000.16,10.0481,601.443,,0,0,,0,0
11.25,-1.25,,1000.16,10.0481,601.443,,0,0,,0,0
11.75,-1.25,,1000.16,10.0481,601.443,,0,0,,0,0
12.25,-1.25,,1000.16,10.0481,601.443,,0,0,,0,0
12.75,-1.25,,1000.16,10.0481,601.443,,0,0,,0,0
13.25,-1.25,,1000.16,10.0481,601.443,,0,0,,0,0
13.75,-1.25,,1000.16,10.0481,601.443,,0,0,,0,0
14.25,-1.25,,1000.16,10.0481,601.443,,0,0,,0,0
14.75,-1.25,,1000.16,10.0481,601.443,,0,0,,0,0
15.25,-1.25,,1000.16,10.0481,601.443,,0,0,,0,0
15.75,-1.25,,1000.16,10.0481,601.443,,0,0,,0,0
16.25,-1.25,,1000.16,10.0481,601.443,,0,0,,0,0
16.75,-1.25,,1000.16,10.0481,601.443,,0,0,,0,0
17.25,-1.25,,1000.16,10.0481,601.443,,0,0,,0,0
17.75,-1.25,,1000.16,10.0481,601.443,,0,0,,0,0
18.25,-1.25,,1000.16,10.0481,601.443,,0,0,,0,0
18.75,-1.25,,1000.16,10.0481,601.443,,0,0,,0,0
19.25,-1.25,,1000.16,10.0481,601.443,,0,0,,0,0
19.75,-1.25,,1000.16,10.0481,601.442,,0,0,,0,0
20.25,-1.25,,1000.16,10.0481,601.441,,0,0,,0,0
20.75,-1.25,,1000.16,10.0479,601.438,,0,0,,0,0
21.25,-1.25,,1000.16,10.0472,601.428,,0,0,,0,0
21.75,-1.25,,1000.16,10.0457,601.4,,0,0,,0,0
22.25,-1.25,,1000.16,10.0416,601.314,,0,0,,0,0
22.75,-1.25,,1000.16,10.0315,601.07,,0,0,,0,0
23.25,-1.25,,1000.16,10.0167,600.698,,0,0,,0,0
23.75,-1.25,,1000.16,10.032,601.157,,0,0,,0,0
24.25,-1.25,,1000.16,9.89536,588.686,,0,0,,0,0
24.75,-1.25,,1000.12,7.54357,440.656,,0,0,,0,0
25.25,-1.25,,1000.05,3.1156,177.376,,0,0,,0,0
25.75,-1.25,,1000,0.315694,17.3363,,0,0,,0,0
26.25,-1.25,,1000,0,0,,0,0,,0,0
-0.25,0.25,,1001,66.2666,3691.84,,0,0,,0,0
-0.25,0.75,,1000.47,35.0567,1723.27,,0,0,,0,0
-0.25,1.25,,1000.15,15.6733,513.266,,0,0,,0,0
-0.25,1.75,,1000.08,9.77298,256.773,,0,0,,0,0
-0.25,2.25,,1000.03,4.53552,108.281,,0,0,,0,0
-0.25,2.75,,1000,1.05449,9.30751,,0,0,,0,0
-0.25,3.25,,999.992,-0.355755,-29.4521,,0,0,,0,0
-0.25,3.75,,999.989,-0.854954,-41.2441,,0,0,,0,0
-0.25,4.25,,999.987,-1.07774,-45.5577,,0,0,,0,0
-0.25,4.75,,999.987,-1.19365,-47.8418,,0,0,,0,0
-0.25,5.25,,999.986,-1.29788,-50.6536,,0,0,,0,0
-0.25,5.75,,999.985,-1.40256,-53.8971,,0,0,,0,0
-0.25,6.25,,999.988,-1.04652,-43.4208,,0,0,,0,0
-0.25,6.75,,999.953,-2.61509,-174.876,,0,0,,0,0
-0.25,7.25,,999.613,-23.615,-1423.31,,0,0,,0,0
-0.25,7.75,,999.035,-60.6858,-3538.42,,0,0,,0,0
-0.25,8.25,,999.026,-61.804,-3568.02,,0,0,,0,0
-0.25,8.75,,999.6,-25.4353,-1468.53,,0,0,,0,0
-0.25,9.25,,999.952,-3.00353,-174.796,,0,0,,0,0
-0.25,9.75,,1000,0,0,,0,0,,0,0
-0.75,0.25,,1000.26,18.7514,965.308,,0,0,,0,0
-0.75,0.75,,1000.13,10.5104,450.483,,0,0,,0,0
-0.75,1.25,,1000.04,4.8632,136.279,,0,0,,0,0
-0.75,1.75,,1000.02,2.76012,68.0896,,0,0,,0,0
-0.75,2.25,,1000.01,0.963834,17.3315,,0,0,,0,0
-0.75,2.75,,999.997,-0.0241622,-10.2632,,0,0,,0,0
-0.75,3.25,,999.994,-0.397795,-20.0373,,0,0,,0,0
-0.75,3.75,,999.994,-0.535478,-23.0391,,0,0,,0,0
-0.75,4.25,,999.993,-0.599009,-24.2161,,0,0,,0,0
-0.75,4.75,,999.993,-0.629648,-24.7872,,0,0,,0,0
-0.75,5.25,,999.993,-0.649556,-25.2906,,0,0,,0,0
-0.75,5.75,,999.993,-0.64587,-25.3274,,0,0,,0,0
-0.75,6.25,,999.994,-0.449694,-20.0451,,0,0,,0,0
-0.75,6.75,,999.995,-0.0567706,-17.4572,,0,0,,0,0
-0.75,7.25,,999.92,-4.53358,-297.083,,0,0,,0,0
-0.75,7.75,,999.771,-14.0583,-844.181,,0,0,,0,0
-0.75,8.25,,999.767,-14.5823,-856.554,,0,0,,0,0
-0.75,8.75,,999.914,-5.39906,-315.517,,0,0,,0,0
-0.75,9.25,,999.996,-0.27373,-16.2428,,0,0,,0,0
-0.75,9.75,,1000,0,0,,0,0,,0,0
-1.25,0.25,,1000.02,1.83319,83.4508,,0,0,,0,0
-1.25,0.75,,1000.01,0.993831,32.4402,,0,0,,0,0
-1.25,1.25,,1000,0.534128,13.7065,,0,0,,0,0
-1.25,1.75,,1000,0.23379,5.16025,,0,0,,0,0
-1.25,2.25,,1000,0.0414301,-0.261636,,0,0,,0,0
-1.25,2.75,,999.999,-0.041281,-2.50041,,0,0,,0,0
-1.25,3.25,,999.999,-0.0710601,-3.20531,,0,0,,0,0
-1.25,3.75,,999.999,-0.083537,-3.44869,,0,0,,0,0
-1.25,4.25,,999.999,-0.089347,-3.55245,,0,0,,0,0
-1.25,4.75,,999.999,-0.0918846,-3.59702,,0,0,,0,0
-1.25,5.25,,999.999,-0.0928381,-3.61505,,0,0,,0,0
-1.25,5.75,,999.999,-0.0895481,-3.53754,,0,0,,0,0
-1.25,6.25,,999.999,-0.0633255,-2.86424,,0,0,,0,0
-1.25,6.75,,1000,0.0269263,-0.426613,,0,0,,0,0
-1.25,7.25,,999.998,-0.0246779,-7.5608,,0,0,,0,0
-1.25,7.75,,999.984,-0.933565,-60.0206,,0,0,,0,0
-1.25,8.25,,999.983,-1.03616,-62.3829,,0,0,,0,0
-1.25,8.75,,999.997,-0.181392,-10.8153,,0,0,,0,0
-1.25,9.25,,1000,0,0,,0,0,,0,0
-1.25,9.75,,1000,0,0,,0,0,,0,0
25.25,0.25,,1001,66.1481,3686.36,,0,0,,0,0
25.25,0.75,,1000.47,34.9135,1717.06,,0,0,,0,0
25.25,1.25,,1000.15,15.6522,512.192,,0,0,,0,0
25.25,1.75,,1000.08,9.84369,259.477,,0,0,,0,0
25.25,2.25,,1000.03,4.6011,110.699,,0,0,,0,0
25.25,2.75,,1000,1.09163,10.4466,,0,0,,0,0
25.25,3.25,,999.992,-0.337239,-29.0445,,0,0,,0,0
25.25,3.75,,999.989,-0.849735,-41.2084,,0,0,,0,0
25.25,4.25,,999.987,-1.08212,-45.7552,,0,0,,0,0
25.25,4.75,,999.986,-1.20407,-48.2494,,0,0,,0,0
25.25,5.25,,999.986,-1.32193,-51.6809,,0,0,,0,0
25.25,5.75,,999.984,-1.45957,-56.2524,,0,0,,0,0
25.25,6.25,,999.987,-1.09007,-45.0916,,0,0,,0,0
25.25,6.75,,999.955,-2.4526,-168.295,,0,0,,0,0
25.25,7.25,,999.618,-23.2264,-1407.95,,0,0,,0,0
25.25,7.75,,999.038,-60.4402,-3528.86,,0,0,,0,0
25.25,8.25,,999.026,-61.8499,-3569.92,,0,0,,0,0
25.25,8.75,,999.599,-25.5128,-1471.62,,0,0,,0,0
25.25,9.25,,999.952,-3.01732,-175.35,,0,0,,0,0
25.25,9.75,,1000,0,0,,0,0,,0,0
25.75,0.25,,1000.26,18.7532,964.972,,0,0,,0,0
25.75,0.75,,1000.13,10.5123,450.111,,0,0,,0,0
25.75,1.25,,1000.04,4.89314,137.063,,0,0,,0,0
25.75,1.75,,1000.02,2.80158,69.4216,,0,0,,0,0
25.75,2.25,,1000.01,0.991689,18.1961,,0,0,,0,0
25.75,2.75,,999.997,-0.010805,-9.92067,,0,0,,0,0
25.75,3.25,,999.995,-0.392955,-19.9617,,0,0,,0,0
25.75,3.75,,999.994,-0.536027,-23.0972,,0,0,,0,0
25.75,4.25,,999.993,-0.602938,-24.3512,,0,0,,0,0
25.75,4.75,,999.993,-0.635311,-24.9753,,0,0,,0,0
25.75,5.25,,999.993,-0.658452,-25.629,,0,0,,0,0
25.75,5.75,,999.993,-0.664796,-26.0826,,0,0,,0,0
25.75,6.25,,999.994,-0.47203,-20.9167,,0,0,,0,0
25.75,6.75,,999.996,-0.0202256,-16.0173,,0,0,,0,0
25.75,7.25,,999.921,-4.42026,-292.677,,0,0,,0,0
25.75,7.75,,999.772,-13.9801,-841.181,,0,0,,0,0
25.75,8.25,,999.767,-14.5899,-856.892,,0,0,,0,0
25.75,8.75,,999.914,-5.41781,-316.269,,0,0,,0,0
25.75,9.25,,999.996,-0.274922,-16.2917,,0,0,,0,0
25.75,9.75,,1000,0,0,,0,0,,0,0
26.25,0.25,,1000.02,1.83789,83.5757,,0,0,,0,0
26.25,0.75,,1000.01,0.999146,32.5718,,0,0,,0,0
26.25,1.25,,1000,0.541045,13.903,,0,0,,0,0
26.25,1.75,,1000,0.239549,5.32657,,0,0,,0,0
26.25,2.25,,1000,0.044644,-0.177484,,0,0,,0,0
26.25,2.75,,999.999,-0.0399158,-2.47265,,0,0,,0,0
26.25,3.25,,999.999,-0.0707652,-3.20529,,0,0,,0,0
26.25,3.75,,999.999,-0.0838798,-3.46312,,0,0,,0,0
26.25,4.25,,999.999,-0.0900401,-3.57446,,0,0,,0,0
26.25,4.75,,999.999,-0.0927294,-3.62278,,0,0,,0,0
26.25,5.25,,999.999,-0.0938271,-3.6482,,0,0,,0,0
26.25,5.75,,999.999,-0.0912237,-3.60138,,0,0,,0,0
26.25,6.25,,999.999,-0.0661622,-2.97526,,0,0,,0,0
26.25,6.75,,1000,0.0268502,-0.432233,,0,0,,0,0
26.25,7.25,,999.998,-0.0132684,-7.12636,,0,0,,0,0
26.25,7.75,,999.984,-0.923684,-59.6467,,0,0,,0,0
26.25,8.25,,999.983,-1.03605,-62.3845,,0,0,,0,0
26.25,8.75,,999.997,-0.181923,-10.8371,,0,0,,0,0
26.25,9.25,,1000,0,0,,0,0,,0,0
26.25,9.75,,1000,0,0,,0,0,,0,0
0.249659,0.245331,,1002.02,124.658,7497.53,,-0.0414482,-0.280486,,-3.81088,2.13639
0.249788,0.745518,,1000.85,57.7049,3127.06,,-0.0261181,-0.258078,,-2.4346,4.16842
0.249925,1.2454,,1000.2,24.0803,703.081,,-0.0101619,-0.27181,,-1.05615,2.92018
0.249996,1.74524,,1000.08,16.9379,260.917,,-0.00194325,-0.291389,,-0.361947,1.21568
0.250018,2.24516,,1000.01,8.57277,18.6759,,0.000756908,-0.300037,,-0.111274,0.487145
0.250025,2.74514,,999.955,1.74301,-182.285,,0.00173837,-0.302291,,0.012466,0.265754
0.250028,3.24514,,999.931,-1.12903,-265.91,,0.00226316,-0.303232,,0.0886279,0.133827
0.250029,3.74514,,999.924,-2.11082,-290.964,,0.00250582,-0.303778,,0.124684,0.0523619
0.25003,4.24513,,999.921,-2.54891,-299.844,,0.00259296,-0.30399,,0.138183,0.0201408
0.25003,4.74513,,999.92,-2.78251,-304.604,,0.00263073,-0.304032,,0.144262,0.0126843
0.25003,5.24513,,999.918,-3.01105,-311.038,,0.00265904,-0.304034,,0.149133,0.0114303
0.250029,5.74514,,999.914,-3.40258,-322.438,,0.00259758,-0.303897,,0.145923,0.0193846
0.250024,6.24515,,999.915,-3.41491,-319.308,,0.00197943,-0.302773,,0.0877054,0.113476
0.250007,6.74517,,999.93,-1.95722,-268.471,,-0.000254473,-0.30013,,-0.132467,0.359425
0.24997,7.24517,,999.943,-0.391748,-221.208,,-0.00495965,-0.29947,,-0.584931,0.481051
0.249921,7.74512,,999.961,2.02979,-160.261,,-0.0104963,-0.304691,,-1.0691,0.112533
0.749778,0.245397,,1002.63,151.433,9801.83,,-0.0265121,-0.272504,,-2.35762,2.88035
0.749859,0.745646,,1001.07,63.9342,3958.22,,-0.0168728,-0.243078,,-1.50375,5.47272
0.749945,1.24549,,1000.25,26.6641,888.131,,-0.00695316,-0.26167,,-0.679047,3.75967
0.749989,1.74527,,1000.14,23.1161,469.782,,-0.00203339,-0.287641,,-0.289147,1.52669
0.750003,2.24517,,1000.06,13.5933,192.156,,-0.000440722,-0.298851,,-0.147063,0.616358
0.750007,2.74515,,999.984,4.54886,-80.4041,,0.000234387,-0.301673,,-0.0607667,0.352745
0.75001,3.24514,,999.951,0.745517,-196.179,,0.000642274,-0.3029,,-0.00230877,0.182334
0.750011,3.74514,,999.941,-0.502864,-229.901,,0.000832877,-0.303649,,0.0254236,0.0716571
0.750011,4.24514,,999.937,-1.07119,-241.717,,0.000899134,-0.303946,,0.0354735,0.0271422
0.750011,4.74513,,999.935,-1.37099,-247.904,,0.000922521,-0.304008,,0.0391667,0.0165854
0.750011,5.24513,,999.933,-1.63984,-256.023,,0.000932999,-0.304025,,0.0408531,0.013935
0.750011,5.74513,,999.928,-2.19208,-272.712,,0.000901147,-0.304068,,0.03836,0.00475207
0.750009,6.24514,,999.926,-2.63001,-278.768,,0.000612339,-0.303734,,0.00967824,0.0189657
0.750001,6.74515,,999.934,-2.05261,-252.174,,-0.00044942,-0.302827,,-0.0997495,0.0905704
0.749984,7.24513,,999.922,-2.0836,-296.745,,-0.00274268,-0.30417,,-0.328224,0.0416997
0.749958,7.74506,,999.908,-1.30878,-355.709,,-0.00572437,-0.310036,,-0.590771,-0.299809
1.24991,0.24543,,1002.78,156.396,10390.3,,-0.0110174,-0.268479,,-0.968533,3.25396
1.24994,0.745712,,1001.11,64.1793,4130.26,,-0.00724623,-0.235405,,-0.647299,6.11955
1.24997,1.24554,,1000.27,28.4414,951.806,,-0.0033576,-0.256621,,-0.338006,4.15691
1.24999,1.74529,,1000.18,26.8471,588.098,,-0.00144083,-0.285816,,-0.188556,1.67335
1.25,2.24518,,1000.08,15.8645,267.154,,-0.000709415,-0.298164,,-0.114523,0.696108
1.25,2.74515,,999.992,5.38,-52.5631,,-0.000275772,-0.301233,,-0.0553049,0.414875
1.25,3.24514,,999.953,1.06131,-186.819,,2.95098e-08,-0.302661,,-0.0158114,0.216684
1.25,3.74514,,999.942,-0.337757,-225.386,,0.000123442,-0.303558,,0.00208106,0.0849799
1.25,4.24514,,999.938,-0.996768,-239.136,,0.00016471,-0.303918,,0.00840301,0.0315718
1.25,4.74513,,999.936,-1.32971,-245.859,,0.000174217,-0.304001,,0.00995154,0.0175931
1.25,5.24513,,999.934,-1.53984,-252.573,,0.000163212,-0.304036,,0.00820193,0.0123313
1.25,5.74513,,999.93,-1.93043,-265.209,,0.000121741,-0.304132,,0.00215399,-0.0027581
1.25,6.24514,,999.931,-2.12637,-262.653,,5.09092e-05,-0.303993,,-0.0087276,-0.0104709
1.25,6.74514,,999.941,-1.41457,-226.456,,-3.72709e-05,-0.303554,,-0.0248819,0.0102545
1.25,7.24512,,999.923,-1.88599,-294.43,,-0.000223861,-0.305576,,-0.051489,-0.093669
1.25,7.74505,,999.897,-1.86533,-397.297,,-0.000641318,-0.311907,,-0.0878326,-0.437661
1.74997,0.24544,,1002.81,158.924,10494.3,,-0.00318342,-0.267316,,-0.3098,3.35114
1.74998,0.745734,,1001.14,67.4564,4224.95,,-0.00237555,-0.232943,,-0.251843,6.3166
1.74999,1.24555,,1000.3,32.2242,1057.61,,-0.00139555,-0.254964,,-0.173753,4.28695
1.75,1.74529,,1000.2,29.4168,660.237,,-0.000781548,-0.285101,,-0.113758,1.74215
1.75,2.24518,,1000.09,16.7896,288.95,,-0.000385522,-0.297744,,-0.0621378,0.752178
1.75,2.74515,,999.99,5.39604,-60.6119,,-9.18996e-05,-0.300939,,-0.0201469,0.457088
1.75,3.24514,,999.948,0.772851,-205.1,,7.81926e-05,-0.302512,,0.0043556,0.238132
1.75,3.74514,,999.936,-0.751258,-246.916,,0.000149313,-0.303504,,0.0148822,0.0931776
1.75,4.24514,,999.932,-1.49246,-262.317,,0.000173578,-0.303901,,0.0187879,0.0342408
1.75,4.74513,,999.929,-1.85982,-269.636,,0.000178259,-0.304003,,0.0196366,0.0171918
1.75,5.24513,,999.928,-2.03627,-275.385,,0.00016525,-0.304064,,0.0175519,0.00805438
1.75,5.74513,,999.925,-2.26433,-283.625,,0.00012005,-0.304199,,0.0107244,-0.0126573
1.75,6.24514,,999.929,-2.0475,-268.714,,3.51861e-05,-0.304071,,-0.00193626,-0.0237715
1.75,6.74514,,999.946,-0.629382,-209.281,,-3.86927e-05,-0.30356,,-0.0152064,0.0021233
1.75,7.24512,,999.933,-0.628944,-261.36,,-2.55065e-05,-0.305512,,-0.0188443,-0.0874404
1.75,7.74504,,999.904,-0.86819,-372.984,,2.7345e-05,-0.311937,,-0.0122246,-0.423353
2.24999,0.245441,,1002.84,161.924,10583.3,,-0.000933272,-0.26726,,-0.119885,3.34285
2.24999,0.745738,,1001.17,70.9459,4328.35,,-0.000919612,-0.232471,,-0.126531,6.35167
2.25,1.24556,,1000.32,34.9142,1137.17,,-0.000705381,-0.254513,,-0.103953,4.33182
2.25,1.74529,,1000.21,30.859,701.159,,-0.000434709,-0.284752,,-0.0678959,1.78761
2.25,2.24518,,1000.09,17.3399,300.668,,-0.000186188,-0.297464,,-0.0324367,0.792279
2.25,2.74515,,999.99,5.55007,-62.4547,,-1.28355e-05,-0.30076,,-0.00750116,0.482795
2.25,3.24514,,999.947,0.774667,-211.602,,7.60798e-05,-0.30243,,0.00547098,0.250117
2.25,3.74514,,999.934,-0.841488,-255.472,,0.000112548,-0.303474,,0.0111128,0.0979671
2.25,4.24514,,999.929,-1.64228,-272.055,,0.000126408,-0.303891,,0.0134933,0.0360132
2.25,4.74513,,999.927,-2.03347,-279.834,,0.000130364,-0.304005,,0.0142208,0.016975
2.25,5.24513,,999.925,-2.20777,-285.514,,0.000125511,-0.304083,,0.0133809,0.00504381
2.25,5.74513,,999.923,-2.40309,-292.915,,0.000104199,-0.304251,,0.00998548,-0.0204112
2.25,6.24514,,999.928,-2.06221,-274.332,,5.51503e-05,-0.304155,,0.00265742,-0.0363172
2.25,6.74514,,999.947,-0.320973,-204.759,,-1.25516e-05,-0.303624,,-0.00734373,-0.00864096
2.25,7.24512,,999.938,0.0602645,-244.897,,-5.67826e-05,-0.305485,,-0.0140003,-0.0839668
2.25,7.74505,,999.909,-0.189851,-355.776,,-5.25969e-05,-0.311841,,-0.0124507,-0.404432
2.75,0.24544,,1002.85,163.459,10630.6,,-0.000388884,-0.267383,,-0.0579627,3.32259
2.75,0.745739,,1001.18,72.544,4378.3,,-0.000444466,-0.232409,,-0.0660767,6.35703
2.75,1.24556,,1000.33,36.0176,1171.54,,-0.000362467,-0.254336,,-0.0545999,4.3557
2.75,1.7453,,1000.21,31.4585,718.496,,-0.000219931,-0.284551,,-0.0343453,1.81628
2.75,2.24518,,1000.1,17.6543,307.777,,-9.43906e-05,-0.297308,,-0.0164439,0.814684
2.75,2.74515,,999.99,5.73245,-59.7934,,-1.6349e-05,-0.300673,,-0.00517604,0.495498
2.75,3.24514,,999.947,0.874579,-210.984,,2.20206e-05,-0.302392,,0.000626032,0.256016
2.75,3.74514,,999.934,-0.805029,-256.146,,3.90184e-05,-0.303458,,0.00345119,0.100626
2.75,4.24514,,999.929,-1.64211,-273.45,,4.65329e-05,-0.303885,,0.00482276,0.0371627
2.75,4.74513,,999.926,-2.04315,-281.43,,4.93073e-05,-0.304004,,0.00532748,0.0170977
2.75,5.24513,,999.925,-2.21205,-287.024,,4.88512e-05,-0.304089,,0.00517747,0.00399104
2.75,5.74513,,999.923,-2.40166,-294.4,,4.40302e-05,-0.30427,,0.0042613,-0.0234977
2.75,6.24514,,999.928,-2.06004,-275.872,,3.05407e-05,-0.304194,,0.00206746,-0.0421308
2.75,6.74514,,999.947,-0.290902,-205.388,,7.33703e-06,-0.303669,,-0.00142775,-0.0151866
2.75,7.24512,,999.938,0.172459,-243.085,,-1.38213e-05,-0.305504,,-0.00437794,-0.0858993
2.75,7.74505,,999.91,-0.0533905,-353.048,,-1.77793e-05,-0.311822,,-0.00436497,-0.399411
3.25,0.24544,,1002.86,163.974,10646,,-0.000154039,-0.267454,,-0.0236416,3.31214
3.25,0.745739,,1001.19,73.0495,4393.7,,-0.000184905,-0.232391,,-0.0276139,6.3596
3.25,1.24556,,1000.34,36.3702,1181.83,,-0.000148557,-0.254253,,-0.022413,4.36764
3.25,1.7453,,1000.22,31.6881,724.251,,-8.89508e-05,-0.28446,,-0.0140575,1.82937
3.25,2.24518,,1000.1,17.8075,310.898,,-4.16248e-05,-0.297243,,-0.00731404,0.823991
3.25,2.74515,,999.991,5.82363,-58.244,,-1.33534e-05,-0.300638,,-0.00307685,0.50072
3.25,3.24514,,999.947,0.909907,-210.583,,1.69728e-06,-0.302375,,-0.000605258,0.258735
3.25,3.74514,,999.934,-0.809541,-256.531,,9.58966e-06,-0.30345,,0.000823518,0.102059
3.25,4.24514,,999.928,-1.66631,-274.228,,1.35255e-05,-0.303882,,0.00157547,0.0378229
3.25,4.74513,,999.926,-2.0713,-282.29,,1.49654e-05,-0.304003,,0.00184094,0.0172191
3.25,5.24513,,999.924,-2.23302,-287.748,,1.49342e-05,-0.30409,,0.00178499,0.00372048
3.25,5.74513,,999.922,-2.40985,-294.903,,1.4131e-05,-0.304274,,0.00153806,-0.0242359
3.25,6.24514,,999.928,-2.06026,-276.304,,1.21825e-05,-0.304202,,0.00109209,-0.0436055
3.25,6.74514,,999.947,-0.292788,-205.965,,8.20724e-06,-0.303682,,0.000378708,-0.0171485
3.25,7.24512,,999.938,0.173685,-243.654,,3.49762e-06,-0.305514,,-0.000338282,-0.0871166
3.25,7.74505,,999.91,-0.0447862,-353.387,,1.3274e-06,-0.311825,,-0.000496813,-0.39901
3.75,0.245439,,1002.86,164.144,10650.2,,-4.59824e-05,-0.267479,,-0.00756792,3.30837
3.75,0.745739,,1001.19,73.2252,4397.94,,-6.59424e-05,-0.232383,,-0.0100333,6.3607
3.75,1.24556,,1000.34,36.5165,1185.05,,-5.34952e-05,-0.254223,,-0.00830035,4.37193
3.75,1.7453,,1000.22,31.8035,726.502,,-3.20867e-05,-0.284429,,-0.00536352,1.83384
3.75,2.24518,,1000.1,17.8855,312.268,,-1.63235e-05,-0.297222,,-0.00305256,0.827235
3.75,2.74515,,999.991,5.86081,-57.7038,,-6.43344e-06,-0.300625,,-0.00142762,0.502792
3.75,3.24514,,999.947,0.91351,-210.702,,-1.56515e-07,-0.302368,,-0.000286987,0.260027
3.75,3.74514,,999.934,-0.826313,-257.05,,3.66044e-06,-0.303446,,0.000445988,0.102814
3.75,4.24514,,999.928,-1.69243,-274.93,,5.64889e-06,-0.30388,,0.00083529,0.0381672
3.75,4.74513,,999.926,-2.09993,-283.042,,6.33625e-06,-0.304003,,0.000965976,0.0172648
3.75,5.24513,,999.924,-2.25882,-288.446,,6.19565e-06,-0.30409,,0.000921373,0.00358289
3.75,5.74513,,999.922,-2.4275,-295.445,,5.66536e-06,-0.304274,,0.000778609,-0.0244669
3.75,6.24514,,999.927,-2.06685,-276.639,,5.01182e-06,-0.304204,,0.000597346,-0.0439177
3.75,6.74514,,999.947,-0.290651,-206.146,,4.22369e-06,-0.303684,,0.000402215,-0.0175462
3.75,7.24512,,999.938,0.179837,-243.775,,3.45485e-06,-0.305517,,0.000235325,-0.0874577
3.75,7.74505,,999.91,-0.0377588,-353.458,,3.03373e-06,-0.311827,,0.000170182,-0.399105
4.25,0.245439,,1002.86,164.219,10651.7,,-1.0124e-05,-0.267487,,-0.00210718,3.30711
4.25,0.745739,,1001.19,73.31,4399.6,,-2.71675e-05,-0.232382,,-0.00415423,6.36092
4.25,1.24556,,1000.34,36.5945,1186.52,,-2.28643e-05,-0.254215,,-0.00358515,4.37313
4.25,1.7453,,1000.22,31.8652,727.619,,-1.32827e-05,-0.28442,,-0.00232506,1.83521
4.25,2.24518,,1000.1,17.9245,312.933,,-6.95363e-06,-0.297215,,-0.00137821,0.828403
4.25,2.74515,,999.991,5.87801,-57.4656,,-2.91435e-06,-0.30062,,-0.000660991,0.503688
4.25,3.24514,,999.947,0.915435,-210.762,,-5.2658e-08,-0.302365,,-0.000111357,0.260649
4.25,3.74514,,999.934,-0.832774,-257.273,,1.75761e-06,-0.303444,,0.000244094,0.103182
4.25,4.24514,,999.928,-1.70284,-275.227,,2.69205e-06,-0.303879,,0.00042926,0.0383346
4.25,4.74513,,999.926,-2.11196,-283.368,,3.03789e-06,-0.304003,,0.000497046,0.017288
4.25,5.24513,,999.924,-2.27074,-288.771,,3.00776e-06,-0.30409,,0.000486484,0.00350589
4.25,5.74513,,999.922,-2.43724,-295.73,,2.72987e-06,-0.304275,,0.000421478,-0.0246013
4.25,6.24514,,999.927,-2.07229,-276.841,,2.27487e-06,-0.304204,,0.000321601,-0.0440655
4.25,6.74514,,999.947,-0.291066,-206.247,,1.74255e-06,-0.303685,,0.000211072,-0.0176846
4.25,7.24512,,999.938,0.182772,-243.802,,1.51589e-06,-0.305518,,0.000138885,-0.0875755
4.25,7.74505,,999.91,-0.034373,-353.458,,1.85122e-06,-0.311829,,0.000140855,-0.399177
4.75,0.245439,,1002.86,164.251,10652.3,,-7.22626e-08,-0.267489,,-0.000414148,3.30663
4.75,0.745739,,1001.19,73.3477,4400.31,,-1.61045e-05,-0.232382,,-0.002279,6.3609
4.75,1.24556,,1000.34,36.6289,1187.16,,-1.36899e-05,-0.254213,,-0.00197871,4.37347
4.75,1.7453,,1000.22,31.8912,728.091,,-7.09951e-06,-0.284418,,-0.00117503,1.83568
4.75,2.24518,,1000.1,17.9406,313.209,,-3.50519e-06,-0.297212,,-0.000678687,0.828877
4.75,2.74515,,999.991,5.8856,-57.355,,-1.59613e-06,-0.300618,,-0.000344613,0.504082
4.75,3.24514,,999.947,0.917509,-210.757,,-2.71501e-07,-0.302363,,-8.88116e-05,0.260922
4.75,3.74514,,999.934,-0.833803,-257.325,,5.53457e-07,-0.303444,,7.34071e-05,0.10334
4.75,4.24514,,999.928,-1.70552,-275.307,,9.68791e-07,-0.303879,,0.000156537,0.0384093
4.75,4.74513,,999.926,-2.11545,-283.462,,1.14121e-06,-0.304003,,0.000191344,0.0173071
4.75,5.24513,,999.924,-2.27451,-288.871,,1.18356e-06,-0.30409,,0.000198051,0.00348275
4.75,5.74513,,999.922,-2.44078,-295.828,,1.13902e-06,-0.304275,,0.000185415,-0.0246578
4.75,6.24514,,999.927,-2.07501,-276.925,,9.71184e-07,-0.304205,,0.000152947,-0.0441392
4.75,6.74514,,999.947,-0.292528,-206.306,,6.92993e-07,-0.303685,,0.000104095,-0.0177565
4.75,7.24512,,999.938,0.182408,-243.837,,7.03478e-07,-0.305518,,7.8259e-05,-0.0876388
4.75,7.74504,,999.91,-0.0343121,-353.478,,1.33802e-06,-0.311829,,0.000112606,-0.399227
5.25,0.245439,,1002.86,164.262,10652.5,,3.09278e-06,-0.26749,,0.000194164,3.30644
5.25,0.745739,,1001.19,73.3607,4400.55,,-1.24318e-05,-0.232382,,-0.00156821,6.36087
5.25,1.24556,,1000.34,36.6406,1187.37,,-1.03754e-05,-0.254213,,-0.00132277,4.37357
5.25,1.7453,,1000.22,31.9,728.245,,-4.63868e-06,-0.284417,,-0.000670931,1.83586
5.25,2.24518,,1000.1,17.9461,313.3,,-2.02828e-06,-0.297211,,-0.00035991,0.829065
5.25,2.74515,,999.991,5.88844,-57.3147,,-1.01026e-06,-0.300618,,-0.000199413,0.504236
5.25,3.24514,,999.947,0.918461,-210.75,,-3.54316e-07,-0.302363,,-7.5959e-05,0.261027
5.25,3.74514,,999.934,-0.834078,-257.337,,5.41154e-08,-0.303443,,3.22785e-06,0.103401
5.25,4.24514,,999.928,-1.70653,-275.331,,2.5279e-07,-0.303879,,4.30608e-05,0.03844
5.25,4.74513,,999.926,-2.11683,-283.491,,3.37052e-07,-0.304003,,6.0591e-05,0.017319
5.25,5.24513,,999.924,-2.27599,-288.903,,3.7818e-07,-0.30409,,6.80108e-05,0.00348092
5.25,5.74513,,999.922,-2.44219,-295.86,,4.07132e-07,-0.304275,,7.14904e-05,-0.024672
5.25,6.24514,,999.927,-2.07626,-276.956,,3.72247e-07,-0.304205,,6.70245e-05,-0.0441626
5.25,6.74514,,999.947,-0.29351,-206.333,,2.49433e-07,-0.303685,,4.97482e-05,-0.0177837
5.25,7.24512,,999.938,0.18172,-243.859,,4.0443e-07,-0.305519,,4.98659e-05,-0.0876682
5.25,7.74504,,999.91,-0.0347449,-353.493,,1.16936e-06,-0.311829,,0.000100738,-0.399256
5.75,0.245439,,1002.86,164.265,10652.6,,4.21955e-06,-0.26749,,0.000424827,3.30637
5.75,0.745739,,1001.19,73.3647,4400.61,,-1.10758e-05,-0.232382,,-0.00129085,6.36085
5.75,1.24556,,1000.34,36.6443,1187.43,,-9.10369e-06,-0.254212,,-0.00106066,4.37361
5.75,1.7453,,1000.22,31.9029,728.29,,-3.66643e-06,-0.284416,,-0.00046719,1.83592
5.75,2.24518,,1000.1,17.948,313.328,,-1.43028e-06,-0.297211,,-0.000230226,0.82913
5.75,2.74515,,999.991,5.88947,-57.3016,,-7.5127e-07,-0.300617,,-0.000137424,0.504289
5.75,3.24514,,999.947,0.918772,-210.748,,-3.40815e-07,-0.302363,,-6.34669e-05,0.261063
5.75,3.74514,,999.934,-0.834296,-257.343,,-8.07037e-08,-0.303443,,-1.46312e-05,0.103423
5.75,4.24514,,999.928,-1.70709,-275.341,,3.93969e-08,-0.303878,,8.86384e-06,0.038452
5.75,4.74513,,999.926,-2.11754,-283.504,,8.54509e-08,-0.304003,,1.85722e-05,0.0173246
5.75,5.24513,,999.924,-2.27673,-288.916,,1.12321e-07,-0.30409,,2.35581e-05,0.003482
5.75,5.74513,,999.922,-2.44288,-295.873,,1.47566e-07,-0.304275,,2.91106e-05,-0.0246745
5.75,6.24514,,999.927,-2.07684,-276.968,,1.40421e-07,-0.304205,,3.09342e-05,-0.0441682
5.75,6.74514,,999.947,-0.293969,-206.343,,6.2197e-08,-0.303685,,2.2704e-05,-0.0177918
5.75,7.24512,,999.938,0.181379,-243.867,,2.70124e-07,-0.305519,,3.2252e-05,-0.0876796
5.75,7.74504,,999.91,-0.0349695,-353.499,,1.09057e-06,-0.311829,,9.12387e-05,-0.399269
6.25,0.245439,,1002.86,164.266,10652.6,,4.58708e-06,-0.267491,,0.000502162,3.30635
6.25,0.745739,,1001.19,73.3661,4400.63,,-1.06286e-05,-0.232382,,-0.00119709,6.36085
6.25,1.24556,,1000.34,36.6456,1187.45,,-8.68249e-06,-0.254212,,-0.000971975,4.37362
6.25,1.7453,,1000.22,31.904,728.305,,-3.34431e-06,-0.284416,,-0.000398371,1.83594
6.25,2.24518,,1000.1,17.9488,313.337,,-1.23029e-06,-0.297211,,-0.000186101,0.82915
6.25,2.74515,,999.991,5.88988,-57.2968,,-6.5942e-07,-0.300617,,-0.00011546,0.504306
6.25,3.24514,,999.947,0.918894,-210.748,,-3.26839e-07,-0.302363,,-5.78283e-05,0.261075
6.25,3.74514,,999.934,-0.834391,-257.346,,-1.15246e-07,-0.303443,,-1.94897e-05,0.103431
6.25,4.24514,,999.928,-1.70732,-275.346,,-2.26286e-08,-0.303878,,-2.10466e-06,0.0384568
6.25,4.74513,,999.926,-2.11784,-283.51,,8.85033e-09,-0.304003,,4.42497e-06,0.0173268
6.25,5.24513,,999.924,-2.27704,-288.922,,2.87563e-08,-0.30409,,8.1441e-06,0.00348247
6.25,5.74513,,999.922,-2.44317,-295.878,,6.23717e-08,-0.304275,,1.37828e-05,-0.0246753
6.25,6.24514,,999.927,-2.07709,-276.973,,5.88847e-08,-0.304205,,1.68235e-05,-0.04417
6.25,6.74514,,999.947,-0.294161,-206.347,,-1.00194e-08,-0.303685,,1.07628e-05,-0.0177944
6.25,7.24512,,999.938,0.18124,-243.87,,2.13269e-07,-0.305519,,2.32504e-05,-0.0876837
6.25,7.74504,,999.91,-0.03506,-353.501,,1.05499e-06,-0.311829,,8.5767e-05,-0.399274
6.75,0.245439,,1002.86,164.267,10652.6,,4.69192e-06,-0.267491,,0.000525246,3.30634
6.75,0.745739,,1001.19,73.3666,4400.64,,-1.05003e-05,-0.232382,,-0.00116891,6.36085
6.75,1.24556,,1000.34,36.6461,1187.45,,-8.56104e-06,-0.254212,,-0.000945095,4.37362
6.75,1.7453,,1000.22,31.9044,728.31,,-3.25045e-06,-0.284416,,-0.000377179,1.83595
6.75,2.24518,,1000.1,17.949,313.341,,-1.17078e-06,-0.297211,,-0.000172148,0.829157
6.75,2.74515,,999.991,5.89004,-57.2949,,-6.31226e-07,-0.300617,,-0.000108296,0.504312
6.75,3.24514,,999.947,0.918947,-210.747,,-3.2264e-07,-0.302363,,-5.60481e-05,0.26108
6.75,3.74514,,999.934,-0.834416,-257.346,,-1.27406e-07,-0.303443,,-2.15085e-05,0.103434
6.75,4.24514,,999.928,-1.70739,-275.347,,-4.48837e-08,-0.303878,,-6.51745e-06,0.0384586
6.75,4.74513,,999.926,-2.11794,-283.511,,-1.8871e-08,-0.304003,,-1.26032e-06,0.0173277
6.75,5.24513,,999.924,-2.27716,-288.923,,-1.26056e-09,-0.30409,,2.0077e-06,0.00348264
6.75,5.74513,,999.922,-2.44328,-295.88,,3.21563e-08,-0.304275,,7.75405e-06,-0.0246756
6.75,6.24514,,999.927,-2.07718,-276.974,,3.00691e-08,-0.304205,,1.12848e-05,-0.0441706
6.75,6.74514,,999.947,-0.294239,-206.349,,-3.58506e-08,-0.303685,,6.0011e-06,-0.0177954
6.75,7.24512,,999.938,0.181183,-243.871,,1.92506e-07,-0.305519,,1.95602e-05,-0.0876853
6.75,7.74504,,999.91,-0.0350981,-353.502,,1.04182e-06,-0.311829,,8.34797e-05,-0.399276
7.25,0.245439,,1002.86,164.267,10652.6,,4.72105e-06,-0.267491,,0.000532141,3.30634
7.25,0.745739,,1001.19,73.3667,4400.64,,-1.04641e-05,-0.232382,,-0.00116036,6.36084
7.25,1.24556,,1000.34,36.6462,1187.46,,-8.52602e-06,-0.254212,,-0.000936726,4.37362
7.25,1.7453,,1000.22,31.9045,728.312,,-3.22245e-06,-0.284416,,-0.000370339,1.83595
7.25,2.24518,,1000.1,17.9491,313.342,,-1.15223e-06,-0.297211,,-0.000167449,0.829158
7.25,2.74515,,999.991,5.8901,-57.2943,,-6.22034e-07,-0.300617,,-0.000105782,0.504314
7.25,3.24514,,999.947,0.918967,-210.747,,-3.21264e-07,-0.302363,,-5.5408e-05,0.261081
7.25,3.74514,,999.934,-0.834422,-257.346,,-1.31782e-07,-0.303443,,-2.22749e-05,0.103435
7.25,4.24514,,999.928,-1.70742,-275.347,,-5.3008e-08,-0.303878,,-8.20734e-06,0.0384593
7.25,4.74513,,999.926,-2.11798,-283.512,,-2.90749e-08,-0.304003,,-3.45561e-06,0.017328
7.25,5.24513,,999.924,-2.27719,-288.924,,-1.22897e-08,-0.30409,,-3.69863e-07,0.00348274
7.25,5.74513,,999.922,-2.44332,-295.881,,2.12013e-08,-0.304275,,5.42757e-06,-0.0246757
7.25,6.24514,,999.927,-2.07722,-276.975,,1.98556e-08,-0.304205,,9.17281e-06,-0.0441709
7.25,6.74514,,999.947,-0.294269,-206.349,,-4.47767e-08,-0.303685,,4.21437e-06,-0.0177958
7.25,7.24512,,999.938,0.18116,-243.872,,1.85479e-07,-0.305519,,1.81952e-05,-0.0876859
7.25,7.74504,,999.91,-0.0351138,-353.502,,1.03743e-06,-0.311829,,8.26427e-05,-0.399277
7.75,0.245439,,1002.86,164.267,10652.6,,4.72967e-06,-0.267491,,0.000534312,3.30634
7.75,0.745739,,1001.19,73.3668,4400.64,,-1.04532e-05,-0.232382,,-0.00115762,6.36084
7.75,1.24556,,1000.34,36.6463,1187.46,,-8.51515e-06,-0.254212,,-0.000933969,4.37362
7.75,1.7453,,1000.22,31.9045,728.312,,-3.21344e-06,-0.284416,,-0.00036802,1.83595
7.75,2.24518,,1000.1,17.9492,313.342,,-1.14601e-06,-0.297211,,-0.000165805,0.829159
7.75,2.74515,,999.991,5.89011,-57.2941,,-6.18769e-07,-0.300617,,-0.000104865,0.504314
7.75,3.24514,,999.947,0.918973,-210.747,,-3.20573e-07,-0.302363,,-5.51346e-05,0.261082
7.75,3.74514,,999.934,-0.834424,-257.347,,-1.33033e-07,-0.303443,,-2.24909e-05,0.103435
7.75,4.24514,,999.928,-1.70742,-275.347,,-5.55506e-08,-0.303878,,-8.74931e-06,0.0384595
7.75,4.74513,,999.926,-2.11799,-283.512,,-3.23686e-08,-0.304003,,-4.18509e-06,0.0173281
7.75,5.24513,,999.924,-2.2772,-288.924,,-1.59269e-08,-0.30409,,-1.18095e-06,0.00348278
7.75,5.74513,,999.922,-2.44333,-295.881,,1.7533e-08,-0.304275,,4.61552e-06,-0.0246757
7.75,6.24514,,999.927,-2.07723,-276.975,,1.64141e-08,-0.304205,,8.42306e-06,-0.0441709
7.75,6.74514,,999.947,-0.294279,-206.349,,-4.77743e-08,-0.303685,,3.57457e-06,-0.0177959
7.75,7.24512,,999.938,0.181151,-243.872,,1.83141e-07,-0.305519,,1.77057e-05,-0.0876861
7.75,7.74504,,999.91,-0.0351196,-353.502,,1.03598e-06,-0.311829,,8.23428e-05,-0.399277
8.25,0.245439,,1002.86,164.267,10652.6,,4.73224e-06,-0.267491,,0.000534984,3.30634
8.25,0.745739,,1001.19,73.3668,4400.64,,-1.04499e-05,-0.232382,,-0.00115675,6.36084
8.25,1.24556,,1000.34,36.6463,1187.46,,-8.5118e-06,-0.254212,,-0.000933093,4.37362
8.25,1.7453,,1000.22,31.9045,728.312,,-3.21062e-06,-0.284416,,-0.000367274,1.83595
8.25,2.24518,,1000.1,17.9492,313.343,,-1.14403e-06,-0.297211,,-0.00016527,0.829159
8.25,2.74515,,999.991,5.89012,-57.2941,,-6.17688e-07,-0.300617,,-0.000104561,0.504315
8.25,3.24514,,999.947,0.918974,-210.747,,-3.20285e-07,-0.302363,,-5.50339e-05,0.261082
8.25,3.74514,,999.934,-0.834425,-257.347,,-1.33346e-07,-0.303443,,-2.25456e-05,0.103436
8.25,4.24514,,999.928,-1.70743,-275.348,,-5.62677e-08,-0.303878,,-8.90916e-06,0.0384595
8.25,4.74513,,999.926,-2.11799,-283.512,,-3.3333e-08,-0.304003,,-4.40862e-06,0.0173282
8.25,5.24513,,999.924,-2.27721,-288.924,,-1.70225e-08,-0.30409,,-1.43688e-06,0.0034828
8.25,5.74513,,999.922,-2.44334,-295.881,,1.63979e-08,-0.304275,,4.35175e-06,-0.0246757
8.25,6.24514,,999.927,-2.07724,-276.975,,1.53233e-08,-0.304205,,8.17255e-06,-0.044171
8.25,6.74514,,999.947,-0.294283,-206.349,,-4.8742e-08,-0.303685,,3.35546e-06,-0.0177959
8.25,7.24512,,999.938,0.181148,-243.872,,1.82378e-07,-0.305519,,1.7535e-05,-0.0876861
8.25,7.74504,,999.91,-0.0351217,-353.502,,1.03551e-06,-0.311829,,8.22372e-05,-0.399277
8.75,0.245439,,1002.86,164.267,10652.6,,4.73296e-06,-0.267491,,0.000535177,3.30634
8.75,0.745739,,1001.19,73.3668,4400.64,,-1.0449e-05,-0.232382,,-0.0011565,6.36084
8.75,1.24556,,1000.34,36.6463,1187.46,,-8.51085e-06,-0.254212,,-0.000932837,4.37362
8.75,1.7453,,1000.22,31.9046,728.313,,-3.20981e-06,-0.284416,,-0.000367055,1.83595
8.75,2.24518,,1000.1,17.9492,313.343,,-1.14346e-06,-0.297211,,-0.000165112,0.829159
8.75,2.74515,,999.991,5.89012,-57.294,,-6.17374e-07,-0.300617,,-0.00010447,0.504315
8.75,3.24514,,999.947,0.918975,-210.747,,-3.20199e-07,-0.302363,,-5.50039e-05,0.261082
8.75,3.74514,,999.934,-0.834425,-257.347,,-1.33434e-07,-0.303443,,-2.25625e-05,0.103436
8.75,4.24514,,999.928,-1.70743,-275.348,,-5.6476e-08,-0.303878,,-8.95882e-06,0.0384596
8.75,4.74513,,999.926,-2.11799,-283.512,,-3.3618e-08,-0.304003,,-4.47891e-06,0.0173282
8.75,5.24513,,999.924,-2.27721,-288.924,,-1.73509e-08,-0.30409,,-1.51831e-06,0.00348281
8.75,5.74513,,999.922,-2.44334,-295.881,,1.60533e-08,-0.304275,,4.26681e-06,-0.0246757
8.75,6.24514,,999.927,-2.07724,-276.975,,1.49877e-08,-0.304205,,8.09085e-06,-0.044171
8.75,6.74514,,999.947,-0.294284,-206.349,,-4.90434e-08,-0.303685,,3.28306e-06,-0.0177959
8.75,7.24512,,999.938,0.181147,-243.872,,1.82138e-07,-0.305519,,1.7478e-05,-0.0876861
8.75,7.74504,,999.91,-0.0351223,-353.502,,1.03536e-06,-0.311829,,8.22018e-05,-0.399277
9.25,0.245439,,1002.86,164.267,10652.6,,4.73315e-06,-0.267491,,0.000535231,3.30634
9.25,0.745739,,1001.19,73.3668,4400.64,,-1.04487e-05,-0.232382,,-0.00115643,6.36084
9.25,1.24556,,1000.34,36.6463,1187.46,,-8.5106e-06,-0.254212,,-0.000932766,4.37362
9.25,1.7453,,1000.22,31.9046,728.313,,-3.20959e-06,-0.284416,,-0.000366993,1.83595
9.25,2.24518,,1000.1,17.9492,313.343,,-1.1433e-06,-0.297211,,-0.000165067,0.829159
9.25,2.74515,,999.991,5.89012,-57.294,,-6.17288e-07,-0.300617,,-0.000104444,0.504315
9.25,3.24514,,999.947,0.918975,-210.747,,-3.20176e-07,-0.302363,,-5.49954e-05,0.261082
9.25,3.74514,,999.934,-0.834425,-257.347,,-1.33461e-07,-0.303443,,-2.25683e-05,0.103436
9.25,4.24514,,999.928,-1.70743,-275.348,,-5.654e-08,-0.303878,,-8.97491e-06,0.0384596
9.25,4.74513,,999.926,-2.11799,-283.512,,-3.37056e-08,-0.304003,,-4.50168e-06,0.0173282
9.25,5.24513,,999.924,-2.27721,-288.924,,-1.74518e-08,-0.30409,,-1.5447e-06,0.00348281
9.25,5.74513,,999.922,-2.44334,-295.881,,1.59477e-08,-0.304275,,4.23935e-06,-0.0246757
9.25,6.24514,,999.927,-2.07724,-276.975,,1.48853e-08,-0.304205,,8.0645e-06,-0.044171
9.25,6.74514,,999.947,-0.294285,-206.349,,-4.91351e-08,-0.303685,,3.25978e-06,-0.0177959
9.25,7.24512,,999.938,0.181147,-243.872,,1.82065e-07,-0.305519,,1.74597e-05,-0.0876861
9.25,7.74504,,999.91,-0.0351225,-353.502,,1.03531e-06,-0.311829,,8.21905e-05,-0.399277
9.75,0.245439,,1002.86,164.267,10652.6,,4.7332e-06,-0.267491,,0.000535245,3.30634
9.75,0.745739,,1001.19,73.3668,4400.64,,-1.04486e-05,-0.232382,,-0.00115641,6.36084
9.75,1.24556,,1000.34,36.6463,1187.46,,-8.51053e-06,-0.254212,,-0.000932746,4.37362
9.75,1.7453,,1000.22,31.9046,728.313,,-3.20954e-06,-0.284416,,-0.000366976,1.83595
9.75,2.24518,,1000.1,17.9492,313.343,,-1.14326e-06,-0.297211,,-0.000165054,0.829159
9.75,2.74515,,999.991,5.89012,-57.294,,-6.17264e-07,-0.300617,,-0.000104436,0.504315
9.75,3.24514,,999.947,0.918975,-210.747,,-3.20169e-07,-0.302363,,-5.49928e-05,0.261082
9.75,3.74514,,999.934,-0.834425,-257.347,,-1.33469e-07,-0.303443,,-2.257e-05,0.103436
9.75,4.24514,,999.928,-1.70743,-275.348,,-5.6559e-08,-0.303878,,-8.97985e-06,0.0384596
9.75,4.74513,,999.926,-2.11799,-283.512,,-3.3732e-08,-0.304003,,-4.50877e-06,0.0173282
9.75,5.24513,,999.924,-2.27721,-288.924,,-1.74823e-08,-0.30409,,-1.55298e-06,0.00348281
9.75,5.74513,,999.922,-2.44334,-295.881,,1.59158e-08,-0.304275,,4.23071e-06,-0.0246757
9.75,6.24514,,999.927,-2.07724,-276.975,,1.48545e-08,-0.304205,,8.05624e-06,-0.044171
9.75,6.74514,,999.947,-0.294285,-206.349,,-4.91624e-08,-0.303685,,3.2525e-06,-0.0177959
9.75,7.24512,,999.938,0.181147,-243.872,,1.82044e-07,-0.305519,,1.74541e-05,-0.0876861
9.75,7.74504,,999.91,-0.0351226,-353.502,,1.0353e-06,-0.311829,,8.21869e-05,-0.399277
10.25,0.245439,,1002.86,164.267,10652.6,,4.73321e-06,-0.267491,,0.000535249,3.30634
10.25,0.745739,,1001.19,73.3668,4400.64,,-1.04486e-05,-0.232382,,-0.00115641,6.36084
10.25,1.24556,,1000.34,36.6463,1187.46,,-8.51051e-06,-0.254212,,-0.00093274,4.37362
10.25,1.7453,,1000.22,31.9046,728.313,,-3.20952e-06,-0.284416,,-0.000366971,1.83595
10.25,2.24518,,1000.1,17.9492,313.343,,-1.14325e-06,-0.297211,,-0.00016505,0.829159
10.25,2.74515,,999.991,5.89012,-57.294,,-6.17256e-07,-0.300617,,-0.000104434,0.504315
10.25,3.24514,,999.947,0.918975,-210.747,,-3.20167e-07,-0.302363,,-5.49919e-05,0.261082
10.25,3.74514,,999.934,-0.834425,-257.347,,-1.33471e-07,-0.303443,,-2.25704e-05,0.103436
10.25,4.24514,,999.928,-1.70743,-275.348,,-5.65642e-08,-0.303878,,-8.98125e-06,0.0384596
10.25,4.74513,,999.926,-2.11799,-283.512,,-3.37394e-08,-0.304003,,-4.51085e-06,0.0173282
10.25,5.24513,,999.924,-2.27721,-288.924,,-1.74911e-08,-0.30409,,-1.55544e-06,0.00348281
10.25,5.74513,,999.922,-2.44334,-295.881,,1.59066e-08,-0.304275,,4.22813e-06,-0.0246757
10.25,6.24514,,999.927,-2.07724,-276.975,,1.48456e-08,-0.304205,,8.05375e-06,-0.044171
10.25,6.74514,,999.947,-0.294285,-206.349,,-4.91704e-08,-0.303685,,3.2503e-06,-0.0177959
10.25,7.24512,,999.938,0.181147,-243.872,,1.82037e-07,-0.305519,,1.74523e-05,-0.0876861
10.25,7.74504,,999.91,-0.0351226,-353.502,,1.03529e-06,-0.311829,,8.21859e-05,-0.399277
10.75,0.245439,,1002.86,164.267,10652.6,,4.73322e-06,-0.267491,,0.000535251,3.30634
10.75,0.745739,,1001.19,73.3668,4400.64,,-1.04486e-05,-0.232382,,-0.00115641,6.36084
10.75,1.24556,,1000.34,36.6463,1187.46,,-8.51051e-06,-0.254212,,-0.000932738,4.37362
10.75,1.7453,,1000.22,31.9046,728.313,,-3.20951e-06,-0.284416,,-0.000366969,1.83595
10.75,2.24518,,1000.1,17.9492,313.343,,-1.14325e-06,-0.297211,,-0.000165049,0.829159
10.75,2.74515,,999.991,5.89012,-57.294,,-6.17254e-07,-0.300617,,-0.000104433,0.504315
10.75,3.24514,,999.947,0.918975,-210.747,,-3.20166e-07,-0.302363,,-5.49917e-05,0.261082
10.75,3.74514,,999.934,-0.834425,-257.347,,-1.33472e-07,-0.303443,,-2.25705e-05,0.103436
10.75,4.24514,,999.928,-1.70743,-275.348,,-5.65656e-08,-0.303878,,-8.98165e-06,0.0384596
10.75,4.74513,,999.926,-2.11799,-283.512,,-3.37415e-08,-0.304003,,-4.51144e-06,0.0173282
10.75,5.24513,,999.924,-2.27721,-288.924,,-1.74935e-08,-0.30409,,-1.55614e-06,0.00348281
10.75,5.74513,,999.922,-2.44334,-295.881,,1.5904e-08,-0.304275,,4.22738e-06,-0.0246757
10.75,6.24514,,999.927,-2.07724,-276.975,,1.48431e-08,-0.304205,,8.05302e-06,-0.044171
10.75,6.74514,,999.947,-0.294285,-206.349,,-4.91726e-08,-0.303685,,3.24965e-06,-0.0177959
10.75,7.24512,,999.938,0.181147,-243.872,,1.82036e-07,-0.305519,,1.74518e-05,-0.0876861
10.75,7.74504,,999.91,-0.0351226,-353.502,,1.03529e-06,-0.311829,,8.21856e-05,-0.399277
11.25,0.245439,,1002.86,164.267,10652.6,,4.73322e-06,-0.267491,,0.000535251,3.30634
11.25,0.745739,,1001.19,73.3668,4400.64,,-1.04486e-05,-0.232382,,-0.00115641,6.36084
11.25,1.24556,,1000.34,36.6463,1187.46,,-8.5105e-06,-0.254212,,-0.000932738,4.37362
11.25,1.7453,,1000.22,31.9046,728.313,,-3.20951e-06,-0.284416,,-0.000366969,1.83595
11.25,2.24518,,1000.1,17.9492,313.343,,-1.14324e-06,-0.297211,,-0.000165049,0.829159
11.25,2.74515,,999.991,5.89012,-57.294,,-6.17254e-07,-0.300617,,-0.000104433,0.504315
11.25,3.24514,,999.947,0.918975,-210.747,,-3.20166e-07,-0.302363,,-5.49916e-05,0.261082
11.25,3.74514,,999.934,-0.834425,-257.347,,-1.33472e-07,-0.303443,,-2.25705e-05,0.103436
11.25,4.24514,,999.928,-1.70743,-275.348,,-5.6566e-08,-0.303878,,-8.98176e-06,0.0384596
11.25,4.74513,,999.926,-2.11799,-283.512,,-3.3742e-08,-0.304003,,-4.51161e-06,0.0173282
11.25,5.24513,,999.924,-2.27721,-288.924,,-1.74942e-08,-0.30409,,-1.55634e-06,0.00348281
11.25,5.74513,,999.922,-2.44334,-295.881,,1.59033e-08,-0.304275,,4.22716e-06,-0.0246757
11.25,6.24514,,999.927,-2.07724,-276.975,,1.48424e-08,-0.304205,,8.05281e-06,-0.044171
11.25,6.74514,,999.947,-0.294285,-206.349,,-4.91732e-08,-0.303685,,3.24947e-06,-0.0177959
11.25,7.24512,,999.938,0.181147,-243.872,,1.82035e-07,-0.305519,,1.74517e-05,-0.0876861
11.25,7.74504,,999.91,-0.0351226,-353.502,,1.03529e-06,-0.311829,,8.21855e-05,-0.399277
11.75,0.245439,,1002.86,164.267,10652.6,,4.73322e-06,-0.267491,,0.000535251,3.30634
11.75,0.745739,,1001.19,73.3668,4400.64,,-1.04486e-05,-0.232382,,-0.00115641,6.36084
11.75,1.24556,,1000.34,36.6463,1187.46,,-8.5105e-06,-0.254212,,-0.000932738,4.37362
11.75,1.7453,,1000.22,31.9046,728.313,,-3.20951e-06,-0.284416,,-0.000366969,1.83595
11.75,2.24518,,1000.1,17.9492,313.343,,-1.14324e-06,-0.297211,,-0.000165049,0.829159
11.75,2.74515,,999.991,5.89012,-57.294,,-6.17254e-07,-0.300617,,-0.000104433,0.504315
11.75,3.24514,,999.947,0.918975,-210.747,,-3.20166e-07,-0.302363,,-5.49916e-05,0.261082
11.75,3.74514,,999.934,-0.834425,-257.347,,-1.33472e-07,-0.303443,,-2.25705e-05,0.103436
11.75,4.24514,,999.928,-1.70743,-275.348,,-5.65661e-08,-0.303878,,-8.98179e-06,0.0384596
11.75,4.74513,,999.926,-2.11799,-283.512,,-3.37422e-08,-0.304003,,-4.51165e-06,0.0173282
11.75,5.24513,,999.924,-2.27721,-288.924,,-1.74943e-08,-0.30409,,-1.5564e-06,0.00348281
11.75,5.74513,,999.922,-2.44334,-295.881,,1.59031e-08,-0.304275,,4.2271e-06,-0.0246757
11.75,6.24514,,999.927,-2.07724,-276.975,,1.48422e-08,-0.304205,,8.05275e-06,-0.044171
11.75,6.74514,,999.947,-0.294285,-206.349,,-4.91734e-08,-0.303685,,3.24941e-06,-0.0177959
11.75,7.24512,,999.938,0.181147,-243.872,,1.82035e-07,-0.305519,,1.74516e-05,-0.0876861
11.75,7.74504,,999.91,-0.0351226,-353.502,,1.03529e-06,-0.311829,,8.21855e-05,-0.399277
12.25,0.245439,,1002.86,164.267,10652.6,,4.73322e-06,-0.267491,,0.000535251,3.30634
12.25,0.745739,,1001.19,73.3668,4400.64,,-1.04486e-05,-0.232382,,-0.00115641,6.36084
12.25,1.24556,,1000.34,36.6463,1187.46,,-8.5105e-06,-0.254212,,-0.000932738,4.37362
12.25,1.7453,,1000.22,31.9046,728.313,,-3.20951e-06,-0.284416,,-0.000366969,1.83595
12.25,2.24518,,1000.1,17.9492,313.343,,-1.14324e-06,-0.297211,,-0.000165049,0.829159
12.25,2.74515,,999.991,5.89012,-57.294,,-6.17254e-07,-0.300617,,-0.000104433,0.504315
12.25,3.24514,,999.947,0.918975,-210.747,,-3.20166e-07,-0.302363,,-5.49916e-05,0.261082
12.25,3.74514,,999.934,-0.834425,-257.347,,-1.33472e-07,-0.303443,,-2.25705e-05,0.103436
12.25,4.24514,,999.928,-1.70743,-275.348,,-5.65661e-08,-0.303878,,-8.9818e-06,0.0384596
12.25,4.74513,,999.926,-2.11799,-283.512,,-3.37422e-08,-0.304003,,-4.51167e-06,0.0173282
12.25,5.24513,,999.924,-2.27721,-288.924,,-1.74944e-08,-0.30409,,-1.55642e-06,0.00348281
12.25,5.74513,,999.922,-2.44334,-295.881,,1.5903e-08,-0.304275,,4.22709e-06,-0.0246757
12.25,6.24514,,999.927,-2.07724,-276.975,,1.48421e-08,-0.304205,,8.05273e-06,-0.044171
12.25,6.74514,,999.947,-0.294285,-206.349,,-4.91735e-08,-0.303685,,3.2494e-06,-0.0177959
12.25,7.24512,,999.938,0.181147,-243.872,,1.82035e-07,-0.305519,,1.74516e-05,-0.0876861
12.25,7.74504,,999.91,-0.0351226,-353.502,,1.03529e-06,-0.311829,,8.21854e-05,-0.399277
12.75,0.245439,,1002.86,164.267,10652.6,,4.73322e-06,-0.267491,,0.000535251,3.30634
12.75,0.745739,,1001.19,73.3668,4400.64,,-1.04486e-05,-0.232382,,-0.00115641,6.36084
12.75,1.24556,,1000.34,36.6463,1187.46,,-8.5105e-06,-0.254212,,-0.000932738,4.37362
12.75,1.7453,,1000.22,31.9046,728.313,,-3.20951e-06,-0.284416,,-0.000366969,1.83595
12.75,2.24518,,1000.1,17.9492,313.343,,-1.14324e-06,-0.297211,,-0.000165049,0.829159
12.75,2.74515,,999.991,5.89012,-57.294,,-6.17254e-07,-0.300617,,-0.000104433,0.504315
12.75,3.24514,,999.947,0.918975,-210.747,,-3.20166e-07,-0.302363,,-5.49916e-05,0.261082
12.75,3.74514,,999.934,-0.834425,-257.347,,-1.33472e-07,-0.303443,,-2.25705e-05,0.103436
12.75,4.24514,,999.928,-1.70743,-275.348,,-5.65661e-08,-0.303878,,-8.9818e-06,0.0384596
12.75,4.74513,,999.926,-2.11799,-283.512,,-3.37422e-08,-0.304003,,-4.51167e-06,0.0173282
12.75,5.24513,,999.924,-2.27721,-288.924,,-1.74944e-08,-0.30409,,-1.55642e-06,0.00348281
12.75,5.74513,,999.922,-2.44334,-295.881,,1.5903e-08,-0.304275,,4.22708e-06,-0.0246757
12.75,6.24514,,999.927,-2.07724,-276.975,,1.48421e-08,-0.304205,,8.05273e-06,-0.044171
12.75,6.74514,,999.947,-0.294285,-206.349,,-4.91735e-08,-0.303685,,3.24939e-06,-0.0177959
12.75,7.24512,,999.938,0.181147,-243.872,,1.82035e-07,-0.305519,,1.74516e-05,-0.0876861
12.75,7.74504,,999.91,-0.0351226,-353.502,,1.03529e-06,-0.311829,,8.21854e-05,-0.399277
13.25,0.245439,,1002.86,164.267,10652.6,,4.73322e-06,-0.267491,,0.000535251,3.30634
13.25,0.745739,,1001.19,73.3668,4400.64,,-1.04486e-05,-0.232382,,-0.00115641,6.36084
13.25,1.24556,,1000.34,36.6463,1187.46,,-8.5105e-06,-0.254212,,-0.000932738,4.37362
13.25,1.7453,,1000.22,31.9046,728.313,,-3.20951e-06,-0.284416,,-0.000366969,1.83595
13.25,2.24518,,1000.1,17.9492,313.343,,-1.14324e-06,-0.297211,,-0.000165049,0.829159
13.25,2.74515,,999.991,5.89012,-57.294,,-6.17253e-07,-0.300617,,-0.000104433,0.504315
13.25,3.24514,,999.947,0.918975,-210.747,,-3.20166e-07,-0.302363,,-5.49916e-05,0.261082
13.25,3.74514,,999.934,-0.834425,-257.347,,-1.33472e-07,-0.303443,,-2.25705e-05,0.103436
13.25,4.24514,,999.928,-1.70743,-275.348,,-5.65661e-08,-0.303878,,-8.9818e-06,0.0384596
13.25,4.74513,,999.926,-2.11799,-283.512,,-3.37422e-08,-0.304003,,-4.51167e-06,0.0173282
13.25,5.24513,,999.924,-2.27721,-288.924,,-1.74944e-08,-0.30409,,-1.55642e-06,0.00348281
13.25,5.74513,,999.922,-2.44334,-295.881,,1.5903e-08,-0.304275,,4.22708e-06,-0.0246757
13.25,6.24514,,999.927,-2.07724,-276.975,,1.48421e-08,-0.304205,,8.05273e-06,-0.044171
13.25,6.74514,,999.947,-0.294285,-206.349,,-4.91735e-08,-0.303685,,3.24939e-06,-0.0177959
13.25,7.24512,,999.938,0.181147,-243.872,,1.82035e-07,-0.305519,,1.74516e-05,-0.0876861
13.25,7.74504,,999.91,-0.0351226,-353.502,,1.03529e-06,-0.311829,,8.21854e-05,-0.399277
13.75,0.245439,,1002.86,164.267,10652.6,,4.73322e-06,-0.267491,,0.000535251,3.30634
13.75,0.745739,,1001.19,73.3668,4400.64,,-1.04486e-05,-0.232382,,-0.00115641,6.36084
13.75,1.24556,,1000.34,36.6463,1187.46,,-8.5105e-06,-0.254212,,-0.000932738,4.37362
13.75,1.7453,,1000.22,31.9046,728.313,,-3.20951e-06,-0.284416,,-0.000366969,1.83595
13.75,2.24518,,1000.1,17.9492,313.343,,-1.14324e-06,-0.297211,,-0.000165049,0.829159
13.75,2.74515,,999.991,5.89012,-57.294,,-6.17253e-07,-0.300617,,-0.000104433,0.504315
13.75,3.24514,,999.947,0.918975,-210.747,,-3.20166e-07,-0.302363,,-5.49916e-05,0.261082
13.75,3.74514,,999.934,-0.834425,-257.347,,-1.33472e-07,-0.303443,,-2.25705e-05,0.103436
13.75,4.24514,,999.928,-1.70743,-275.348,,-5.65662e-08,-0.303878,,-8.98181e-06,0.0384596
13.75,4.74513,,999.926,-2.11799,-283.512,,-3.37422e-08,-0.304003,,-4.51168e-06,0.0173282
13.75,5.24513,,999.924,-2.27721,-288.924,,-1.74944e-08,-0.30409,,-1.55643e-06,0.00348281
13.75,5.74513,,999.922,-2.44334,-295.881,,1.5903e-08,-0.304275,,4.22707e-06,-0.0246757
13.75,6.24514,,999.927,-2.07724,-276.975,,1.48421e-08,-0.304205,,8.05272e-06,-0.044171
13.75,6.74514,,999.947,-0.294285,-206.349,,-4.91735e-08,-0.303685,,3.24939e-06,-0.0177959
13.75,7.24512,,999.938,0.181147,-243.872,,1.82035e-07,-0.305519,,1.74516e-05,-0.0876861
13.75,7.74504,,999.91,-0.0351226,-353.502,,1.03529e-06,-0.311829,,8.21854e-05,-0.399277
14.25,0.245439,,1002.86,164.267,10652.6,,4.73322e-06,-0.267491,,0.000535251,3.30634
14.25,0.745739,,1001.19,73.3668,4400.64,,-1.04486e-05,-0.232382,,-0.00115641,6.36084
14.25,1.24556,,1000.34,36.6463,1187.46,,-8.5105e-06,-0.254212,,-0.000932738,4.37362
14.25,1.7453,,1000.22,31.9046,728.313,,-3.20951e-06,-0.284416,,-0.000366968,1.83595
14.25,2.24518,,1000.1,17.9492,313.343,,-1.14324e-06,-0.297211,,-0.000165049,0.829159
14.25,2.74515,,999.991,5.89012,-57.294,,-6.17253e-07,-0.300617,,-0.000104433,0.504315
14.25,3.24514,,999.947,0.918975,-210.747,,-3.20166e-07,-0.302363,,-5.49916e-05,0.261082
14.25,3.74514,,999.934,-0.834425,-257.347,,-1.33472e-07,-0.303443,,-2.25706e-05,0.103436
14.25,4.24514,,999.928,-1.70743,-275.348,,-5.65662e-08,-0.303878,,-8.98183e-06,0.0384596
14.25,4.74513,,999.926,-2.11799,-283.512,,-3.37423e-08,-0.304003,,-4.5117e-06,0.0173282
14.25,5.24513,,999.924,-2.27721,-288.924,,-1.74945e-08,-0.30409,,-1.55645e-06,0.00348281
14.25,5.74513,,999.922,-2.44334,-295.881,,1.59029e-08,-0.304275,,4.22705e-06,-0.0246757
14.25,6.24514,,999.927,-2.07724,-276.975,,1.4842e-08,-0.304205,,8.0527e-06,-0.044171
14.25,6.74514,,999.947,-0.294285,-206.349,,-4.91735e-08,-0.303685,,3.24937e-06,-0.0177959
14.25,7.24512,,999.938,0.181147,-243.872,,1.82035e-07,-0.305519,,1.74516e-05,-0.0876861
14.25,7.74504,,999.91,-0.0351226,-353.502,,1.03529e-06,-0.311829,,8.21854e-05,-0.399277
14.75,0.245439,,1002.86,164.267,10652.6,,4.73322e-06,-0.267491,,0.000535251,3.30634
14.75,0.745739,,1001.19,73.3668,4400.64,,-1.04486e-05,-0.232382,,-0.00115641,6.36084
14.75,1.24556,,1000.34,36.6463,1187.46,,-8.5105e-06,-0.254212,,-0.000932737,4.37362
14.75,1.7453,,1000.22,31.9046,728.313,,-3.20951e-06,-0.284416,,-0.000366968,1.83595
14.75,2.24518,,1000.1,17.9492,313.343,,-1.14324e-06,-0.297211,,-0.000165049,0.829159
14.75,2.74515,,999.991,5.89012,-57.294,,-6.17253e-07,-0.300617,,-0.000104433,0.504315
14.75,3.24514,,999.947,0.918975,-210.747,,-3.20166e-07,-0.302363,,-5.49916e-05,0.261082
14.75,3.74514,,999.934,-0.834425,-257.347,,-1.33472e-07,-0.303443,,-2.25706e-05,0.103436
14.75,4.24514,,999.928,-1.70743,-275.348,,-5.65665e-08,-0.303878,,-8.98191e-06,0.0384596
14.75,4.74513,,999.926,-2.11799,-283.512,,-3.37426e-08,-0.304003,,-4.5118e-06,0.0173282
14.75,5.24513,,999.924,-2.27721,-288.924,,-1.74948e-08,-0.30409,,-1.55656e-06,0.00348281
14.75,5.74513,,999.922,-2.44334,-295.881,,1.59026e-08,-0.304275,,4.22695e-06,-0.0246757
14.75,6.24514,,999.927,-2.07724,-276.975,,1.48418e-08,-0.304205,,8.05261e-06,-0.044171
14.75,6.74514,,999.947,-0.294285,-206.349,,-4.91738e-08,-0.303685,,3.2493e-06,-0.0177959
14.75,7.24512,,999.938,0.181147,-243.872,,1.82035e-07,-0.305519,,1.74515e-05,-0.0876861
14.75,7.74504,,999.91,-0.0351226,-353.502,,1.03529e-06,-0.311829,,8.21854e-05,-0.399277
15.25,0.245439,,1002.86,164.267,10652.6,,4.73322e-06,-0.267491,,0.000535252,3.30634
15.25,0.745739,,1001.19,73.3668,4400.64,,-1.04486e-05,-0.232382,,-0.00115641,6.36084
15.25,1.24556,,1000.34,36.6463,1187.46,,-8.5105e-06,-0.254212,,-0.000932736,4.37362
15.25,1.7453,,1000.22,31.9046,728.313,,-3.20951e-06,-0.284416,,-0.000366967,1.83595
15.25,2.24518,,1000.1,17.9492,313.343,,-1.14324e-06,-0.297211,,-0.000165048,0.829159
15.25,2.74515,,999.991,5.89012,-57.294,,-6.17252e-07,-0.300617,,-0.000104433,0.504315
15.25,3.24514,,999.947,0.918975,-210.747,,-3.20166e-07,-0.302363,,-5.49915e-05,0.261082
15.25,3.74514,,999.934,-0.834425,-257.347,,-1.33473e-07,-0.303443,,-2.25708e-05,0.103436
15.25,4.24514,,999.928,-1.70743,-275.348,,-5.65676e-08,-0.303878,,-8.98225e-06,0.0384596
15.25,4.74513,,999.926,-2.11799,-283.512,,-3.3744e-08,-0.304003,,-4.51223e-06,0.0173282
15.25,5.24513,,999.924,-2.27721,-288.924,,-1.74962e-08,-0.30409,,-1.55701e-06,0.00348281
15.25,5.74513,,999.922,-2.44334,-295.881,,1.59013e-08,-0.304275,,4.22652e-06,-0.0246757
15.25,6.24514,,999.927,-2.07724,-276.975,,1.48406e-08,-0.304205,,8.05223e-06,-0.044171
15.25,6.74514,,999.947,-0.294285,-206.349,,-4.91747e-08,-0.303685,,3.249e-06,-0.0177959
15.25,7.24512,,999.938,0.181147,-243.872,,1.82034e-07,-0.305519,,1.74513e-05,-0.0876861
15.25,7.74504,,999.91,-0.0351226,-353.502,,1.03529e-06,-0.311829,,8.21853e-05,-0.399277
15.75,0.245439,,1002.86,164.267,10652.6,,4.73323e-06,-0.267491,,0.000535256,3.30634
15.75,0.745739,,1001.19,73.3668,4400.64,,-1.04486e-05,-0.232382,,-0.0011564,6.36084
15.75,1.24556,,1000.34,36.6463,1187.46,,-8.51048e-06,-0.254212,,-0.000932732,4.37362
15.75,1.7453,,1000.22,31.9046,728.313,,-3.2095e-06,-0.284416,,-0.000366963,1.83595
15.75,2.24518,,1000.1,17.9492,313.343,,-1.14323e-06,-0.297211,,-0.000165045,0.829159
15.75,2.74515,,999.991,5.89012,-57.294,,-6.17249e-07,-0.300617,,-0.000104431,0.504315
15.75,3.24514,,999.947,0.918975,-210.747,,-3.20166e-07,-0.302363,,-5.49914e-05,0.261082
15.75,3.74514,,999.934,-0.834425,-257.347,,-1.33475e-07,-0.303443,,-2.25715e-05,0.103436
15.75,4.24514,,999.928,-1.70743,-275.348,,-5.65721e-08,-0.303878,,-8.9836e-06,0.0384596
15.75,4.74513,,999.926,-2.11799,-283.512,,-3.37494e-08,-0.304003,,-4.51389e-06,0.0173282
15.75,5.24513,,999.924,-2.27721,-288.924,,-1.75019e-08,-0.30409,,-1.55876e-06,0.00348281
15.75,5.74513,,999.922,-2.44334,-295.881,,1.58959e-08,-0.304275,,4.22486e-06,-0.0246757
15.75,6.24514,,999.927,-2.07724,-276.975,,1.48359e-08,-0.304205,,8.0508e-06,-0.044171
15.75,6.74514,,999.947,-0.294285,-206.349,,-4.91785e-08,-0.303685,,3.24785e-06,-0.0177959
15.75,7.24512,,999.938,0.181147,-243.872,,1.82031e-07,-0.305519,,1.74505e-05,-0.0876861
15.75,7.74504,,999.91,-0.0351226,-353.502,,1.03529e-06,-0.311829,,8.21848e-05,-0.399277
16.25,0.245439,,1002.86,164.267,10652.6,,4.73328e-06,-0.267491,,0.000535271,3.30634
16.25,0.745739,,1001.19,73.3668,4400.64,,-1.04485e-05,-0.232382,,-0.00115638,6.36084
16.25,1.24556,,1000.34,36.6463,1187.46,,-8.51042e-06,-0.254212,,-0.000932712,4.37362
16.25,1.7453,,1000.22,31.9046,728.313,,-3.20945e-06,-0.284416,,-0.000366947,1.83595
16.25,2.24518,,1000.1,17.9492,313.343,,-1.1432e-06,-0.297211,,-0.000165034,0.829159
16.25,2.74515,,999.991,5.89012,-57.294,,-6.17232e-07,-0.300617,,-0.000104426,0.504315
16.25,3.24514,,999.947,0.918975,-210.747,,-3.20165e-07,-0.302363,,-5.49905e-05,0.261082
16.25,3.74514,,999.934,-0.834425,-257.347,,-1.33485e-07,-0.303443,,-2.25742e-05,0.103436
16.25,4.24514,,999.928,-1.70743,-275.348,,-5.65891e-08,-0.303878,,-8.98847e-06,0.0384596
16.25,4.74513,,999.926,-2.11799,-283.512,,-3.37698e-08,-0.304003,,-4.51989e-06,0.0173282
16.25,5.24513,,999.924,-2.27721,-288.924,,-1.7523e-08,-0.30409,,-1.56501e-06,0.00348281
16.25,5.74513,,999.922,-2.44334,-295.881,,1.58761e-08,-0.304275,,4.219e-06,-0.0246757
16.25,6.24514,,999.927,-2.07724,-276.975,,1.48188e-08,-0.304205,,8.04576e-06,-0.044171
16.25,6.74514,,999.947,-0.294285,-206.349,,-4.9192e-08,-0.303685,,3.24389e-06,-0.0177959
16.25,7.24512,,999.938,0.181147,-243.872,,1.82022e-07,-0.305519,,1.74477e-05,-0.0876861
16.25,7.74504,,999.91,-0.0351226,-353.502,,1.03529e-06,-0.311829,,8.21832e-05,-0.399277
16.75,0.245439,,1002.86,164.267,10652.6,,4.7335e-06,-0.267491,,0.000535337,3.30634
16.75,0.745739,,1001.19,73.3668,4400.64,,-1.04483e-05,-0.232382,,-0.0011563,6.36084
16.75,1.24556,,1000.34,36.6463,1187.46,,-8.51015e-06,-0.254212,,-0.00093263,4.37362
16.75,1.7453,,1000.22,31.9046,728.313,,-3.20922e-06,-0.284416,,-0.00036688,1.83595
16.75,2.24518,,1000.1,17.9492,313.343,,-1.14305e-06,-0.297211,,-0.000164988,0.829159
16.75,2.74515,,999.991,5.89012,-57.294,,-6.1716e-07,-0.300617,,-0.000104402,0.504315
16.75,3.24514,,999.947,0.918975,-210.747,,-3.20156e-07,-0.302363,,-5.49859e-05,0.261082
16.75,3.74514,,999.934,-0.834425,-257.347,,-1.33523e-07,-0.303443,,-2.25831e-05,0.103436
16.75,4.24514,,999.928,-1.70743,-275.348,,-5.66537e-08,-0.303878,,-9.0057e-06,0.0384596
16.75,4.74513,,999.926,-2.11799,-283.512,,-3.38472e-08,-0.304003,,-4.5411e-06,0.0173282
16.75,5.24513,,999.924,-2.27721,-288.924,,-1.76023e-08,-0.30409,,-1.58694e-06,0.00348281
16.75,5.74513,,999.922,-2.44334,-295.881,,1.58027e-08,-0.304275,,4.1987e-06,-0.0246757
16.75,6.24514,,999.927,-2.07724,-276.975,,1.47566e-08,-0.304205,,8.02867e-06,-0.044171
16.75,6.74514,,999.947,-0.294285,-206.349,,-4.92401e-08,-0.303685,,3.2308e-06,-0.0177959
16.75,7.24512,,999.938,0.181147,-243.872,,1.81989e-07,-0.305519,,1.74388e-05,-0.0876861
16.75,7.74504,,999.91,-0.0351225,-353.502,,1.03527e-06,-0.311829,,8.21783e-05,-0.399277
17.25,0.245439,,1002.86,164.267,10652.6,,4.73438e-06,-0.267491,,0.000535589,3.30634
17.25,0.745739,,1001.19,73.3668,4400.64,,-1.04472e-05,-0.232382,,-0.00115599,6.36084
17.25,1.24556,,1000.34,36.6463,1187.46,,-8.50908e-06,-0.254212,,-0.000932321,4.37362
17.25,1.7453,,1000.22,31.9045,728.312,,-3.20836e-06,-0.284416,,-0.000366625,1.83595
17.25,2.24518,,1000.1,17.9492,313.343,,-1.14248e-06,-0.297211,,-0.000164816,0.829159
17.25,2.74515,,999.991,5.89012,-57.294,,-6.16892e-07,-0.300617,,-0.000104315,0.504315
17.25,3.24514,,999.947,0.918975,-210.747,,-3.2014e-07,-0.302363,,-5.497e-05,0.261082
17.25,3.74514,,999.934,-0.834424,-257.347,,-1.33685e-07,-0.303443,,-2.26186e-05,0.103436
17.25,4.24514,,999.928,-1.70743,-275.348,,-5.69208e-08,-0.303878,,-9.07192e-06,0.0384596
17.25,4.74513,,999.926,-2.11799,-283.512,,-3.41606e-08,-0.304003,,-4.6212e-06,0.0173282
17.25,5.24513,,999.924,-2.27721,-288.924,,-1.79188e-08,-0.30409,,-1.66842e-06,0.00348281
17.25,5.74513,,999.922,-2.44334,-295.881,,1.5514e-08,-0.304275,,4.12468e-06,-0.0246757
17.25,6.24514,,999.927,-2.07724,-276.975,,1.45159e-08,-0.304205,,7.96777e-06,-0.044171
17.25,6.74514,,999.947,-0.294284,-206.349,,-4.94227e-08,-0.303685,,3.18553e-06,-0.0177959
17.25,7.24512,,999.938,0.181148,-243.872,,1.81866e-07,-0.305519,,1.7409e-05,-0.0876861
17.25,7.74504,,999.91,-0.0351222,-353.502,,1.0352e-06,-0.311829,,8.21624e-05,-0.399277
17.75,0.245439,,1002.86,164.267,10652.6,,4.73766e-06,-0.267491,,0.000536488,3.30634
17.75,0.745739,,1001.19,73.3668,4400.64,,-1.04432e-05,-0.232382,,-0.00115489,6.36084
17.75,1.24556,,1000.34,36.6463,1187.46,,-8.50526e-06,-0.254212,,-0.000931256,4.37362
17.75,1.7453,,1000.22,31.9045,728.312,,-3.20534e-06,-0.284416,,-0.000365765,1.83595
17.75,2.24518,,1000.1,17.9492,313.342,,-1.14056e-06,-0.297211,,-0.000164245,0.829159
17.75,2.74515,,999.991,5.89011,-57.2941,,-6.16056e-07,-0.300617,,-0.000104038,0.504314
17.75,3.24514,,999.947,0.918974,-210.747,,-3.20203e-07,-0.302363,,-5.49418e-05,0.261082
17.75,3.74514,,999.934,-0.834423,-257.347,,-1.34382e-07,-0.303443,,-2.27682e-05,0.103435
17.75,4.24514,,999.928,-1.70742,-275.347,,-5.79923e-08,-0.303878,,-9.32776e-06,0.0384595
17.75,4.74513,,999.926,-2.11799,-283.512,,-3.53905e-08,-0.304003,,-4.92295e-06,0.0173282
17.75,5.24513,,999.924,-2.27721,-288.924,,-1.91448e-08,-0.30409,,-1.97055e-06,0.00348282
17.75,5.74513,,999.922,-2.44333,-295.881,,1.44065e-08,-0.304275,,3.85393e-06,-0.0246757
17.75,6.24514,,999.927,-2.07723,-276.975,,1.36006e-08,-0.304205,,7.74788e-06,-0.0441709
17.75,6.74514,,999.947,-0.294282,-206.349,,-5.01116e-08,-0.303685,,3.02429e-06,-0.0177959
17.75,7.24512,,999.938,0.181149,-243.872,,1.81405e-07,-0.305519,,1.73047e-05,-0.0876861
17.75,7.74504,,999.91,-0.0351213,-353.502,,1.03495e-06,-0.311829,,8.21075e-05,-0.399277
18.25,0.245439,,1002.86,164.267,10652.6,,4.75055e-06,-0.267491,,0.000539749,3.30634
18.25,0.745739,,1001.19,73.3667,4400.64,,-1.04278e-05,-0.232382,,-0.00115099,6.36084
18.25,1.24556,,1000.34,36.6462,1187.46,,-8.4909e-06,-0.254212,,-0.000927564,4.37362
18.25,1.7453,,1000.22,31.9045,728.312,,-3.19444e-06,-0.284416,,-0.000362887,1.83595
18.25,2.24518,,1000.1,17.9491,313.342,,-1.13392e-06,-0.297211,,-0.000162408,0.829158
18.25,2.74515,,999.991,5.8901,-57.2943,,-6.1335e-07,-0.300617,,-0.000103195,0.504314
18.25,3.24514,,999.947,0.91897,-210.747,,-3.20558e-07,-0.302363,,-5.48989e-05,0.261081
18.25,3.74514,,999.934,-0.834418,-257.346,,-1.3682e-07,-0.303443,,-2.32861e-05,0.103435
18.25,4.24514,,999.928,-1.70741,-275.347,,-6.16376e-08,-0.303878,,-1.01777e-05,0.0384593
18.25,4.74513,,999.926,-2.11797,-283.512,,-3.95333e-08,-0.304003,,-5.91304e-06,0.0173281
18.25,5.24513,,999.924,-2.27719,-288.924,,-2.3248e-08,-0.30409,,-2.95411e-06,0.00348287
18.25,5.74513,,999.922,-2.44332,-295.881,,1.07244e-08,-0.304275,,2.97926e-06,-0.0246756
18.25,6.24514,,999.927,-2.07722,-276.975,,1.05822e-08,-0.304205,,7.04364e-06,-0.0441708
18.25,6.74514,,999.947,-0.294275,-206.349,,-5.23576e-08,-0.303685,,2.51372e-06,-0.0177957
18.25,7.24512,,999.938,0.181153,-243.872,,1.79927e-07,-0.305519,,1.69793e-05,-0.0876859
18.25,7.74504,,999.91,-0.0351194,-353.502,,1.03416e-06,-0.311829,,8.19384e-05,-0.399277
18.75,0.245439,,1002.86,164.266,10652.6,,4.80367e-06,-0.267491,,0.000552253,3.30634
18.75,0.745739,,1001.19,73.3665,4400.64,,-1.03649e-05,-0.232382,,-0.00113618,6.36085
18.75,1.24556,,1000.34,36.646,1187.45,,-8.43291e-06,-0.254212,,-0.00091379,4.37362
18.75,1.7453,,1000.22,31.9043,728.31,,-3.15132e-06,-0.284416,,-0.000352435,1.83595
18.75,2.24518,,1000.1,17.949,313.341,,-1.10831e-06,-0.297211,,-0.000155944,0.829155
18.75,2.74515,,999.991,5.89004,-57.2948,,-6.02832e-07,-0.300617,,-0.000100259,0.504311
18.75,3.24514,,999.947,0.91896,-210.747,,-3.20853e-07,-0.302363,,-5.45809e-05,0.261079
18.75,3.74514,,999.934,-0.834395,-257.346,,-1.43889e-07,-0.303443,,-2.46754e-05,0.103434
18.75,4.24514,,999.928,-1.70737,-275.347,,-7.23961e-08,-0.303878,,-1.25327e-05,0.0384587
18.75,4.74513,,999.926,-2.11793,-283.511,,-5.17547e-08,-0.304003,,-8.66654e-06,0.017328
18.75,5.24513,,999.924,-2.27715,-288.923,,-3.53057e-08,-0.30409,,-5.6816e-06,0.00348304
18.75,5.74513,,999.922,-2.44328,-295.88,,3.13271e-11,-0.304275,,5.83867e-07,-0.0246752
18.75,6.24514,,999.927,-2.07719,-276.975,,2.07396e-09,-0.304205,,5.17544e-06,-0.0441703
18.75,6.74514,,999.947,-0.294255,-206.349,,-5.83203e-08,-0.303685,,1.24497e-06,-0.0177952
18.75,7.24512,,999.938,0.181164,-243.871,,1.76355e-07,-0.305519,,1.62539e-05,-0.0876854
18.75,7.74504,,999.91,-0.0351142,-353.502,,1.03242e-06,-0.311829,,8.16042e-05,-0.399277
19.25,0.245439,,1002.86,164.266,10652.6,,5.00602e-06,-0.267491,,0.000598062,3.30636
19.25,0.745739,,1001.19,73.3658,4400.63,,-1.0126e-05,-0.232382,,-0.00108205,6.36085
19.25,1.24556,,1000.34,36.6454,1187.45,,-8.21239e-06,-0.254212,,-0.000863516,4.37362
19.25,1.7453,,1000.22,31.9038,728.304,,-2.98733e-06,-0.284416,,-0.000314431,1.83594
19.25,2.24518,,1000.1,17.9487,313.337,,-1.01156e-06,-0.297211,,-0.000132681,0.829144
19.25,2.74515,,999.991,5.88988,-57.2962,,-5.6365e-07,-0.300617,,-8.97767e-05,0.504302
19.25,3.24514,,999.947,0.918942,-210.747,,-3.21375e-07,-0.302363,,-5.30941e-05,0.261073
19.25,3.74514,,999.934,-0.834316,-257.345,,-1.67554e-07,-0.303443,,-2.86003e-05,0.10343
19.25,4.24514,,999.928,-1.70724,-275.345,,-1.0758e-07,-0.303878,,-1.92685e-05,0.038457
19.25,4.74513,,999.926,-2.11777,-283.509,,-9.10335e-08,-0.304003,,-1.64701e-05,0.0173275
19.25,5.24513,,999.924,-2.27699,-288.921,,-7.35132e-08,-0.30409,,-1.33039e-05,0.00348359
19.25,5.74513,,999.922,-2.44315,-295.878,,-3.29526e-08,-0.304275,,-5.87802e-06,-0.0246739
19.25,6.24514,,999.927,-2.07709,-276.973,,-2.25057e-08,-0.304205,,5.75235e-07,-0.0441686
19.25,6.74514,,999.947,-0.29419,-206.348,,-7.31833e-08,-0.303685,,-1.25692e-06,-0.0177935
19.25,7.24512,,999.938,0.181201,-243.871,,1.69829e-07,-0.305519,,1.54566e-05,-0.087684
19.25,7.74504,,999.91,-0.0350976,-353.501,,1.03068e-06,-0.311829,,8.16244e-05,-0.399276
19.75,0.245439,,1002.86,164.264,10652.6,,5.66467e-06,-0.26749,,0.000742724,3.30639
19.75,0.745739,,1001.19,73.3635,4400.59,,-9.35852e-06,-0.232382,,-0.000912654,6.36085
19.75,1.24556,,1000.34,36.6433,1187.41,,-7.50903e-06,-0.254212,,-0.000706339,4.37359
19.75,1.7453,,1000.22,31.9023,728.282,,-2.46536e-06,-0.284416,,-0.000195154,1.8359
19.75,2.24518,,1000.1,17.9478,313.325,,-7.07711e-07,-0.297211,,-5.99917e-05,0.829106
19.75,2.74515,,999.991,5.88943,-57.3012,,-4.52283e-07,-0.300617,,-5.87073e-05,0.504272
19.75,3.24514,,999.947,0.918865,-210.746,,-3.45784e-07,-0.302363,,-5.16981e-05,0.261054
19.75,3.74514,,999.934,-0.834136,-257.341,,-2.70459e-07,-0.303443,,-4.46371e-05,0.10342
19.75,4.24514,,999.928,-1.70691,-275.339,,-2.47357e-07,-0.303878,,-4.37359e-05,0.038452
19.75,4.74513,,999.926,-2.11738,-283.503,,-2.41479e-07,-0.304003,,-4.35766e-05,0.0173266
19.75,5.24513,,999.924,-2.27662,-288.915,,-2.16469e-07,-0.30409,,-3.89623e-05,0.00348577
19.75,5.74513,,999.922,-2.44283,-295.873,,-1.53085e-07,-0.304275,,-2.66955e-05,-0.0246693
19.75,6.24514,,999.927,-2.07686,-276.969,,-1.07856e-07,-0.304205,,-1.29053e-05,-0.0441626
19.75,6.74514,,999.947,-0.294039,-206.345,,-1.19601e-07,-0.303685,,-6.76819e-06,-0.0177876
19.75,7.24512,,999.938,0.181274,-243.869,,1.55124e-07,-0.305519,,1.59267e-05,-0.0876799
19.75,7.74504,,999.91,-0.0350706,-353.501,,1.03166e-06,-0.311829,,8.41195e-05,-0.399274
20.25,0.245439,,1002.86,164.257,10652.4,,7.69101e-06,-0.26749,,0.00115295,3.3065
20.25,0.745739,,1001.19,73.3552,4400.46,,-7.09171e-06,-0.232382,,-0.000447696,6.36086
20.25,1.24556,,1000.34,36.636,1187.29,,-5.53033e-06,-0.254213,,-0.000288382,4.37352
20.25,1.7453,,1000.22,31.897,728.197,,-1.05786e-06,-0.284417,,0.000115745,1.83578
20.25,2.24518,,1000.1,17.9446,313.277,,8.05334e-08,-0.297212,,0.000126848,0.828989
20.25,2.74515,,999.991,5.88795,-57.3196,,-2.02267e-07,-0.300618,,1.56243e-05,0.504179
20.25,3.24514,,999.947,0.918507,-210.747,,-4.88511e-07,-0.302363,,-6.12677e-05,0.260993
20.25,3.74514,,999.934,-0.833821,-257.332,,-6.49379e-07,-0.303443,,-0.000105271,0.103386
20.25,4.24514,,999.928,-1.70622,-275.325,,-7.37118e-07,-0.303879,,-0.000128684,0.0384383
20.25,4.74513,,999.926,-2.11655,-283.486,,-7.56872e-07,-0.304003,,-0.000134483,0.0173258
20.25,5.24513,,999.924,-2.2758,-288.899,,-6.97017e-07,-0.30409,,-0.00012272,0.00349502
20.25,5.74513,,999.922,-2.44216,-295.86,,-5.50113e-07,-0.304275,,-9.29343e-05,-0.024652
20.25,6.24514,,999.927,-2.07643,-276.96,,-3.87713e-07,-0.304205,,-5.49205e-05,-0.044141
20.25,6.74514,,999.947,-0.293894,-206.341,,-2.74766e-07,-0.303685,,-2.39011e-05,-0.0177677
20.25,7.24512,,999.938,0.181192,-243.869,,1.00092e-07,-0.305519,,1.70301e-05,-0.0876684
20.25,7.74504,,999.91,-0.0352147,-353.502,,1.02894e-06,-0.311829,,9.16729e-05,-0.399274
20.75,0.245439,,1002.86,164.236,10652.1,,1.49455e-05,-0.267488,,0.00242489,3.30679
20.75,0.745739,,1001.19,73.33,4400.03,,6.50995e-07,-0.232382,,0.000923137,6.36084
20.75,1.24556,,1000.34,36.6132,1186.91,,6.92748e-07,-0.254214,,0.000851848,4.37327
20.75,1.7453,,1000.22,31.8801,727.923,,2.94481e-06,-0.284419,,0.000898426,1.83545
20.75,2.24518,,1000.1,17.9346,313.126,,2.15974e-06,-0.297213,,0.000576184,0.828676
20.75,2.74515,,999.991,5.8837,-57.3707,,4.67794e-07,-0.300619,,0.00019715,0.503927
20.75,3.24514,,999.947,0.917885,-210.735,,-7.86217e-07,-0.302364,,-7.70577e-05,0.260823
20.75,3.74514,,999.934,-0.832508,-257.288,,-1.54206e-06,-0.303444,,-0.000246577,0.103293
20.75,4.24514,,999.928,-1.70398,-275.267,,-1.919e-06,-0.303879,,-0.000331811,0.0384015
20.75,4.74513,,999.926,-2.11397,-283.425,,-2.00088e-06,-0.304003,,-0.00035116,0.0173282
20.75,5.24513,,999.924,-2.27335,-288.841,,-1.8405e-06,-0.30409,,-0.000318496,0.00352683
20.75,5.74513,,999.922,-2.4403,-295.812,,-1.47769e-06,-0.304275,,-0.000244281,-0.0245989
20.75,6.24514,,999.927,-2.07558,-276.93,,-1.03277e-06,-0.304204,,-0.000150046,-0.0440787
20.75,6.74514,,999.947,-0.294193,-206.332,,-6.22516e-07,-0.303685,,-6.29206e-05,-0.0177116
20.75,7.24512,,999.938,0.180067,-243.877,,8.2948e-10,-0.305518,,2.09436e-05,-0.0876384
20.75,7.74504,,999.91,-0.0364015,-353.515,,1.05284e-06,-0.311829,,0.00011127,-0.399281
21.25,0.245439,,1002.86,164.184,10651.1,,4.28157e-05,-0.267484,,0.00687343,3.30763
21.25,0.745739,,1001.19,73.2705,4398.96,,3.0154e-05,-0.232384,,0.00563078,6.36058
21.25,1.24556,,1000.34,36.5595,1185.99,,2.36024e-05,-0.25422,,0.00456619,4.3723
21.25,1.7453,,1000.22,31.8387,727.248,,1.66139e-05,-0.284425,,0.0032232,1.83441
21.25,2.24518,,1000.1,17.9094,312.747,,8.62205e-06,-0.297218,,0.00179624,0.827833
21.25,2.74515,,999.991,5.87384,-57.4768,,2.63869e-06,-0.300622,,0.0007149,0.503314
21.25,3.24514,,999.947,0.918636,-210.653,,-9.84162e-07,-0.302366,,8.8534e-06,0.260414
21.25,3.74514,,999.934,-0.826079,-257.107,,-3.05615e-06,-0.303445,,-0.000423343,0.103062
21.25,4.24514,,999.928,-1.69511,-275.046,,-4.08286e-06,-0.303879,,-0.000643613,0.0383098
21.25,4.74513,,999.926,-2.10452,-283.195,,-4.32957e-06,-0.304002,,-0.000697956,0.0173372
21.25,5.24513,,999.924,-2.26477,-288.629,,-3.98377e-06,-0.30409,,-0.000629289,0.00360682
21.25,5.74513,,999.922,-2.43413,-295.643,,-3.17665e-06,-0.304274,,-0.000472779,-0.0244727
21.25,6.24514,,999.927,-2.07301,-276.827,,-2.04526e-06,-0.304203,,-0.000261831,-0.0439304
21.25,6.74514,,999.947,-0.295231,-206.299,,-7.15185e-07,-0.303684,,-2.87181e-05,-0.0175682
21.25,7.24512,,999.938,0.176544,-243.897,,7.55249e-07,-0.305518,,0.000182548,-0.0875608
21.25,7.74504,,999.91,-0.0402951,-353.555,,1.96834e-06,-0.311829,,0.00028451,-0.399321
21.75,0.245439,,1002.86,164.052,10648,,0.000129915,-0.267466,,0.0204647,3.3104
21.75,0.745739,,1001.19,73.1346,4395.83,,0.000124383,-0.232391,,0.0203092,6.3595
21.75,1.24556,,1000.34,36.4501,1183.72,,9.7992e-05,-0.254244,,0.0162465,4.36872
21.75,1.7453,,1000.22,31.7562,725.752,,6.01973e-05,-0.284449,,0.0103005,1.83076
21.75,2.24518,,1000.1,17.8558,311.892,,2.70257e-05,-0.297234,,0.00513204,0.825283
21.75,2.74515,,999.991,5.85028,-57.7671,,6.63226e-06,-0.300631,,0.00188039,0.501772
21.75,3.24514,,999.947,0.919363,-210.507,,-3.67545e-06,-0.302371,,0.000103946,0.259502
21.75,3.74514,,999.934,-0.810881,-256.703,,-8.71948e-06,-0.303447,,-0.000861499,0.102555
21.75,4.24514,,999.928,-1.67374,-274.533,,-1.10885e-05,-0.30388,,-0.00134736,0.0380986
21.75,4.74513,,999.926,-2.0823,-282.67,,-1.17288e-05,-0.304002,,-0.00148803,0.0173438
21.75,5.24513,,999.924,-2.24562,-288.159,,-1.0975e-05,-0.304089,,-0.00135977,0.00377343
21.75,5.74513,,999.922,-2.42132,-295.289,,-8.73115e-06,-0.304273,,-0.000982224,-0.0241696
21.75,6.24514,,999.927,-2.06777,-276.616,,-4.53463e-06,-0.304201,,-0.000311598,-0.0434864
21.75,6.74514,,999.947,-0.29576,-206.207,,1.54004e-06,-0.303681,,0.0006218,-0.0170599
21.75,7.24512,,999.938,0.172019,-243.897,,7.18808e-06,-0.305516,,0.00142169,-0.0873067
21.75,7.74504,,999.91,-0.0465379,-353.607,,8.5219e-06,-0.31183,,0.00145235,-0.399569
22.25,0.24544,,1002.85,163.617,10635.8,,0.000327327,-0.267415,,0.0504038,3.31853
22.25,0.745739,,1001.19,72.702,4383.49,,0.000338043,-0.232409,,0.0533999,6.35697
22.25,1.24556,,1000.34,36.1538,1175.6,,0.000271716,-0.254312,,0.0437102,4.35853
22.25,1.7453,,1000.22,31.5728,721.414,,0.000164438,-0.284522,,0.0273878,1.81971
22.25,2.24518,,1000.1,17.7393,309.67,,6.64443e-05,-0.297285,,0.0125381,0.817555
22.25,2.74515,,999.991,5.78343,-58.8074,,5.2392e-06,-0.300658,,0.00322013,0.49757
22.25,3.24514,,999.947,0.894976,-210.733,,-2.39901e-05,-0.302383,,-0.00140875,0.257416
22.25,3.74514,,999.934,-0.80574,-256.391,,-3.63146e-05,-0.303453,,-0.00354986,0.101512
22.25,4.24514,,999.929,-1.6547,-273.969,,-4.14006e-05,-0.303882,,-0.00453517,0.037654
22.25,4.74513,,999.926,-2.0612,-282.068,,-4.26007e-05,-0.304002,,-0.00481676,0.0173476
22.25,5.24513,,999.924,-2.22997,-287.658,,-4.00338e-05,-0.304086,,-0.00443406,0.00421871
22.25,5.74513,,999.922,-2.41457,-294.964,,-3.17627e-05,-0.304266,,-0.00314437,-0.0231277
22.25,6.24514,,999.927,-2.06784,-276.463,,-1.4955e-05,-0.304189,,-0.00057235,-0.0416934
22.25,6.74514,,999.947,-0.299209,-206.217,,9.16227e-06,-0.303667,,0.00303388,-0.0149871
22.25,7.24512,,999.938,0.158714,-244.21,,2.91785e-05,-0.305509,,0.00582479,-0.0865283
22.25,7.74504,,999.91,-0.0653529,-354.055,,3.07142e-05,-0.311837,,0.00552262,-0.401007
22.75,0.24544,,1002.84,162.273,10596.7,,0.000826033,-0.267329,,0.108083,3.33438
22.75,0.745738,,1001.17,71.2878,4342.05,,0.000758903,-0.232471,,0.108282,6.35133
22.75,1.24556,,1000.33,35.1819,1147.38,,0.000568064,-0.254462,,0.0877325,4.33757
22.75,1.74529,,1000.21,31.0581,707.606,,0.000345956,-0.284689,,0.0568964,1.79485
22.75,2.24518,,1000.1,17.4824,304.357,,0.000141029,-0.297413,,0.0262862,0.798308
22.75,2.74515,,999.99,5.64297,-60.5028,,-1.86241e-06,-0.300728,,0.0047953,0.486813
22.75,3.24514,,999.947,0.822771,-210.835,,-7.41469e-05,-0.302413,,-0.0062156,0.252547
22.75,3.74514,,999.934,-0.828064,-255.539,,-0.00010304,-0.303465,,-0.0108723,0.0994093
22.75,4.24514,,999.929,-1.64937,-272.604,,-0.000113333,-0.303886,,-0.0127349,0.0368297
22.75,4.74513,,999.926,-2.04829,-280.564,,-0.000114639,-0.304001,,-0.0131044,0.017499
22.75,5.24513,,999.925,-2.22084,-286.254,,-0.000106365,-0.304077,,-0.0118609,0.00565401
22.75,5.74513,,999.923,-2.41472,-293.859,,-8.23449e-05,-0.304244,,-0.00814238,-0.019713
22.75,6.24514,,999.928,-2.08668,-276.079,,-3.64729e-05,-0.304151,,-0.00118058,-0.0360348
22.75,6.74514,,999.947,-0.368435,-207.564,,2.40554e-05,-0.303625,,0.00774632,-0.00902894
22.75,7.24512,,999.937,0.00078187,-248.217,,6.90608e-05,-0.305497,,0.0138396,-0.085526
22.75,7.74504,,999.908,-0.235512,-358.579,,6.9128e-05,-0.311872,,0.0125902,-0.407486
23.25,0.245439,,1002.82,159.581,10520.7,,0.00296208,-0.267444,,0.293485,3.33638
23.25,0.745734,,1001.15,68.126,4252.87,,0.00211479,-0.232927,,0.22919,6.31601
23.25,1.24555,,1000.31,32.7531,1079.46,,0.00120663,-0.254867,,0.154371,4.29613
23.25,1.74529,,1000.2,29.7762,673.675,,0.000664667,-0.284992,,0.0999358,1.75424
23.25,2.24518,,1000.09,17.0145,295.569,,0.000322639,-0.297651,,0.0538946,0.762942
23.25,2.74515,,999.991,5.53765,-57.7561,,7.11135e-05,-0.300879,,0.0166383,0.464289
23.25,3.24514,,999.949,0.855502,-204.148,,-7.37046e-05,-0.302481,,-0.00497742,0.242151
23.25,3.74514,,999.936,-0.716459,-247.175,,-0.000133583,-0.303489,,-0.0141573,0.0953591
23.25,4.24514,,999.931,-1.48847,-263.313,,-0.000153075,-0.303893,,-0.0174301,0.0354882
23.25,4.74513,,999.929,-1.86759,-270.936,,-0.000154398,-0.303996,,-0.0178342,0.0181185
23.25,5.24513,,999.927,-2.04638,-276.922,,-0.000138478,-0.304055,,-0.0153843,0.00899622
23.25,5.74513,,999.925,-2.29123,-286.113,,-9.64269e-05,-0.304196,,-0.00892474,-0.0124562
23.25,6.24514,,999.928,-2.11207,-272.773,,-2.3147e-05,-0.304078,,0.00187511,-0.0251862
23.25,6.74514,,999.945,-0.697691,-213.216,,6.19789e-05,-0.303554,,0.0137727,0.000787147
23.25,7.24512,,999.932,-0.66491,-263.845,,0.000112255,-0.305496,,0.0197996,-0.0875374
23.25,7.74504,,999.904,-0.891016,-375.01,,9.79185e-05,-0.311968,,0.0160943,-0.425118
23.7501,0.245428,,1002.79,157.184,10424.2,,0.0105074,-0.2687,,0.940825,3.23167
23.7501,0.745714,,1001.12,65.0338,4165.58,,0.00674874,-0.235286,,0.616533,6.12222
23.75,1.24554,,1000.28,29.229,984.236,,0.00306057,-0.256397,,0.315776,4.172
23.75,1.74529,,1000.18,27.4094,610.264,,0.00129278,-0.285638,,0.173833,1.69034
23.75,2.24518,,1000.09,16.1774,277.287,,0.000628808,-0.298022,,0.104945,0.712095
23.75,2.74515,,999.993,5.54607,-49.6578,,0.000239038,-0.301137,,0.0504766,0.426198
23.75,3.24514,,999.953,1.15133,-186.987,,-7.9204e-06,-0.302611,,0.0142776,0.222852
23.75,3.74514,,999.942,-0.304658,-227.139,,-0.000117885,-0.303536,,-0.00205313,0.0880675
23.75,4.24514,,999.937,-1.00351,-241.862,,-0.00015379,-0.303906,,-0.00770747,0.0333063
23.75,4.74513,,999.935,-1.35366,-249.062,,-0.000159915,-0.30399,,-0.00881422,0.0189433
23.75,5.24513,,999.933,-1.57338,-256.332,,-0.00014712,-0.304028,,-0.00682152,0.0132867
23.75,5.74513,,999.929,-1.99261,-270.318,,-0.000109481,-0.304138,,-0.00146837,-0.00396096
23.75,6.24514,,999.93,-2.19125,-267.543,,-2.3871e-05,-0.303985,,0.00853788,-0.0131906
23.75,6.74514,,999.942,-1.32055,-224.125,,0.000188112,-0.303431,,0.0293887,0.0136262
23.75,7.24512,,999.925,-1.65067,-286.369,,0.000604981,-0.305399,,0.068102,-0.0830249
23.75,7.74504,,999.898,-1.69281,-394.017,,0.00111859,-0.311964,,0.111113,-0.435769
24.2502,0.245394,,1002.65,152.052,9865.78,,0.0259628,-0.272833,,2.33167,2.85204
24.2501,0.74565,,1001.08,64.5461,3997.11,,0.0163926,-0.24275,,1.48042,5.48482
24.2501,1.2455,,1000.26,27.4867,922.797,,0.00671228,-0.261229,,0.666772,3.78366
24.25,1.74527,,1000.15,23.8801,501.224,,0.00194047,-0.28737,,0.282799,1.54777
24.25,2.24517,,1000.07,14.0293,208.474,,0.000392267,-0.29867,,0.142408,0.635722
24.25,2.74515,,999.986,4.75313,-75.4384,,-0.000266388,-0.301548,,0.0575421,0.367192
24.25,3.24514,,999.951,0.847245,-195.919,,-0.000662785,-0.302834,,0.000390013,0.190299
24.25,3.74514,,999.94,-0.464663,-231.623,,-0.000847511,-0.30362,,-0.026688,0.0754743
24.25,4.24514,,999.937,-1.07884,-244.585,,-0.000911511,-0.303931,,-0.0364918,0.0292445
24.25,4.74513,,999.935,-1.40045,-251.394,,-0.000933269,-0.303994,,-0.039982,0.0182723
24.25,5.24513,,999.932,-1.6845,-260.321,,-0.000942153,-0.304016,,-0.0414699,0.0148816
24.25,5.74513,,999.927,-2.26655,-278.361,,-0.000905511,-0.304068,,-0.0388887,0.00306977
24.25,6.24514,,999.926,-2.63972,-281.186,,-0.000571422,-0.303643,,-0.00838833,0.0192011
24.25,6.74515,,999.937,-1.71592,-240.064,,0.000664629,-0.302452,,0.110111,0.107168
24.25,7.24513,,999.924,-1.6484,-293.625,,0.00324559,-0.303787,,0.354873,0.0659276
24.25,7.74506,,999.901,-1.04172,-385.011,,0.00639855,-0.310602,,0.627426,-0.321791
24.7503,0.245328,,1002.08,125.982,7716.78,,0.0417119,-0.280828,,3.83322,2.11065
24.7502,0.745523,,1000.88,58.4868,3226.18,,0.0263826,-0.257621,,2.45906,4.18819
24.7501,1.24541,,1000.22,25.0909,752.732,,0.0103632,-0.271283,,1.07755,2.94668
24.75,1.74524,,1000.1,18.0277,305.978,,0.00207372,-0.291108,,0.377638,1.23472
24.75,2.24516,,1000.02,9.24348,45.3028,,-0.000687915,-0.299871,,0.1205,0.504
24.75,2.74515,,999.958,2.05909,-171.96,,-0.00171592,-0.302178,,-0.00853967,0.278842
24.75,3.24514,,999.932,-0.970639,-262.578,,-0.00226789,-0.303171,,-0.08788,0.141175
24.75,3.74514,,999.924,-2.03327,-290.258,,-0.00252305,-0.303751,,-0.125495,0.0558404
24.75,4.24513,,999.921,-2.52503,-300.491,,-0.00261557,-0.303976,,-0.139743,0.0220785
24.75,4.74513,,999.919,-2.78757,-306.078,,-0.00265612,-0.304019,,-0.146212,0.014371
24.75,5.24513,,999.917,-3.04589,-313.852,,-0.00268571,-0.304024,,-0.151229,0.0124971
24.75,5.74514,,999.913,-3.49629,-327.701,,-0.00262241,-0.303886,,-0.147714,0.0183282
24.75,6.24515,,999.914,-3.46232,-321.933,,-0.00200444,-0.302627,,-0.0888698,0.116823
24.75,6.74517,,999.931,-1.69794,-265.291,,0.0002031,-0.299627,,0.130649,0.383451
24.75,7.24517,,999.925,-0.47373,-290.588,,0.0049172,-0.299165,,0.583885,0.499527
24.7501,7.7451,,999.911,1.34061,-353.925,,0.0110978,-0.306471,,1.10471,0.0159358
