dx/h :,0.5
dy/h :,0.5
L2normdrhodt
272127

t,0.811
x,y,,rho,drhodt,pressure,,u,v,,dudt,dvdt
-1.5,-1.5,,1010.33,0,240345,,0,0,,0,0
-1.5,-1,,1010.12,0,235440,,0,0,,0,0
-1.5,-0.5,,1009.92,0,230535,,0,0,,0,0
-1.5,0,,1009.71,0,225630,,0,0,,0,0
-1.5,0.5,,1009.51,0,220725,,0,0,,0,0
-1.5,1,,1009.3,0,215820,,0,0,,0,0
-1.5,1.5,,1009.1,0,210915,,0,0,,0,0
-1.5,2,,1008.89,0,206010,,0,0,,0,0
-1.5,2.5,,1008.68,0,201105,,0,0,,0,0
-1.5,3,,1008.48,0,196200,,0,0,,0,0
-1.5,3.5,,1008.27,0,191295,,0,0,,0,0
-1.5,4,,1008.06,0,186390,,0,0,,0,0
-1.5,4.5,,1007.86,0,181485,,0,0,,0,0
-1.5,5,,1007.65,0,176580,,0,0,,0,0
-1.5,5.5,,1007.44,0,171675,,0,0,,0,0
-1.5,6,,1007.23,0,166770,,0,0,,0,0
-1.5,6.5,,1007.02,0,161865,,0,0,,0,0
-1.5,7,,1006.82,0,156960,,0,0,,0,0
-1.5,7.5,,1006.61,0,152055,,0,0,,0,0
-1.5,8,,1006.4,0,147150,,0,0,,0,0
-1.5,8.5,,1006.19,0,142245,,0,0,,0,0
-1.5,9,,1005.98,0,137340,,0,0,,0,0
-1.5,9.5,,1005.77,0,132435,,0,0,,0,0
-1.5,10,,1005.56,0,127530,,0,0,,0,0
-1.5,10.5,,1005.35,0,122625,,0,0,,0,0
-1.5,11,,1005.14,0,117720,,0,0,,0,0
-1.5,11.5,,1004.93,0,112815,,0,0,,0,0
-1.5,12,,1004.72,0,107910,,0,0,,0,0
-1.5,12.5,,1004.5,0,103005,,0,0,,0,0
-1.5,13,,1004.29,0,98100,,0,0,,0,0
-1.5,13.5,,1004.08,0,93195,,0,0,,0,0
-1.5,14,,1003.87,0,88290,,0,0,,0,0
-1.5,14.5,,1003.66,0,83385,,0,0,,0,0
-1.5,15,,1003.44,0,78480,,0,0,,0,0
-1.5,15.5,,1003.23,0,73575,,0,0,,0,0
-1.5,16,,1003.02,0,68670,,0,0,,0,0
-1.5,16.5,,1002.8,0,63765,,0,0,,0,0
-1.5,17,,1002.59,0,58860,,0,0,,0,0
-1.5,17.5,,1002.37,0,53955,,0,0,,0,0
-1.5,18,,1002.16,0,49050,,0,0,,0,0
-1.5,18.5,,1001.95,0,44145,,0,0,,0,0
-1.5,19,,1001.73,0,39240,,0,0,,0,0
-1.5,19.5,,1001.51,0,34335,,0,0,,0,0
-1.5,20,,1001.3,0,29430,,0,0,,0,0
-1.5,20.5,,1001.08,0,24525,,0,0,,0,0
-1.5,21,,1000.87,0,19620,,0,0,,0,0
-1.5,21.5,,1000.65,0,14715,,0,0,,0,0
-1.5,22,,1000.43,0,9810,,0,0,,0,0
-1.5,22.5,,1000.22,0,4905,,0,0,,0,0
-1.5,23,,1000,0,0,,0,0,,0,0
-1,-1.5,,1010.33,0,240345,,0,0,,0,0
-1,-1,,1010.12,0,235440,,0,0,,0,0
-1,-0.5,,1009.92,0,230535,,0,0,,0,0
-1,0,,1009.71,0,225630,,0,0,,0,0
-1,0.5,,1009.51,0,220725,,0,0,,0,0
-1,1,,1009.3,0,215820,,0,0,,0,0
-1,1.5,,1009.1,0,210915,,0,0,,0,0
-1,2,,1008.89,0,206010,,0,0,,0,0
-1,2.5,,1008.68,0,201105,,0,0,,0,0
-1,3,,1008.48,0,196200,,0,0,,0,0
-1,3.5,,1008.27,0,191295,,0,0,,0,0
-1,4,,1008.06,0,186390,,0,0,,0,0
-1,4.5,,1007.86,0,181485,,0,0,,0,0
-1,5,,1007.65,0,176580,,0,0,,0,0
-1,5.5,,1007.44,0,171675,,0,0,,0,0
-1,6,,1007.23,0,166770,,0,0,,0,0
-1,6.5,,1007.02,0,161865,,0,0,,0,0
-1,7,,1006.82,0,156960,,0,0,,0,0
-1,7.5,,1006.61,0,152055,,0,0,,0,0
-1,8,,1006.4,0,147150,,0,0,,0,0
-1,8.5,,1006.19,0,142245,,0,0,,0,0
-1,9,,1005.98,0,137340,,0,0,,0,0
-1,9.5,,1005.77,0,132435,,0,0,,0,0
-1,10,,1005.56,0,127530,,0,0,,0,0
-1,10.5,,1005.35,0,122625,,0,0,,0,0
-1,11,,1005.14,0,117720,,0,0,,0,0
-1,11.5,,1004.93,0,112815,,0,0,,0,0
-1,12,,1004.72,0,107910,,0,0,,0,0
-1,12.5,,1004.5,0,103005,,0,0,,0,0
-1,13,,1004.29,0,98100,,0,0,,0,0
-1,13.5,,1004.08,0,93195,,0,0,,0,0
-1,14,,1003.87,0,88290,,0,0,,0,0
-1,14.5,,1003.66,0,83385,,0,0,,0,0
-1,15,,1003.44,0,78480,,0,0,,0,0
-1,15.5,,1003.23,0,73575,,0,0,,0,0
-1,16,,1003.02,0,68670,,0,0,,0,0
-1,16.5,,1002.8,0,63765,,0,0,,0,0
-1,17,,1002.59,0,58860,,0,0,,0,0
-1,17.5,,1002.37,0,53955,,0,0,,0,0
-1,18,,1002.16,0,49050,,0,0,,0,0
-1,18.5,,1001.95,0,44145,,0,0,,0,0
-1,19,,1001.73,0,39240,,0,0,,0,0
-1,19.5,,1001.51,0,34335,,0,0,,0,0
-1,20,,1001.3,0,29430,,0,0,,0,0
-1,20.5,,1001.08,0,24525,,0,0,,0,0
-1,21,,1000.87,0,19620,,0,0,,0,0
-1,21.5,,1000.65,0,14715,,0,0,,0,0
-1,22,,1000.43,0,9810,,0,0,,0,0
-1,22.5,,1000.22,0,4905,,0,0,,0,0
-1,23,,1000,0,0,,0,0,,0,0
-0.5,-1.5,,1010.33,0,240345,,0,0,,0,0
-0.5,-1,,1010.12,0,235440,,0,0,,0,0
-0.5,-0.5,,1009.92,0,230535,,0,0,,0,0
-0.5,0,,1009.71,0,225630,,0,0,,0,0
-0.5,0.5,,1009.51,0,220725,,0,0,,0,0
-0.5,1,,1009.3,0,215820,,0,0,,0,0
-0.5,1.5,,1009.1,0,210915,,0,0,,0,0
-0.5,2,,1008.89,0,206010,,0,0,,0,0
-0.5,2.5,,1008.68,0,201105,,0,0,,0,0
-0.5,3,,1008.48,0,196200,,0,0,,0,0
-0.5,3.5,,1008.27,0,191295,,0,0,,0,0
-0.5,4,,1008.06,0,186390,,0,0,,0,0
-0.5,4.5,,1007.86,0,181485,,0,0,,0,0
-0.5,5,,1007.65,0,176580,,0,0,,0,0
-0.5,5.5,,1007.44,0,171675,,0,0,,0,0
-0.5,6,,1007.23,0,166770,,0,0,,0,0
-0.5,6.5,,1007.02,0,161865,,0,0,,0,0
-0.5,7,,1006.82,0,156960,,0,0,,0,0
-0.5,7.5,,1006.61,0,152055,,0,0,,0,0
-0.5,8,,1006.4,0,147150,,0,0,,0,0
-0.5,8.5,,1006.19,0,142245,,0,0,,0,0
-0.5,9,,1005.98,0,137340,,0,0,,0,0
-0.5,9.5,,1005.77,0,132435,,0,0,,0,0
-0.5,10,,1005.56,0,127530,,0,0,,0,0
-0.5,10.5,,1005.35,0,122625,,0,0,,0,0
-0.5,11,,1005.14,0,117720,,0,0,,0,0
-0.5,11.5,,1004.93,0,112815,,0,0,,0,0
-0.5,12,,1004.72,0,107910,,0,0,,0,0
-0.5,12.5,,1004.5,0,103005,,0,0,,0,0
-0.5,13,,1004.29,0,98100,,0,0,,0,0
-0.5,13.5,,1004.08,0,93195,,0,0,,0,0
-0.5,14,,1003.87,0,88290,,0,0,,0,0
-0.5,14.5,,1003.66,0,83385,,0,0,,0,0
-0.5,15,,1003.44,0,78480,,0,0,,0,0
-0.5,15.5,,1003.23,0,73575,,0,0,,0,0
-0.5,16,,1003.02,0,68670,,0,0,,0,0
-0.5,16.5,,1002.8,0,63765,,0,0,,0,0
-0.5,17,,1002.59,0,58860,,0,0,,0,0
-0.5,17.5,,1002.37,0,53955,,0,0,,0,0
-0.5,18,,1002.16,0,49050,,0,0,,0,0
-0.5,18.5,,1001.95,0,44145,,0,0,,0,0
-0.5,19,,1001.73,0,39240,,0,0,,0,0
-0.5,19.5,,1001.51,0,34335,,0,0,,0,0
-0.5,20,,1001.3,0,29430,,0,0,,0,0
-0.5,20.5,,1001.08,0,24525,,0,0,,0,0
-0.5,21,,1000.87,0,19620,,0,0,,0,0
-0.5,21.5,,1000.65,0,14715,,0,0,,0,0
-0.5,22,,1000.43,0,9810,,0,0,,0,0
-0.5,22.5,,1000.22,0,4905,,0,0,,0,0
-0.5,23,,1000,0,0,,0,0,,0,0
0,-1.5,,1010.33,0,240345,,0,0,,0,0
0,-1,,1010.12,0,235440,,0,0,,0,0
0,-0.5,,1009.92,0,230535,,0,0,,0,0
-0.95345,-2.04396,,584.247,60172.6,-3.14839e+06,,-9.41304,30.9324,,-238.089,7741.88
-1.45359,-1.44969,,1025.58,-96164.3,623360,,-38.6973,-60.7626,,-2381.8,-1439.09
-1.76031,-0.957455,,915.249,-96689.9,-1.48919e+06,,-62.2293,-18.5991,,-582.379,1425.33
-0.972156,-1.76359,,964.954,-84590.8,-712294,,84.8815,-116.797,,-2136.36,-2934.26
-0.72632,0.338597,,1132.08,-12362.7,4.45827e+06,,13.7599,-46.2756,,-4504.63,-2579.52
-1.74885,4.20139,,914.799,13440.8,-1.49514e+06,,16.0446,84.4434,,-3427.79,-782.69
-1.84702,3.98896,,850.333,-18205.6,-2.18714e+06,,-8.42158,44.141,,-463.923,109.413
-1.67875,3.19924,,942.548,-6535.34,-1.09308e+06,,15.3249,-14.3037,,-3527.25,-541.706
0.63114,3.35872,,852.289,28782.3,-2.17034e+06,,34.3039,-25.1329,,530.951,-1229.27
-1.76325,2.94171,,889.85,-66182.5,-1.79926e+06,,-51.3753,-47.3566,,-3273.23,49.0098
-1.04009,2.02068,,1123.53,10977,4.06091e+06,,19.3118,-131.178,,-3088.19,760.923
-2.15373,6.64935,,521.745,25873.9,-3.18936e+06,,37.7395,59.1897,,9867.07,-407.622
-1.49869,6.71276,,1025.34,14792.6,617150,,26.2179,2.91022,,-5775.53,881.646
-1.49144,6.07698,,1115.89,-16406,3.72125e+06,,-37.6354,-13.9984,,-7941.75,1684.46
-1.93826,5.9363,,650.977,86949.8,-3.0636e+06,,88.7478,-35.0841,,5125.15,2890.54
-1.35612,9.32505,,1183.24,14771.1,7.24323e+06,,22.8572,27.9137,,-6854.21,-1117.63
-1.43243,8.62398,,1124.44,-47037.8,4.10266e+06,,-47.721,14.3805,,-7941.18,-1291.1
-1.2362,8.6112,,1149.85,56541.9,5.34269e+06,,141.847,32.8167,,-5124.4,-1868.05
-2.44116,8.86563,,255.546,16515.1,-3.22306e+06,,32.9377,-58.8443,,26106.7,590.627
-1.63018,10.8794,,1000.02,-36197.2,384.16,,-59.2933,53.722,,-4249.75,855.362
-1.16782,9.64493,,1256.4,208.388,1.27056e+07,,6.17994,-48.8449,,-2687.37,2290.62
-2.5938,11.3225,,411.692,-12144.6,-3.21682e+06,,-45.1689,61.8302,,9496.81,3131.65
-1.52277,12.3076,,906.473,67451.3,-1.60229e+06,,96.5429,15.241,,-845.176,-20.5389
-1.46235,11.9919,,1096.08,-30757.8,2.90292e+06,,-42.0969,13.9824,,-5404.92,1235.36
-1.68684,11.2994,,914.362,64942.6,-1.50092e+06,,89.4049,-36.3795,,-4399.69,580.838
-3.19396,13.2769,,237.935,1924.59,-3.22315e+06,,-76.6194,10.4565,,4167.27,5970.64
-1.28403,14.9847,,1039.54,21491.6,1.00523e+06,,25.2095,61.8182,,-2160,304.554
-1.08839,13.7154,,959.715,12093.7,-806192,,78.222,-23.5141,,301.444,70.2444
-2.35025,15.2874,,443.655,-42176.9,-3.21238e+06,,-64.2277,72.5443,,9654.65,3488.48
-1.86928,16.2687,,646.684,69491.2,-3.07083e+06,,114.719,67.4729,,230.97,-1787.32
-1.65027,15.5048,,863.35,34327.6,-2.07088e+06,,48.5879,-14.0742,,-2035.18,1425.29
-2.45588,16.2865,,349.882,-11000.8,-3.22122e+06,,-3.34138,-40.3323,,15264.3,-3562.7
-2.25818,17.6302,,398.383,-25008.6,-3.21815e+06,,-30.2909,24.4136,,14059.6,-818.564
-1.43586,17.5254,,955.337,49912.6,-882316,,78.3217,-10.2792,,-3312.05,482.298
-1.6096,18.1486,,947.374,-58296.1,-1.01554e+06,,-65.3141,8.24289,,-1443.07,-1633.42
-1.41553,19.1691,,979.167,-15466.7,-441680,,-34.6475,36.3739,,-810.773,917.399
-1.88813,19.9737,,544.244,28192.4,-3.1777e+06,,29.9695,34.7155,,8861.41,-249.075
-0.539495,20.1705,,1047.43,26473.5,1.23504e+06,,-35.6267,13.9949,,-630.301,872.015
-0.261504,21.136,,1055.21,-3815.85,1.47215e+06,,-20.6379,32.9406,,1703.93,-2249.3
-1.76015,21.2707,,674.67,-23231.5,-3.0182e+06,,-32.279,29.3594,,4965.53,-767.533
-0.75872,21.8412,,1238.35,7521,1.11717e+07,,-33.6922,37.929,,-2202.35,-276.764
0.118753,22.898,,1103.88,-13104.7,3.21483e+06,,-8.33957,86.1772,,1206.69,266.39
-0.356662,23.5567,,1041.17,12273.9,1.05182e+06,,-10.1,71.7716,,-1144.85,710.669
-0.316825,24.0541,,949.742,21540.1,-976629,,21.2101,30.3454,,335.464,1398.3
-0.268943,23.896,,1030.36,8097.8,750565,,-26.8403,12.2535,,-572.022,1523.5
-0.388598,23.5518,,1071.56,18454.1,2.00558e+06,,-4.64178,7.14962,,-1609.77,755.447
-0.446626,24.9681,,763.628,-729.702,-2.73523e+06,,-9.0376,36.1285,,3311.24,-1933.46
0.5,-1.5,,1010.33,0,240345,,0,0,,0,0
0.5,-1,,1010.12,0,235440,,0,0,,0,0
0.5,-0.5,,1009.92,0,230535,,0,0,,0,0
-2.06732,-0.548906,,537.432,-60052.6,-3.18154e+06,,-53.9502,41.9578,,8690.88,-524.629
-1.29114,-1.01479,,1169.64,29409.6,6.42951e+06,,131.761,90.1249,,-5497.35,842.879
-2.27798,0.676773,,335.434,-16827.4,-3.22175e+06,,-39.0382,6.08192,,13693.9,-1962.52
0.40048,0.81659,,1298.92,13035.5,1.68855e+07,,43.0605,22.7868,,1440.22,734.487
1.15063,1.83563,,1059.44,22834.5,1.60546e+06,,16.8236,-17.115,,-264.617,3470.37
-0.113781,1.6094,,1163.71,1220.23,6.09228e+06,,10.2586,-15.9803,,785.758,6119.78
-2.92643,2.77311,,222.038,-2316.78,-3.2232e+06,,-34.74,11.368,,10181.8,1744.93
-0.335439,2.78158,,1089.44,-21083.8,2.64782e+06,,33.4287,-44.8655,,2974.24,459.178
-0.647161,4.34758,,1424.26,10625.4,3.50974e+07,,-23.1805,-14.7071,,4399.09,-14316.4
-2.10311,4.58385,,659.074,-26896.3,-3.04917e+06,,-55.5494,13.1816,,4854.83,-1928.53
-0.745985,4.76625,,1508.9,8183.77,5.41784e+07,,-85.1899,3.23834,,-6283.3,-339.807
-0.0133817,5.13469,,1314.9,-34382,1.86821e+07,,-34.9112,-19.7006,,15569.7,-6442.43
-0.336558,5.94462,,1450.8,6158.09,4.03826e+07,,-26.5669,-0.304256,,2077.26,1180.59
-1.41964,5.47105,,1194.54,-40659.3,7.96333e+06,,-91.2575,-54.6192,,-11246.6,1414.76
-0.311483,6.65913,,1376.56,580.802,2.69664e+07,,19.7953,-7.01886,,3084.18,7644.17
-0.569404,7.25127,,1290.72,-7693.61,1.60134e+07,,-15.2068,3.14265,,-2668.69,6846.49
-2.07155,7.39069,,618.724,-69443.7,-3.1114e+06,,-113.59,-42.8994,,5220.39,-2550.11
-0.392679,8.39784,,1237.59,3259.8,1.11094e+07,,21.7844,1.10425,,2334.13,-2846.72
0.0219009,9.03042,,1198.69,-4215.25,8.23826e+06,,21.0124,-30.4656,,2300.73,-1686.25
-1.59802,9.84654,,1127.51,-99642.1,4.24366e+06,,-105.539,-29.503,,-6182.74,435.591
0.314878,11.122,,824.091,-42037,-2.39128e+06,,80.0015,29.6592,,1373.63,-1303.55
-0.346267,10.5673,,1079.72,-47783.4,2.29089e+06,,20.5619,-13.4779,,2624.78,-631.021
-0.961262,11.2133,,1409.95,-4226.24,3.24817e+07,,-64.7025,5.73742,,-758.57,-3847.81
-2.51851,11.5382,,519.963,-59047,-3.19016e+06,,-122.602,-22.0556,,5049.54,-3470.28
-0.433566,12.017,,1344.56,-15924.8,2.23839e+07,,-4.84679,29.7409,,2907.13,4469.26
0.959396,12.3785,,1070.43,-36809.6,1.96711e+06,,58.1211,-38.1919,,249.287,-10298.1
-0.0179018,13.8223,,792.014,18397.9,-2.59316e+06,,10.0272,23.3637,,-4116.35,2214.65
-2.66658,14.1313,,361.113,-22304.3,-3.2207e+06,,-103.339,-7.73541,,1425.61,-3747.95
-0.0638876,15.0712,,950.218,-17044,-968727,,-5.31066,-17.2771,,-1389.96,-988.454
-0.534114,15.5371,,1123.54,8650.99,4.06176e+06,,-36.691,0.599152,,1014.61,-1755.54
-0.533612,16.4159,,1199.56,10183,8.29657e+06,,-30.4112,27.6024,,-227.718,-2602.78
-0.545943,17.1994,,1244.78,36676.3,1.17028e+07,,-25.5881,-0.486706,,1261.74,2025.07
-0.438698,18.2817,,1171.63,18051.5,6.54547e+06,,-34.7768,62.1109,,-1208.72,-1801.34
-0.251407,17.5576,,1090.02,10556,2.66993e+06,,-15.4698,4.37647,,2451.73,963.515
-0.184611,18.6391,,1189.49,38497.8,7.6369e+06,,-37.748,65.5602,,-3004.43,-2313.8
0.139964,19.1322,,1195.34,13767.7,8.01589e+06,,-55.0369,13.5049,,-3744.22,2573.32
-0.0765135,19.5991,,1128.34,29650.2,4.28239e+06,,-90.4296,7.70392,,-2598.53,4807.56
0.0693668,20.1729,,917.946,-3762.49,-1.4531e+06,,-62.6742,36.9483,,-1382.56,2257.64
0.96708,21.2892,,976.227,13546.8,-499624,,44.0981,69.0494,,-318.667,751.803
0.437341,21.4387,,978.527,-23959.6,-454370,,2.93523,50.9707,,1329.13,-753.695
0.0780829,22.8126,,1119.4,-9647.05,3.87564e+06,,-41.8975,84.1259,,1256.88,-68.4773
0.905533,22.5014,,972.317,-42223.1,-575066,,24.1259,38.1085,,942.946,-1349.15
1.3547,21.998,,849.785,5931.71,-2.1918e+06,,42.0934,-8.27379,,-945.328,-1219.85
0.80089,24.1301,,1019.76,220.935,473202,,-3.90389,53.0162,,-1053.35,2238.62
0.0472592,23.968,,1092.39,9931.16,2.76002e+06,,-20.3962,34.1547,,157.088,1743.95
0.179269,24.8634,,918.851,3434.75,-1.44085e+06,,-0.163357,47.6958,,695.007,-111.728
-0.525037,24.0671,,1130.68,8017.48,4.39202e+06,,-14.784,1.40059,,-3312.59,2832.44
1,-1.5,,1010.33,0,240345,,0,0,,0,0
1,-1,,1010.12,0,235440,,0,0,,0,0
1,-0.5,,1009.92,0,230535,,0,0,,0,0
0.23426,-1.77571,,1024.97,-79705.4,607300,,5.34166,-93.6039,,1234.84,-3750.12
-0.316004,-1.37567,,1366.68,-30384.2,2.54821e+07,,-53.6231,-66.5553,,1950.33,-7834.09
0.0279343,0.970456,,1280.26,-9489.14,1.49481e+07,,33.5134,37.8866,,-2038.79,2286.32
-0.18663,0.805068,,1345.7,-15756.8,2.25365e+07,,16.1989,8.95912,,-4782.34,-2457.67
-0.531373,1.63103,,1311.63,-458.754,1.83036e+07,,-16.0907,62.2872,,-1067.46,4073.28
0.426242,1.58187,,1079.79,14452.8,2.29345e+06,,22.3843,-20.7081,,1316.68,6352.18
0.597449,2.92047,,933.38,34106,-1.23395e+06,,23.2029,-19.1708,,-187.511,828.705
0.33602,1.11938,,1249.81,28851.3,1.21302e+07,,17.6059,-65.7978,,1704.15,6156.55
-0.249358,5.47199,,1516.52,5119.36,5.62394e+07,,-71.8356,50.0171,,10830.3,-3051.66
0.933062,3.47531,,993.816,22940.1,-136965,,6.70775,-59.9046,,-1794.38,-732.144
-0.565604,4.6277,,1500.68,9782.44,5.20241e+07,,-53.1217,-26.5013,,9588.71,-7721.59
0.239537,5.21736,,1168.47,-54836.8,6.36222e+06,,-10.9068,-11.9332,,13820.7,-4332.41
0.495645,6.02557,,1157.27,-10342.4,5.73764e+06,,-3.25038,61.4228,,12903.1,1271.9
-0.27741,6.00386,,1408.2,3195,3.21723e+07,,-11.9633,-6.49343,,4723.31,2404.02
-0.0993084,6.34106,,1350.74,10720.7,2.32185e+07,,-1.09963,-5.93801,,10819.3,5909.77
0.0192707,7.15126,,1136.34,3897.91,4.66268e+06,,16.67,2.04535,,5863.87,5883.7
0.00800678,7.68454,,1083.84,2400.17,2.43996e+06,,36.8017,-1.84705,,2474.93,2497.66
-0.0226257,8.71421,,1149.4,13023.5,5.31969e+06,,12.1899,-6.92482,,2058.25,-3077.46
0.00391487,9.1619,,1232.36,-5685.46,1.06909e+07,,11.5822,-23.2257,,2179.83,-32.0488
0.521489,9.30385,,1101.7,-4196.9,3.12623e+06,,58.7915,-39.4247,,3324.24,1272.88
0.0682638,9.69958,,1158.05,-21652.3,5.77992e+06,,21.7758,-31.6944,,1873.6,4801.29
0.635159,9.51265,,1047.83,14097.9,1.24708e+06,,37.8224,-62.2051,,3152.9,2733.82
1.0701,10.54,,585.82,18893.2,-3.14696e+06,,1.66178,-38.0585,,-235.766,-861.144
-0.217597,11.9504,,1283.47,-24220.2,1.52691e+07,,1.39894,45.8888,,4765.53,1348.67
0.574812,12.2697,,1021.49,1095.91,517216,,21.5486,11.4998,,-1044.55,-6042.22
0.371957,11.9697,,1013.51,-9795.81,317566,,31.2346,-11.1316,,1939.1,-3422.12
0.55384,12.9239,,1089.38,11358.6,2.64556e+06,,19.3815,0.673298,,-10259.8,-812.618
1.52469,14.8054,,1202.04,74465.3,8.4647e+06,,104.056,12.8756,,-722.549,3090.64
0.339463,14.5104,,876.497,-9977.65,-1.94228e+06,,-13.9042,-55.9232,,-3405.44,-168.684
0.752797,16.2001,,1051.73,-9258.02,1.36464e+06,,20.1558,70.2014,,1172.3,1656.17
0.406748,16.3837,,1038.88,-811.278,986345,,4.99762,57.8349,,2114.96,622.357
0.609871,17.148,,907.628,21589,-1.58778e+06,,12.2212,-6.30399,,1554.98,623.849
0.412739,18.0481,,958.973,-7353.84,-819229,,-1.88303,26.7323,,1334.21,-4189.78
0.522845,17.4504,,858.312,1356.69,-2.11714e+06,,10.575,-8.63989,,1357.47,-627.663
0.298308,18.7166,,1230.14,13220.6,1.05167e+07,,-40.3707,36.1307,,-847.892,-5052.63
0.321697,19.0988,,1234.73,-3062.19,1.08792e+07,,-61.3736,1.25726,,-1623.78,2025.92
0.649353,19.5453,,1183.23,-64693.4,7.24274e+06,,-26.9535,23.0381,,-220.587,6559.99
0.898161,20.1765,,959.204,-47914.9,-815171,,11.5656,61.7495,,-2260.04,3072.69
0.148063,21.235,,957.925,-16512.5,-837561,,-27.4115,50.4133,,1389.28,-946.424
0.334174,21.5891,,1001.96,-27626.8,44414.8,,-2.03638,45.9895,,1871.74,-1122.57
0.602819,22.2833,,1036.92,-41638,931093,,17.232,29.3281,,1701.92,-1198.94
0.704243,22.7604,,1027.98,-47391,686912,,24.7614,70.5775,,1210.88,-962.302
-0.375608,22.6765,,1155.94,-3904.11,5.66533e+06,,-53.9305,51.6983,,-478.674,1197.48
0.45685,24.1967,,1064.9,6010.87,1.78231e+06,,-15.3301,51.9864,,-141.04,2096.35
3.59625,23.6846,,947.433,-38421.8,-1.01457e+06,,27.8997,47.2537,,1658.44,-1296.96
2.80295,23.7409,,1057.73,-3146.52,1.55108e+06,,-3.16694,39.9559,,1269.32,-493.687
2.77029,24.6109,,1253.19,8364.08,1.2423e+07,,-25.1037,29.8245,,-5823,-403.893
1.5,-1.5,,1010.33,0,240345,,0,0,,0,0
1.5,-1,,1010.12,0,235440,,0,0,,0,0
1.5,-0.5,,1009.92,0,230535,,0,0,,0,0
0.587996,-1.96303,,694.104,129945,-2.9731e+06,,10.6626,101.22,,-77.4204,4070.78
0.261098,-0.34665,,1153.52,-21777.3,5.53636e+06,,-10.7165,38.7868,,-306.209,-1642.05
0.281495,0.406509,,1213.68,5084.66,9.28008e+06,,8.43997,5.88622,,-1813.17,-6597.55
0.622874,2.06869,,1017.03,-2176.88,404503,,-7.47042,46.8945,,98.6633,3848.79
1.54829,-0.301101,,1153.63,-25956,5.54175e+06,,22.6675,57.4816,,2425.13,695.198
0.384787,2.78199,,939.626,21319.8,-1.13888e+06,,-10.2159,-17.7594,,714.795,1226.44
1.24187,2.30853,,1040.68,38959.7,1.03768e+06,,13.5378,-34.1932,,-1051.95,2523.27
0.757538,2.00923,,1052.01,25557.7,1.37318e+06,,7.7901,-46.1455,,-126.863,4020.99
3.05998,11.7895,,1025.09,-117427,610446,,7.66522,180.47,,174.854,401.671
2.5284,1.70676,,1188.97,21989.8,7.60307e+06,,35.3433,-77.7833,,3133.25,-2084.79
1.9288,4.92474,,1109.46,4051.42,3.44597e+06,,46.4554,-7.36062,,-5820.14,3057.77
2.85163,6.20659,,1100.6,-82018.7,3.08183e+06,,25.935,3.49533,,-1445.94,267.743
2.18927,5.0491,,1139.71,-8647.99,4.82799e+06,,36.2477,-37.4253,,-4791.74,4744.23
0.486045,6.16097,,1110.75,6809.97,3.50049e+06,,-10.8065,35.8071,,11981.7,2358.63
0.814442,7.181,,890.251,46957.2,-1.79477e+06,,-14.3476,20.8885,,2547.42,371.719
0.945484,7.62492,,972.204,37152,-577228,,-13.03,8.01378,,-614.778,-2117.28
0.816161,7.86378,,1016.43,37384.9,389423,,-3.46747,-9.53939,,-968.534,-1869.07
1.1844,8.05299,,1097.2,19453,2.94687e+06,,-16.8794,-14.8535,,-3226.5,-2504.85
0.932248,9.47072,,878.789,17394.3,-1.91864e+06,,15.4298,-3.85642,,620.914,1919.62
0.710787,8.29214,,1029.82,41290.3,735987,,0.994129,-31.7856,,-1127.97,-1318.16
0.135317,9.72581,,1215.27,-26098.2,9.39515e+06,,28.5735,-25.316,,3307.95,6221.77
2.73152,9.01831,,1103.52,-51455.4,3.19995e+06,,83.9555,-77.1109,,6882.5,382.608
0.550648,12.817,,1337.04,-22310,2.13976e+07,,-23.4497,91.5804,,-12969.8,-2167.75
1.42747,13.1578,,1412.04,-29578.7,3.28541e+07,,12.3453,71.9841,,5605.89,-11164.1
0.0312531,11.5463,,1241.22,-38301.4,1.14064e+07,,28.235,0.152694,,7028.25,-4833.66
1.71029,13.7088,,1338.42,12628,2.15764e+07,,6.6763,80.8675,,6682.15,3620.05
0.957364,13.1448,,1403.56,-6249.22,3.13634e+07,,2.28819,36.6664,,-12853.4,-29.3938
0.905541,14.2014,,1054.75,62417.2,1.4577e+06,,31.5284,7.05,,-8678.53,4741.15
0.739929,15.3821,,1027.98,-48062.6,686931,,-8.4325,1.76824,,-3324.24,1644.21
0.752034,16.2183,,1086.35,-7303.98,2.53238e+06,,7.11785,69.8656,,1314.75,1588.77
0.532583,16.5108,,1065.69,11348.9,1.80846e+06,,-9.85751,34.3294,,2427.98,1567.52
0.70357,17.0219,,904.929,38859,-1.62152e+06,,-25.2572,-3.14505,,1111.7,879.211
0.778782,18.1794,,1004.44,-10594.2,101578,,-25.8049,18.5122,,2088.85,-5029.34
1.00276,18.0784,,948.891,-19610.8,-990679,,-17.4877,4.99243,,1723.58,-3273.5
0.673848,18.6762,,1214.49,-14441.9,9.3388e+06,,-39.6389,10.1809,,3494.88,-5953.21
0.789508,19.4527,,1158.25,-70599.4,5.79066e+06,,-16.8518,28.4367,,1471.09,4346.32
1.42979,19.7801,,1141.39,-14941.3,4.91142e+06,,33.3839,64.9314,,-2788.1,-1137.39
1.59034,19.8405,,1159.78,9236.36,5.87422e+06,,62.553,41.9896,,-3025.48,-2618
1.24533,20.994,,988.027,34995.8,-260627,,38.6735,65.2,,-2753.84,2721.65
1.42833,21.6792,,937.168,32877.3,-1.17674e+06,,10.9456,22.466,,-1180.61,574.51
2.50391,22.2923,,1106.68,18274.1,3.32999e+06,,19.6813,31.8348,,-3029.31,-931.875
2.41131,22.5571,,1056.18,1130.63,1.50227e+06,,16.599,35.6845,,-2224.8,-153.722
1.8148,23.5238,,1162.96,3765.94,6.0504e+06,,31.2946,57.4611,,1080.53,-1922.01
0.671879,24.9701,,780.623,6737.69,-2.65392e+06,,-22.8962,39.5681,,-1632.51,-2694.68
0.511485,24.8074,,913.348,18461.9,-1.51424e+06,,-27.2666,23.2595,,-538.415,393.883
1.67255,23.7439,,1221.14,7246.31,9.82838e+06,,18.2593,46.2178,,-653.221,2346.23
1.80639,24.8416,,948.355,20821,-999495,,2.99313,29.3343,,-1256.3,1554.82
2,-1.5,,1010.33,0,240345,,0,0,,0,0
2,-1,,1010.12,0,235440,,0,0,,0,0
2,-0.5,,1009.92,0,230535,,0,0,,0,0
0.892929,-1.41681,,1241.09,-31372.2,1.13961e+07,,-10.7209,-38.3868,,706.793,-4592.24
0.42852,0.276279,,1178.68,8445.12,6.96436e+06,,12.4877,4.75279,,-363.106,-7170.77
0.759122,0.566672,,1233.47,23826.7,1.07788e+07,,31.2484,25.0188,,3026.24,-2950.38
1.25991,1.77312,,1179.39,27156.5,7.00705e+06,,7.13145,-36.9988,,82.6372,3838.09
1.83823,0.832301,,1062.21,7518.16,1.69451e+06,,22.5969,18.6302,,3826.06,-1631.58
2.10838,1.59968,,1155.62,30109.5,5.6486e+06,,12.7118,-23.42,,156.774,-849.042
1.24707,3.87822,,1053.27,-3912.04,1.41208e+06,,8.35625,-46.6752,,-2873.27,56.3001
2.86998,-2.10857,,797.704,-51399.3,-2.56078e+06,,54.7182,-139.133,,1757.8,-3681.52
1.81428,3.46865,,1160.93,-12567,5.93771e+06,,15.1072,-61.9992,,-1717.65,-1837.74
1.56818,4.58362,,1051,3354.08,1.34239e+06,,32.3946,-39.4993,,-4644.42,773.967
-0.17105,4.349,,1200.94,-15112,8.38953e+06,,-37.7469,-75.036,,13452.6,-9567.24
0.741986,5.39558,,955.082,-49763,-886684,,16.5383,18.0755,,6670.37,-424.96
0.948843,5.88727,,936.486,-16977.7,-1.18714e+06,,21.2224,71.7519,,4876.99,717.269
0.482017,5.25405,,1072.12,-64653,2.02495e+06,,-2.42748,-24.5245,,10951.4,-2610.48
0.951168,6.58446,,816.083,39866.1,-2.44625e+06,,-19.6473,11.1998,,3370.57,1395.4
-0.101282,6.88696,,1275.19,11963.5,1.44499e+07,,0.368808,-12.434,,7926.32,7547.4
0.559957,7.71075,,1031.93,37346.9,793228,,2.06925,-6.25468,,1257.05,-477.864
1.57719,8.62186,,1240.12,-10420.9,1.13158e+07,,-12.9785,16.988,,-4900.52,129.107
1.9261,9.47207,,1094.33,-7410.55,2.83463e+06,,23.3979,9.47101,,-2267.36,6996.39
1.53121,8.54542,,1232.85,-8034.79,1.07296e+07,,-12.9915,-6.55069,,-4936.49,-711.054
0.951662,9.17915,,1086.7,33982.6,2.54538e+06,,26.8246,-65.2142,,216.491,2145.83
1.31091,13.6096,,1312.89,11718.6,1.84481e+07,,-20.1895,96.3155,,-7425.97,7456.11
4.4821,10.1751,,847.682,42307.7,-2.20954e+06,,132.68,-78.2806,,-480.155,-305.793
1.59321,13.0686,,1269.71,-54768.9,1.39257e+07,,7.0731,28.8492,,10511.5,-12243
4.46054,10.4876,,960.727,24908.4,-788289,,135.57,-127.789,,-392.33,-2809.62
1.53953,14.4064,,1160.67,88128.5,5.92315e+06,,4.66954,56.2929,,-1909.67,6347.66
2.11783,13.8112,,1195.52,6049.42,8.02815e+06,,3.4459,44.8819,,14723.5,426.402
0.902356,14.0262,,1038.27,58452.3,969079,,10.1466,29.4763,,-9795.7,6461.64
1.03651,15.1063,,1171.37,3061.83,6.52991e+06,,21.8734,-35.6385,,-4140.89,1894.95
1.23521,15.0011,,1203.68,38021.4,8.5765e+06,,45.6334,-47.7425,,-2773.66,2306.93
1.10509,16.3254,,987.844,9396.72,-264472,,-5.28379,21.3797,,1151.48,2528.87
1.38945,16.5128,,752.556,35773.6,-2.78266e+06,,-25.4316,-15.8461,,-1265.52,307.027
1.63393,18.4899,,965.018,-23058.9,-711137,,1.91627,49.3107,,2524.75,-2648.97
1.1123,18.7434,,1158.42,-36141.9,5.79984e+06,,-11.2302,10.6449,,5617,-4155.61
1.5599,18.082,,883.422,-24326.2,-1.86973e+06,,-10.3752,13.9389,,1668.31,-898.079
1.48855,21.1096,,968.166,55584.4,-653204,,-5.06094,40.1967,,-3515.56,3610.4
1.54745,19.0447,,1022.9,-32448.6,553654,,5.01387,29.3999,,3327.68,-3225.73
1.55811,20.3966,,1188.67,40569.1,7.58411e+06,,18.9681,40.3085,,-7579.15,3639.69
1.02583,20.5575,,984.72,-2994.85,-329350,,19.658,64.427,,-3145.91,2512.95
1.26628,21.4715,,1054.26,31256,1.44265e+06,,13.0853,19.6255,,-459.909,1339.14
0.776362,22.3188,,1084.27,-35481.7,2.45545e+06,,2.66267,26.0516,,1895.28,-1239.78
1.80693,23.2351,,1062.78,-4788.45,1.71291e+06,,23.6006,49.6269,,-101.139,-3420.25
0.928172,23.6939,,1015.91,-17051.5,376454,,-47.7372,89.3541,,-2015.52,624.224
1.47831,23.5972,,1156.22,-9532.88,5.6806e+06,,3.12539,58.5592,,-3137.44,-913.777
0.282922,24.7816,,945.839,-4340.09,-1.04045e+06,,-20.671,55.3075,,229.751,855.573
0.618422,24.4643,,1090.85,3408.75,2.70121e+06,,-12.5409,53.6846,,38.8364,2983.51
1.57077,24.8565,,946.09,12596.3,-1.0364e+06,,7.58505,34.7726,,-531.73,1355.74
2.5,-1.5,,1010.33,0,240345,,0,0,,0,0
2.5,-1,,1010.12,0,235440,,0,0,,0,0
2.5,-0.5,,1009.92,0,230535,,0,0,,0,0
-0.482052,-1.24933,,1324.34,9080.48,1.9807e+07,,-107.61,11.9064,,-537.226,-2537.74
1.23471,0.493397,,1121.83,19318.1,3.98432e+06,,17.8498,20.054,,5553.39,-2854.37
1.05195,0.373576,,1130.68,26981,4.39166e+06,,15.019,22.7021,,4058.95,-4599.39
2.20168,1.96814,,1153.93,27733.2,5.55783e+06,,0.132562,-27.8742,,-1189.22,1417.3
2.02962,1.21769,,1113.68,30340.4,3.62567e+06,,11.4298,36.6267,,1947.83,-2030.24
2.43112,2.96392,,1068.06,29145.9,1.88731e+06,,30.8689,-16.3873,,578.859,474.923
1.8859,6.4497,,967.642,3884.69,-662929,,-10.9407,109.578,,-1428.24,-220.173
0.807922,3.51133,,995.209,9651.67,-106557,,-8.45853,-25.2287,,-1199.49,-877.722
2.03031,4.4317,,1198.31,-24777.1,8.21263e+06,,-41.0847,-6.51975,,-5809.28,-1276.7
2.88274,2.02684,,1142.26,-1139.55,4.95473e+06,,5.12121,-54.2836,,4293.27,-737.636
-1.03557,3.26683,,1338.1,-13584.3,2.15346e+07,,-56.892,-29.4535,,-125.877,-1842.64
2.70964,4.75581,,1303.04,-21288.8,1.73354e+07,,25.7399,-14.5191,,523.66,2300.76
6.28377,2.87964,,1121.51,-33674.4,3.96987e+06,,109.986,-57.9541,,-1745.39,1108.74
1.84205,5.48174,,937.303,-32579.1,-1.17468e+06,,-26.2744,-30.8164,,-2058.73,2480.06
1.9413,5.81259,,983.769,-47337.9,-348864,,-38.4949,-25.5876,,-1902,1535.84
1.74272,7.10527,,1041.74,22190.6,1.06834e+06,,-14.0003,11.3332,,-1568.18,-2010.02
2.19045,7.44391,,1024.63,20568.8,598569,,10.0552,8.22547,,999.497,-1585.8
2.00868,7.97625,,1112.52,-3783,3.57599e+06,,15.7893,-21.7664,,2317.26,-4246.42
2.15859,9.5405,,1109.66,-24045.5,3.45425e+06,,22.3911,15.3127,,-395.139,7392.09
0.547406,11.2789,,958.653,-3376.07,-824839,,39.8758,14.6482,,2021.07,-2598.78
3.77806,9.46467,,931.053,-14974.5,-1.26841e+06,,128.07,-81.0677,,346.059,720.169
4.98157,14.9842,,1254.13,69475.3,1.25056e+07,,101.843,102.385,,-4702.74,-7457.59
3.87866,17.4678,,1114.82,11149.1,3.67476e+06,,52.638,224.609,,-538.004,3362.79
-0.316523,16.6121,,1336.53,33434.6,2.13326e+07,,-43.3454,145.504,,5448.37,-1053.37
3.43447,9.82531,,862.564,-2940.49,-2.0782e+06,,22.6638,-15.85,,1216.68,-18.2997
0.870242,14.569,,1207.53,37248.2,8.84301e+06,,33.2786,33.187,,-8126.84,923.657
0.868808,15.3324,,1188.36,-36577.3,7.56479e+06,,-2.82402,1.34649,,-4476.82,2615.19
1.88815,13.6206,,1185.59,6402.57,7.38977e+06,,-26.7332,41.005,,11738.7,-1674.13
2.80564,14.4015,,933.661,-6278.5,-1.22975e+06,,-4.90061,-15.1976,,3524.99,-1828.75
1.73056,15.456,,1094.93,45582.8,2.858e+06,,5.89582,18.9135,,518.242,4998.65
2.42122,16.4476,,805.284,17540,-2.51543e+06,,3.37116,-1.05918,,571.724,1730.84
2.23249,15.8323,,949.08,32241.4,-987565,,-11.0156,-12.8422,,462.072,4342.26
2.19557,18.2987,,946.887,-27350.8,-1.02347e+06,,12.8035,53.1642,,963.222,-1367.5
1.82235,20.1038,,1252.42,25936.5,1.23556e+07,,-17.4816,95.9779,,-5091.48,-2041.3
2.13194,17.6847,,894.247,-29655.5,-1.74927e+06,,-5.71521,-2.61271,,1435.86,175.292
2.70542,20.9504,,1218.8,34961.7,9.65379e+06,,28.5935,52.7771,,-1897.58,6951.65
1.65729,19.4444,,1107.29,-10123.8,3.35529e+06,,7.9379,50.2725,,1492.05,-4741.21
2.22481,19.9612,,1223.16,7904.32,9.97966e+06,,-27.4716,33.1837,,1263.92,-9042.98
0.704247,19.105,,1261.83,-36459.8,1.31944e+07,,-27.3754,-41.5338,,3608.23,850.684
-0.559442,21.8266,,1313.2,17295,1.84841e+07,,-88.0518,46.1509,,2896.22,-650.481
1.34741,23.0707,,1014.83,-27402.3,349907,,0.958671,50.1458,,-1304.24,-2941.89
2.85458,22.8677,,1075.28,-35458.4,2.13415e+06,,-21.6877,32.3091,,1638.62,1466.59
2.65551,22.142,,1089.64,3102.04,2.65553e+06,,-26.2189,-22.2785,,-1628.95,-841.383
1.60956,23.7062,,1180.8,-355.003,7.09311e+06,,1.8908,68.0108,,-1654.6,1254.51
2.61073,19.8351,,1048.72,-56611.3,1.27349e+06,,-33.3063,-49.7534,,4454.2,-8438.68
0.362492,23.1504,,1099.26,5050.04,3.02848e+06,,-60.2786,27.0548,,1303.21,496.823
2.69297,25.0918,,1086.49,17872,2.53731e+06,,-16.9637,21.7181,,-5190.38,2985.08
3,-1.5,,1010.33,0,240345,,0,0,,0,0
3,-1,,1010.12,0,235440,,0,0,,0,0
3,-0.5,,1009.92,0,230535,,0,0,,0,0
0.869882,-1.8401,,1090.73,-118532,2.6967e+06,,-35.9265,-141.945,,61.463,-5007.61
1.61003,1.86312,,1045.35,12944.8,1.17358e+06,,-34.5153,17.8974,,-720.121,2099.53
2.85045,1.03799,,919.75,49174.6,-1.4286e+06,,3.23887,29.5751,,586.001,-985.872
3.81661,1.33306,,860.948,17726.1,-2.09314e+06,,13.4044,-8.44512,,-1127.82,806.177
2.23664,-0.254146,,1084.75,-23491.3,2.47312e+06,,0.210765,54.9042,,1835.07,1077.5
2.05518,3.56971,,1103.27,-12197.7,3.1898e+06,,17.7066,-16.0471,,-475.322,-1745.59
4.32196,8.2809,,1017.4,-60562.7,413604,,10.1518,129.489,,241.883,514.879
2.19832,0.986013,,1074.63,32028.8,2.11128e+06,,15.5458,27.3298,,2803.54,-2689.48
1.65799,3.52922,,1097.72,-18487.8,2.96752e+06,,-53.596,-59.6017,,-2367.42,-1128.49
2.3768,2.18251,,1140.07,11720.5,4.84587e+06,,-35.1341,5.79575,,-399.216,1915.37
2.33733,3.27155,,1035.38,11316.7,888271,,-11.21,-65.9838,,731.798,-929.51
4.71108,4.65515,,1128.85,95233,4.30578e+06,,48.6778,-10.9775,,-12425.7,-6537.14
2.79688,4.84126,,1295.7,-25904,1.6539e+07,,33.022,-33.2045,,2778.12,4769.16
3.10179,6.28068,,1145.93,-73261.7,5.14061e+06,,27.8732,7.07521,,-200.364,91.6528
2.29693,5.633,,1075.71,-56244.4,2.14918e+06,,-46.1747,-54.5034,,-2429.58,3384.17
2.10952,6.94784,,1054.92,9393.27,1.46293e+06,,-30.3204,23.6564,,-1047.77,-1112.3
1.32098,6.91437,,931.255,16565.2,-1.26544e+06,,-81.2783,-27.1482,,-482.155,-687.442
1.35702,7.99327,,1167.92,8849.63,6.33063e+06,,-63.0768,-19.1029,,-2551.08,-3524.85
1.78541,9.59919,,967.492,-5706.78,-665703,,-12.5603,8.00732,,-1784.66,5193.07
2.66852,11.0829,,978.028,-53982.6,-464247,,-7.45098,-20.0715,,-1432.01,-1234.96
2.41265,13.0221,,934.795,-36411.3,-1.21273e+06,,-8.29086,105.37,,7598.3,-3583.19
2.78323,9.63903,,1116.32,2961.55,3.73992e+06,,59.502,-64.9748,,3163.75,4848.08
3.32211,10.9346,,1027.31,-64115.1,668999,,-4.72857,-65.5137,,-1481.73,-1307.68
2.11854,12.4202,,1103.26,-37323.5,3.18928e+06,,-71.0318,13.6434,,4224.08,-3389.49
1.95776,7.93572,,1169.12,4991.64,6.39971e+06,,-16.0474,-22.1159,,2118.17,-4489.36
2.56747,15.1716,,1291.94,-4001.46,1.61403e+07,,8.37716,62.5688,,1815.41,1927.16
1.55119,15.6622,,1166.07,18885.8,6.22531e+06,,25.2849,16.2594,,550.216,6262.9
1.04296,12.4395,,1174.22,-26539.6,6.69731e+06,,-146.563,-78.9563,,1500.18,-12437.5
3.63699,14.7087,,1144.82,-22323.3,5.08384e+06,,-3.66019,4.42292,,-2489.51,-6898.02
3.22076,14.9276,,1149.72,-41897.2,5.3362e+06,,-30.7187,-20.339,,-2043.55,-2593.46
2.58307,15.0527,,1142.92,-8226.18,4.98807e+06,,-34.7873,-57.2214,,1897.31,64.1921
2.44893,15.0778,,1136.66,7138.13,4.67845e+06,,-41.058,-55.4611,,1307.62,1023.83
2.59195,17.8567,,968.952,-25727.1,-638559,,18.5705,27.1405,,78.7233,-161.873
2.16905,19.5586,,1034.69,29285.2,869116,,-26.2077,52.1234,,2076.68,-7010.56
2.39253,17.0409,,787.449,-17118.9,-2.61815e+06,,-18.2564,-41.3403,,1256.41,1045.94
2.1736,20.5984,,1251.98,-9494.78,1.2318e+07,,-63.0214,118.098,,-6488.85,6112.69
2.16262,18.4048,,947.537,-15606.5,-1.01287e+06,,-7.99926,19.9836,,1103.42,-1760.89
3.60581,21.2363,,1253.24,30127.9,1.24278e+07,,40.0544,69.4764,,2214.21,3195.88
4.50341,20.7399,,1143.37,-34252.9,5.01041e+06,,12.5428,83.2509,,-3546.01,-3060.35
4.55653,22.6541,,1002.97,-5432.56,67510.1,,2.58827,69.4746,,-619.814,1126.33
3.41494,22.7815,,1042.55,-34666.2,1.09156e+06,,16.8724,23.1646,,2659.24,1354.64
2.68734,22.3143,,1131.02,-6306.04,4.4079e+06,,-31.6151,-10.5978,,-805.818,-380.201
2.45581,23.3893,,1064.16,4553.87,1.75796e+06,,-39.7933,59.1765,,1798.91,-34.1461
2.98411,23.7585,,1060.81,-13205.9,1.64943e+06,,-32.9318,58.9497,,1414.11,-1157.36
2.84476,23.3531,,1061.16,-21329.7,1.66064e+06,,-42.0637,36.3478,,1971.46,432.75
3.44924,24.777,,1167.3,-18264.4,6.29566e+06,,-9.68784,53.6384,,3292.65,-1231.38
2.96081,25.1395,,1193.71,-6248.71,7.90914e+06,,-24.7492,50.5906,,-4626.5,5924.34
3.5,-1.5,,1010.33,0,240345,,0,0,,0,0
3.5,-1,,1010.12,0,235440,,0,0,,0,0
3.5,-0.5,,1009.92,0,230535,,0,0,,0,0
2.78588,-2.72847,,471.857,25053.2,-3.2065e+06,,32.946,-67.0295,,6946.62,5712.91
1.13301,1.244,,1150.92,18714.6,5.39875e+06,,-42.5091,21.3646,,2593.69,3684.97
3.4136,0.468096,,1093.08,14920.9,2.78657e+06,,-6.47488,6.02855,,-4057.35,799.493
4.037,2.54881,,1062.07,12394,1.69004e+06,,2.5352,-16.3992,,-3576.04,-271.418
3.60971,0.640694,,1105.17,-4655.3,3.26776e+06,,-21.4655,17.8247,,-2810.36,3222.01
1.3754,0.865973,,1162.03,10476.5,5.99883e+06,,-7.84055,3.64222,,5280.48,450.876
2.87351,4.2412,,1193.94,-6827.88,7.92434e+06,,28.9829,-26.5614,,3884.91,-6583.06
3.46393,4.73518,,1076.42,-25850.7,2.17412e+06,,50.0155,12.8853,,5112.65,79.3627
2.34388,6.13758,,1055.81,-70652.4,1.49081e+06,,-48.03,52.3579,,-2079.63,599.219
3.0119,2.11582,,1051.57,-1021.98,1.3599e+06,,-15.4261,-26.2074,,3345.82,-252.236
3.85587,3.17124,,1012.35,18047.6,289262,,-12.8001,-32.6731,,-2455.7,556.697
1.92108,4.40778,,1151.5,-14421.3,5.42905e+06,,-0.499973,-80.2151,,-5887.45,-894.757
1.1183,0.590115,,1277.06,12416.9,1.4632e+07,,-8.9261,-120.182,,6321.78,-2219.42
2.22622,7.17362,,1110.48,17441.1,3.48924e+06,,-46.3958,23.659,,195.164,-722.015
3.63096,5.70032,,1061.67,-30964.8,1.67701e+06,,97.2785,-67.4806,,2365.94,1028.79
2.65421,6.93352,,1040.5,-20676.5,1.03267e+06,,-32.8504,33.6352,,-388.152,693.891
3.40099,7.1706,,1116.43,-22539.8,3.74494e+06,,0.773175,20.1111,,628.63,1388.07
1.7895,9.04278,,1252.16,-30439,1.23338e+07,,-41.7942,50.3802,,-4920.61,4969.2
2.18322,8.73241,,1228.04,-15754.6,1.03528e+07,,0.81245,16.5502,,2903.44,-2568.46
4.33619,3.91066,,1063.49,68260.9,1.73605e+06,,35.6724,-191.288,,-3751.8,-247.849
3.55937,11.2175,,1049.28,-72862.6,1.29061e+06,,14.2688,-33.3025,,-983.169,-114.559
1.96084,14.9994,,1247.37,83609.7,1.19214e+07,,-132.169,123.845,,1407.26,2554.54
0.843865,12.9164,,1373.71,-20523.6,2.65324e+07,,-21.8673,89.3685,,-9828.16,-5499.7
2.66474,10.7992,,823.371,-38850.8,-2.39636e+06,,-21.092,-47.219,,-1030.04,455.441
2.07275,11.9621,,1013.81,-46494.9,324788,,-117.291,-36.7154,,700.034,-2883.03
1.34973,13.4239,,1486.92,-15178.1,4.85754e+07,,-120.132,55.7881,,-4083.12,823.293
3.93078,14.0224,,825.003,14584.7,-2.38481e+06,,23.4945,49.6599,,-827.208,-2703.19
5.38032,14.3051,,1080.33,36726.8,2.31278e+06,,27.1685,28.5482,,-6408.16,-3520.45
3.78044,14.7465,,1134.98,-21419.2,4.59678e+06,,12.9463,-2.65589,,-1716.07,-6772.63
2.93789,13.7375,,758.528,10573.1,-2.75759e+06,,-39.3503,40.3395,,3462.76,-800.189
2.83923,15.6848,,1031.72,-11410.9,787504,,-21.1873,-0.248654,,-805.094,3980.34
2.90011,16.7476,,902.779,1435.02,-1.64797e+06,,-9.55261,0.592804,,-2227.69,1417.21
2.29041,17.5252,,893.438,-34133.5,-1.75858e+06,,-28.0316,-6.10051,,965.563,426.314
2.89783,19.495,,823.266,-3588.09,-2.3971e+06,,-29.9293,34.5742,,2435.84,-3053.94
2.86532,17.5006,,928.594,-19271.3,-1.30427e+06,,1.55807,-5.8839,,-1052.4,706.187
2.9395,20.6041,,1316.43,-7739.95,1.88611e+07,,-22.7245,114.888,,6223.91,-3643.22
3.0974,18.3801,,811.032,14101.9,-2.4793e+06,,11.7292,-3.04469,,57.909,-1299.11
3.48056,22.3335,,1071.27,-11279.9,1.9959e+06,,61.3302,39.9461,,2595.16,2064.48
4.88678,23.6323,,804.092,2757.28,-2.52274e+06,,33.9857,56.067,,872.521,310.441
2.30398,20.5071,,1370.17,-14212.9,2.59999e+07,,-72.7598,103.252,,-4389.63,3454.31
4.37347,25.3081,,1045.91,-10318.2,1.18986e+06,,17.5546,109.011,,3677.2,576.157
2.67303,22.4175,,1202.85,-13444.3,8.51943e+06,,-50.2,-1.07412,,-919.592,419.626
1.66062,24.2404,,964.296,19324.7,-724252,,-26.5444,47.2395,,-567.578,3678.94
1.91433,23.8087,,1135.67,18506.9,4.63039e+06,,-10.3696,67.2404,,2179.42,2787.41
2.48777,24.3056,,906.206,24063.2,-1.60562e+06,,-33.0595,28.296,,-1139.05,-385.353
3.20125,24.7614,,1150.63,-7330.04,5.38361e+06,,-27.0866,40.5067,,-760.128,-937.095
1.9977,25.4264,,733.456,7135.42,-2.85523e+06,,-25.3574,27.0294,,-851.028,-2347.87
4,-1.5,,1010.33,0,240345,,0,0,,0,0
4,-1,,1010.12,0,235440,,0,0,,0,0
4,-0.5,,1009.92,0,230535,,0,0,,0,0
2.60034,1.06692,,949.474,52547.4,-981058,,-9.52934,26.7289,,1753.77,-1815.75
2.61844,0.194247,,829.826,10455,-2.34989e+06,,1.48297,22.3373,,444.143,-140.691
4.19796,-0.0957785,,1107.56,-2678.55,3.36658e+06,,-4.45731,0.11436,,1251.29,-3188.42
2.75005,3.9278,,1091.52,-3324.41,2.7267e+06,,16.0061,-42.9951,,1965.17,-5696.83
3.52764,0.391198,,1106.38,1331.4,3.31756e+06,,-37.6682,0.80346,,-3796.3,49.1753
4.01679,5.70838,,862.73,20087.8,-2.07666e+06,,26.4975,-8.30715,,-1882.51,1088.07
3.38208,2.92501,,978.223,-4325.62,-460385,,-21.9717,27.5112,,135.311,791.309
4.18623,2.80617,,1095.49,19161.8,2.88009e+06,,-0.109179,-35.645,,-3440.1,1005.37
4.00137,5.26444,,1029.14,34809.4,717758,,20.2812,-41.5457,,-2440.5,1076.24
2.96647,7.92809,,861.512,-1848.95,-2.08794e+06,,-113.944,110.233,,2150.17,-1503.34
6.27923,3.13729,,992.19,-42746.4,-172133,,63.2151,6.61693,,-687.615,-66.3492
3.12266,7.34419,,974.149,-25291.7,-539934,,-29.1315,58.2517,,164.311,1464.87
6.51056,-1.59644,,1058.15,-74189.5,1.56443e+06,,-15.3448,-119.522,,-1120.93,-3854.32
4.41829,8.42903,,933.423,-41579.7,-1.2333e+06,,7.28395,100.453,,-434.765,2.97616
3.51482,6.095,,1090.04,-65022.4,2.67056e+06,,81.0827,-25.1528,,2544.21,358.688
3.501,7.98907,,843.587,-3897.28,-2.24333e+06,,4.66115,35.4737,,939.116,-551.95
3.61174,7.45569,,1098.45,-31141.1,2.99615e+06,,-12.3791,30.2007,,621.262,1240.39
2.53562,9.07291,,1244.6,-9485.04,1.16879e+07,,1.88282,30.2968,,7121.5,2064.42
2.09679,10.0804,,848.803,-18466.2,-2.20012e+06,,-60.2132,22.2462,,-334.741,2278.29
2.14395,10.8257,,764.705,-16775.5,-2.73039e+06,,-77.7797,25.1608,,1252.87,21.0594
4.08697,12.2994,,907.107,-17470.8,-1.59433e+06,,45.0665,4.79472,,-526.552,1821.88
2.53402,8.97543,,1142.2,-15348.7,4.95194e+06,,16.3428,-9.40354,,5986.97,335.6
2.06635,12.155,,1143.79,-26078.1,5.0319e+06,,-39.1802,11.2302,,1281.42,-3282.72
2.9168,12.1406,,1045.55,-56596.4,1.17927e+06,,-8.48864,16.9032,,1266.13,1045.81
2.05893,11.7164,,884.385,-43933.4,-1.85937e+06,,-95.6183,-36.758,,982.424,-1556.25
5.4576,16.3987,,1323.8,-91442.2,1.97414e+07,,88.4764,99.4517,,10646.6,14668.2
8.30356,17.3664,,1030.84,-46538.5,763669,,30.1117,178.553,,-99.8306,310.175
5.52984,14.8032,,1307.65,5332.44,1.78508e+07,,5.10869,28.9617,,-774.977,-5489.08
3.24593,15.5209,,1068.31,-33590.1,1.89558e+06,,-16.8439,31.8465,,-2659.54,2699.34
4.18277,15.1903,,1193.03,-5189.02,7.86517e+06,,56.0203,18.645,,-1583.59,-2224.11
3.42183,16.3873,,1044.31,781.39,1.14285e+06,,-7.15305,8.38995,,-5831.96,1970.82
3.23483,16.7138,,986.217,-3752.37,-298417,,-16.2514,-6.87141,,-4102.89,2187.55
3.47388,17.3633,,920.104,-10880.8,-1.42377e+06,,6.28727,10.3409,,-1412.63,2376.23
3.09976,18.4829,,786.315,10658.9,-2.62422e+06,,1.17736,7.07385,,178.015,-2027.95
3.53827,18.1131,,863.769,38730.1,-2.06696e+06,,11.3702,12.9154,,-543.846,-138.476
3.73762,19.4248,,908.1,-58401,-1.58181e+06,,-34.9727,-7.6013,,-192.51,-645.862
3.65251,19.5443,,933.956,-60507.7,-1.22533e+06,,-43.1135,6.99956,,340.508,-1439.2
3.72306,21.2051,,1195.57,29671.9,8.03146e+06,,-33.4521,95.003,,3422.08,1911.71
3.35418,22.0194,,1039.22,33811.6,996035,,-19.4253,16.6087,,1355.03,2794.63
4.64029,22.9151,,960.723,-5078.61,-788358,,18.353,38.9336,,-515.053,1008.35
2.85281,21.291,,1117.88,56846.7,3.80868e+06,,-44.8845,7.52085,,-1903.82,6572.18
2.73754,21.1288,,1096.61,35898.6,2.92381e+06,,-25.6416,62.3307,,-1947.16,6850.43
3.5895,24.2901,,1076.92,-17756.1,2.19147e+06,,-14.0782,60.4514,,3553.98,-3662.5
3.81533,23.7671,,937.812,-28382.1,-1.16688e+06,,2.13254,44.0287,,1399.9,-1598.24
4.55687,25.6435,,834.568,-9887.99,-2.31436e+06,,8.02236,92.3131,,744.341,-1371.74
4.16989,25.4326,,987.074,-16643.9,-280588,,24.4933,55.2506,,3897.56,1190.01
4.06453,25.5479,,1183.57,-1489.73,7.26384e+06,,16.9987,32.0061,,2294.73,4012.87
4.5,-1.5,,1010.33,0,240345,,0,0,,0,0
4.5,-1,,1010.12,0,235440,,0,0,,0,0
4.5,-0.5,,1009.92,0,230535,,0,0,,0,0
3.12681,0.569843,,964.326,25351,-723715,,-5.38594,40.2533,,-2382.72,593.708
4.09903,0.488882,,1178.96,-28918.6,6.98095e+06,,-16.0942,28.2674,,1080.2,1802.4
4.48808,0.697206,,1026.84,-3374.63,656486,,-3.15702,4.87563,,1393.46,1563.03
4.43453,1.85962,,971.53,67488.3,-590041,,5.46304,4.06953,,-2960.68,-2144.36
4.5635,2.33048,,1183.42,39632.2,7.2544e+06,,13.468,-7.1537,,-3411.26,-859.859
4.25477,5.08611,,930.988,57452.4,-1.26937e+06,,25.3684,43.1951,,-7453.15,228.969
2.98613,-2.55425,,670.635,-2992.66,-3.02663e+06,,11.8763,-138.255,,1194.13,-107.034
2.81322,2.66606,,1042.12,9305.93,1.07914e+06,,-28.5897,-9.94144,,1978.59,1655.91
6.06393,6.43569,,1080.35,-63253.4,2.31356e+06,,13.2324,28.55,,-611.671,8105.8
2.61827,2.4436,,1103.59,12752.4,3.20281e+06,,-63.6599,-10.4054,,1305.08,1923.03
5.36488,5.11215,,1469.9,39815.9,4.45637e+07,,-19.9364,-74.1376,,-6814.09,1982.84
4.63778,3.18402,,1119.12,1567.48,3.86327e+06,,-26.0311,-65.7129,,-492.493,435.625
5.35124,2.17866,,1157.44,14831.1,5.7467e+06,,-78.326,-88.2475,,3060.74,1746.64
5.93439,5.66455,,1381.03,-78828.6,2.76605e+07,,22.344,-34.9561,,3802.86,24296
2.74639,4.80239,,1231.16,-8197.37,1.05963e+07,,-28.2272,-73.4955,,1206.92,3092.19
4.19484,7.47313,,975.728,-63226,-509343,,1.51316,12.5542,,1252.94,-433.201
5.01404,5.41359,,1335.34,72338.1,2.11797e+07,,-72.1606,-119.486,,-17042.3,17177.2
2.26896,8.67428,,1262.07,-6375.99,1.32158e+07,,-34.2511,-8.89803,,5513.6,-4745.22
4.94353,5.60098,,1122.96,47017.7,4.03517e+06,,-43.338,-73.6516,,-11958.4,14845.8
4.21841,11.0192,,1154.43,-14751.2,5.58448e+06,,51.6124,-94.6557,,-3067.17,-1181.43
4.96576,10.9448,,1203.65,50531.9,8.57478e+06,,-33.154,-15.8347,,1153.92,-2637.68
3.55645,9.7508,,890.877,9559.54,-1.78772e+06,,-63.407,42.2998,,727.564,234.305
4.4675,10.9086,,1165.2,7845.65,6.17589e+06,,29.6943,-94.405,,-2184.99,-2747.23
1.94897,13.9249,,1542.55,52336.3,6.37624e+07,,-73.7376,106.802,,17317.6,7945.35
2.36788,12.0044,,1051.99,-46734.8,1.37273e+06,,-83.1522,-13.3753,,838.209,-1503.86
6.36562,14.1769,,1256.67,-13762,1.27296e+07,,20.0642,-21.6034,,363.012,9861.57
7.00903,13.3324,,1167.66,25341,6.31567e+06,,108.441,83.991,,8574.23,-10922.4
4.65579,16.3446,,1389.55,-70144.8,2.90186e+07,,-3.22856,169.654,,-2786.34,8788.72
3.72821,14.9962,,1213.44,-24531.9,9.26313e+06,,7.17117,-6.10155,,-3509.03,-2789.27
3.88255,15.1342,,1246.09,-15899.8,1.18127e+07,,23.3624,13.1329,,-3130.46,-779.845
3.88909,16.0344,,1152.01,-8248.36,5.45616e+06,,-12.0726,8.22725,,-7657.94,391.165
3.8231,16.4275,,1149.56,-11010.2,5.32789e+06,,-15.0927,-10.1115,,-6278.53,3537.82
3.92324,17.8804,,885.22,55645.5,-1.85033e+06,,7.97345,17.7264,,60.5666,516.839
4.21537,17.4282,,979.08,28451.4,-443411,,12.0856,18.6308,,448.217,4139.77
4.18824,18.7699,,1076.44,-8058.89,2.17476e+06,,5.25509,-49.2958,,-1044.45,-688.171
3.63217,20.1719,,963.95,-56945,-730534,,-42.4438,68.91,,2554.45,-5042.7
3.39429,20.0753,,1010.83,-42817.6,252528,,-64.5995,52.5813,,3944.76,-5855.54
4.79001,20.8264,,1184.61,-29498.1,7.32881e+06,,18.6587,74.5642,,-4718.39,-407.974
3.54899,21.4811,,1106,57612.6,3.3018e+06,,-34.4331,39.4022,,1026.06,5443.24
2.32497,21.8805,,894.993,51706.6,-1.74065e+06,,7.47032,40.8262,,-2016.46,1020.51
2.64015,20.6528,,1267.43,-7437.2,1.37107e+07,,5.8372,52.6836,,695.193,2148.35
5.43181,22.3859,,1070.01,6770.48,1.95302e+06,,26.5705,40.8952,,-5453.25,3133.6
4.08352,22.7519,,938.669,6455.48,-1.15368e+06,,7.54993,10.2652,,1394.01,668.187
3.78625,23.5315,,941.566,-27919.8,-1.10856e+06,,-1.57142,33.6617,,1329.56,-429.07
3.49135,24.3279,,1087.98,-12782.4,2.59309e+06,,-23.6112,57.1684,,2901.53,-3836.7
4.38857,25.7643,,870.951,-21847.4,-1.99795e+06,,8.82975,100.276,,2201.08,-1658.06
3.41408,25.1017,,1303.35,-21585.2,1.73696e+07,,-31.7637,55.0286,,1126.83,6728.03
5,-1.5,,1010.33,0,240345,,0,0,,0,0
5,-1,,1010.12,0,235440,,0,0,,0,0
5,-0.5,,1009.92,0,230535,,0,0,,0,0
1.32154,-1.11675,,1273.21,-20278.8,1.42591e+07,,-33.7778,-10.9156,,2912.67,-1296.39
4.67212,0.315436,,1027.87,-1263.45,684043,,6.11204,16.4984,,1969.55,-1052.3
4.58735,3.67357,,1064.73,9972.83,1.77681e+06,,-29.5809,63.701,,-2455.94,-811.727
3.45782,-2.7483,,410.936,56720.8,-3.21691e+06,,-90.5568,-10.7504,,-9868.8,5199.92
5.23713,1.4522,,1083.24,47447.4,2.41801e+06,,-23.8661,-6.94861,,-3006.22,-1385.59
3.31617,6.57735,,1094.46,-39921.5,2.8399e+06,,21.4949,98.1557,,1199.09,781.466
4.39697,0.62131,,1172.07,-11418.3,6.57124e+06,,1.99982,-7.53439,,2553.55,2560.62
5.06459,5.01546,,1301.37,81648.7,1.71521e+07,,-12.4271,-25.8603,,-16948.4,-4722.73
5.67468,4.14241,,1108.2,37103.2,3.39298e+06,,27.4196,32.2729,,269.107,-12430
3.4705,3.43134,,849.464,23926.6,-2.19453e+06,,-18.1888,-26.0211,,327.362,-1420.02
5.12774,5.21884,,1463.61,47062.6,4.31504e+07,,-72.4114,-72.8856,,-18429.3,10627.1
3.55261,4.68599,,1028.88,-23891.5,710772,,28.8153,-72.6242,,4323.22,-195.328
4.91669,3.94526,,1144.11,18919,5.0478e+06,,-3.36498,13.3801,,-2603.61,-4248.25
2.47102,3.0965,,1065.41,30017.1,1.79921e+06,,-36.0639,-104.306,,1143.01,91.4815
2.75252,4.30685,,1184.04,-17442.9,7.29273e+06,,-40.285,-87.9236,,1764.03,-5709.8
4.71828,6.85296,,725.642,-22499.7,-2.88181e+06,,-21.7912,-41.5072,,-1487.01,1714.69
5.48476,8.29491,,925.148,-734.005,-1.35356e+06,,12.385,48.2321,,-2502.05,-2920.87
3.82726,11.7419,,888.77,-63909.7,-1.81132e+06,,34.1261,26.9757,,-736.23,1321.78
3.53998,6.66956,,1079.51,-13235.2,2.28338e+06,,-38.4578,-5.15558,,2635.37,669.829
4.66503,11.5852,,1235.35,39490.6,1.09288e+07,,70.6163,-51.823,,-2524.87,5915.21
5.26672,9.01536,,989.755,-1974.01,-224165,,-46.5405,97.6492,,-6629.58,-2526.63
6.27111,10.2566,,1259.09,1738.39,1.29466e+07,,5.1635,36.7626,,-5345.49,9337.46
6.02294,13.508,,1395.91,-31217.9,3.00654e+07,,14.0816,-13.2129,,-8606.41,-5522.82
8.24966,12.0292,,1062.84,-17336.7,1.71499e+06,,21.8949,113.884,,-2336.45,1734.15
4.97111,11.6866,,960.424,2103.07,-793662,,-20.9277,15.9785,,272.927,1510.69
5.42668,12.9821,,1006.51,22570.5,149732,,31.2251,-7.27887,,-7825.34,-1932.57
3.32081,11.325,,1157.95,-81168.1,5.77407e+06,,-1.52314,-53.165,,-875.316,-31.7557
5.66542,15.8297,,1322.53,-68370.2,1.95868e+07,,51.7035,105.476,,8247.16,5460.53
2.42258,15.8216,,1026.55,8754.35,648832,,-53.5565,11.6424,,-84.9951,4846.13
4.776,18.9986,,1057.13,-50574.3,1.53218e+06,,49.7066,21.4827,,1562.93,39.5853
4.39674,16.005,,1370.81,-51210.5,2.60946e+07,,-52.4499,-22.1736,,-7171.26,-1019.45
4.06684,16.686,,1167.56,-14220.8,6.31019e+06,,-13.7963,13.7412,,-3838.11,7587.13
4.36691,17.9528,,849.79,54212.1,-2.19176e+06,,-9.23815,5.94714,,-566.505,-861.67
4.82626,17.47,,838.766,26660,-2.28186e+06,,2.96126,12.8707,,-1786.06,3232.8
4.32586,18.7483,,1031.54,-13531.2,782584,,4.30625,-36.9607,,-283.056,-821.827
4.72518,19.2908,,893.541,-57081.1,-1.7574e+06,,35.9622,0.747737,,-272.001,-372.09
4.55933,20.0601,,965.207,-68587.9,-707687,,23.6255,46.8311,,-1888,-4108.69
3.41425,20.7425,,1214.58,12151.1,9.34511e+06,,-61.4179,111.912,,5038.14,-4924.25
3.64492,21.0404,,1188.37,25085.6,7.56517e+06,,-47.9084,105.596,,3333.32,-1371.03
4.52377,21.0392,,1114.39,-25985.8,3.65608e+06,,-29.0539,46.4466,,-1931.02,2037.01
4.85151,23.7397,,799.575,646.464,-2.54982e+06,,26.3135,54.196,,1329.44,-491.175
4.31507,22.5293,,929.245,9248.77,-1.29483e+06,,-5.10167,16.5925,,566.419,1175.2
4.27305,21.8722,,973.261,29095.1,-557017,,-23.9008,28.3164,,1216.99,3742.13
2.51168,20.2645,,1265.64,-28787.5,1.35446e+07,,-69.4054,-10.4534,,3500.65,-6935.09
4.67098,25.5748,,801.015,9349.31,-2.54129e+06,,-18.1509,73.7375,,-592.809,-1045.57
4.7994,24.7407,,754.468,-14798.8,-2.77476e+06,,6.25328,61.9258,,1164.55,844.134
7.409,26.3448,,854.514,-8242.28,-2.15095e+06,,35.3801,80.944,,-986.077,-1502.35
5.5,-1.5,,1010.33,0,240345,,0,0,,0,0
5.5,-1,,1010.12,0,235440,,0,0,,0,0
5.5,-0.5,,1009.92,0,230535,,0,0,,0,0
8.1975,-1.31746,,1333.32,-72667.1,2.09218e+07,,34.246,-61.5928,,-1381.74,-8556.72
6.24876,0.685643,,1196.87,-44873.7,8.11688e+06,,23.6648,-19.753,,1501.39,-4295.71
6.00097,1.56217,,1171.62,-64184.9,6.54466e+06,,-8.70126,12.71,,-2399.17,4197.66
5.5705,-0.10153,,1053.44,15197.6,1.41714e+06,,-31.7291,-1.37715,,-1820.1,-2977.49
6.4257,6.04858,,1107.52,-85677.4,3.36484e+06,,42.6267,50.3541,,4001.16,10366.7
6.6948,4.1937,,1094.52,34017.1,2.84226e+06,,20.8014,41.9754,,3519.09,-5009.24
4.67933,0.711316,,1051.95,15104.3,1.37144e+06,,-2.39064,-1.91008,,1201.25,931.882
7.4825,6.01232,,943.239,25530.1,-1.08212e+06,,64.8418,-1.55752,,635.186,-123.712
3.45967,1.6319,,876.083,26484.6,-1.94651e+06,,-29.0041,-74.4773,,412.993,-742.099
4.09878,2.44744,,1090.83,13331.5,2.7004e+06,,-0.441532,-27.6216,,-3958.72,-1051.74
4.26934,3.56504,,1115.36,12015.8,3.69817e+06,,-42.1148,-13.0243,,-3713.21,274.934
3.82517,7.73086,,1093.49,-43715.9,2.80243e+06,,-45.5481,14.6166,,525.088,1076.71
1.23514,3.20823,,1036.6,7153.47,922274,,-86.2267,-129.788,,-2204.18,-736.769
3.38003,5.49579,,1208.75,-40928.3,8.92911e+06,,0.911615,-72.0664,,2283.73,1996.25
4.71946,2.06221,,1124.53,21660.9,4.10656e+06,,-29.6969,-129.218,,-2859.57,-2669.96
4.86166,13.1437,,693.146,20800.9,-2.9755e+06,,18.2052,87.3537,,-1195.47,-331.115
7.03361,9.54842,,1374.93,1838.44,2.67174e+07,,91.5255,-20.1732,,6022.36,2398.24
5.20142,10.4902,,1002.7,79818.3,61500.6,,-30.4657,-16.2488,,-2242.96,-449.85
4.2552,6.84098,,821.149,-6181.89,-2.41185e+06,,-43.087,-27.7505,,806.149,1110.67
6.26499,15.3558,,1174.58,-74856.4,6.71897e+06,,100.287,138.145,,10180.1,668.125
5.5519,11.6492,,1003.32,26899.9,75764.4,,-1.08632,-42.1487,,624.316,-218.861
5.14683,8.48274,,917.655,-5111.17,-1.45702e+06,,-30.6726,77.7325,,-2707.69,-2031.46
9.76633,15.9418,,1320.09,-55760.5,1.92944e+07,,213.017,46.7176,,8216.72,12924.1
5.79143,9.00567,,1205.63,-10142.5,8.71135e+06,,-3.44239,-38.7386,,-6623.37,-7344.74
5.38313,13.2836,,987.844,19843.5,-264483,,14.3883,26.1931,,-8782.94,-1783.62
4.37864,14.7456,,1136.1,26776.9,4.6513e+06,,17.8801,39.3896,,-243.359,-7941.78
3.40972,9.74127,,1034.01,5079.68,850205,,-37.4717,-10.1753,,1925.23,909.19
7.0639,14.2919,,1228.68,15700.6,1.04029e+07,,32.5515,-8.93935,,-2255.95,8809.87
6.62937,15.878,,929.253,23388,-1.29471e+06,,-9.98517,85.7272,,4671.08,1818.14
6.59182,14.1153,,1342.58,5730.67,2.21214e+07,,14.1819,-46.2006,,3545.05,11120.3
5.20736,16.2342,,1359.62,-65354.2,2.44596e+07,,36.2188,27.2595,,5461.56,9503.3
4.87819,16.7113,,1109.13,-14276,3.43212e+06,,2.86788,40.4147,,657.617,11965
4.16958,18.7444,,1037.4,-10450.8,944671,,-52.0708,-19.1397,,-1022.43,-796.141
4.92213,17.1466,,905.052,30459.6,-1.61998e+06,,-15.5935,15.7679,,-897,7543.32
4.56693,19.0848,,1047.3,-41632.9,1.2313e+06,,0.476992,-7.99836,,653.052,396.596
4.93604,20.0582,,975.324,-54514.1,-517195,,5.61624,45.8904,,-1908.59,-5674.18
5.53144,20.4658,,1170.19,-7446.12,6.46154e+06,,41.3394,70.8549,,1477.76,-8721.11
5.2485,20.8151,,1283,-9791.93,1.5222e+07,,29.0383,76.0122,,-2606.96,11.966
3.96567,21.3146,,1170.1,30080.2,6.45628e+06,,-54.1955,83.947,,3967.3,3535.98
4.48989,21.7641,,976.74,15500.5,-489576,,-53.3863,45.457,,-60.0745,4017.13
4.76113,22.3034,,968.871,-9838.5,-640074,,-35.361,65.3468,,-2174.73,1866.89
5.69949,23.6014,,892.324,30651.8,-1.77132e+06,,20.4203,39.5063,,-555.859,1285.79
5.38915,22.7998,,990.706,13528.4,-203950,,24.9856,47.7667,,-3028.25,3870.97
6.19037,25.1932,,920.227,-37684.1,-1.42207e+06,,-0.342643,80.0697,,-276.823,27.2629
6.75723,23.9057,,756.315,-17790.4,-2.76702e+06,,24.374,-1.89025,,-925.841,707.713
5.53688,25.4219,,744.407,-8460.32,-2.81499e+06,,-0.697906,67.7125,,-1183.95,-2152.44
5.89156,25.1415,,1199.75,-11026,8.30976e+06,,-15.7154,41.511,,-2090.22,4024.04
6,-1.5,,1010.33,0,240345,,0,0,,0,0
6,-1,,1010.12,0,235440,,0,0,,0,0
6,-0.5,,1009.92,0,230535,,0,0,,0,0
6.83166,1.87515,,1088.77,-14690.8,2.62253e+06,,46.3735,0.0723934,,-1270.74,3744.16
5.54238,1.68132,,1112.81,-2023.05,3.58829e+06,,-72.0351,-41.0125,,-1262.82,1070.35
6.5823,1.15472,,1164.37,-21264,6.12913e+06,,65.9606,27.3424,,1677.31,-686.96
5.17348,2.2587,,1204.04,14918.5,8.60129e+06,,-70.8044,-21.9688,,2845.82,1977.84
8.13155,2.79715,,1014.07,56802.5,331172,,88.8743,-8.35976,,696.659,-5873.38
6.62002,2.52142,,1111.98,-19069.1,3.55265e+06,,37.2511,-1.67359,,-2096.62,2688.89
6.30208,1.67352,,1236.33,-47206.5,1.10081e+07,,4.8528,-32.469,,-1929.25,6006.8
5.8177,4.26725,,1158.91,38556.3,5.82678e+06,,-12.9214,6.17687,,1242.21,-14682.8
4.89409,2.66147,,1215.77,23443.1,9.43132e+06,,-87.4925,-39.1466,,2244.39,3479.38
4.91881,1.97517,,1193.4,51017.6,7.88895e+06,,-32.6951,-28.2012,,-1490.26,-3274.6
4.90395,3.70321,,1144.03,10878,5.04382e+06,,-81.7473,20.2627,,-437.881,-3190.37
5.77404,8.68985,,1242.31,41149.9,1.14967e+07,,8.60675,87.0942,,-3533.01,-11253.4
5.95991,9.25527,,1428.75,-17769.4,3.59497e+07,,-8.46724,-18.4898,,-7317.75,-6075.59
4.69095,7.36473,,980.49,-53621.9,-415259,,2.76775,12.4962,,558.035,-1094.74
6.47722,3.26363,,1029.7,-12089.2,732977,,52.9175,-5.58815,,-1172.86,-520.812
6.45081,8.90488,,1156.48,-19665.9,5.69468e+06,,4.35436,-1.56719,,-786.701,-10656.3
4.02437,8.36396,,1057.7,-38314.8,1.55024e+06,,-128.017,98.3632,,67.0228,988.629
5.11246,10.3536,,891.404,96432.1,-1.78176e+06,,-25.4166,8.01725,,-2517.44,505.22
5.58108,5.89114,,1103.03,-60509.2,3.18023e+06,,-45.4976,-47.8058,,-1953.64,18544.7
5.79936,10.5309,,1023.55,39517.7,570361,,-47.9015,-14.5672,,-5032.37,4679.79
6.22621,12.4859,,1224.65,-66538.4,1.00933e+07,,51.281,-48.9866,,4658.77,-7185.07
4.1238,8.69301,,867.725,8255.14,-2.02937e+06,,-121.381,111.428,,204.563,-740.32
5.4454,13.9301,,1084.06,9245.74,2.44803e+06,,-21.1253,9.83854,,-9799.13,-1522.12
5.76924,8.67017,,1022.16,-17715.8,534459,,-0.215765,-10.5678,,-3451.47,-7165.88
6.50403,10.958,,1104.55,8147.81,3.24202e+06,,-29.0809,-2.76899,,-1293.65,6603.26
2.32629,14.1859,,1095.32,72063.6,2.87328e+06,,-92.5246,80.8744,,9732.89,2346.9
6.95262,11.7142,,915.737,-14987.4,-1.4827e+06,,1.60513,18.7102,,985.673,745.266
4.09666,12.9967,,681.901,-11549.7,-3.00231e+06,,19.0738,7.44275,,-59.9849,-152.219
5.19714,14.6767,,1124.08,18087.8,4.08594e+06,,-50.5331,18.0876,,-4194.98,-6816.85
5.76178,15.7773,,1285.58,-37565.5,1.5483e+07,,31.8028,20.8395,,9726.99,4136.4
4.90356,15.7886,,1317.64,-80770.8,1.9003e+07,,-34.3777,-47.3478,,-2901.25,-2803.23
5.04554,16.5512,,1172.61,-23671,6.60254e+06,,-10.8961,30.2155,,2757.92,11893.4
5.13694,20.3749,,1233.93,-26566.5,1.08153e+07,,-1.51622,73.7152,,-2525.41,-10297.9
4.7812,17.7196,,780.047,59049.8,-2.65686e+06,,-45.0753,-17.4572,,-2530.88,-114.979
6.29996,20.7003,,1184.38,32371.1,7.31411e+06,,58.4976,124.256,,3861.72,-2401.31
5.58484,20.7499,,1258.77,20567,1.29176e+07,,41.6091,116.082,,2177.6,-2907.03
5.97215,20.5841,,1170.2,33025.1,6.46212e+06,,49.778,87.8087,,3177.55,-5669.95
5.05087,20.9458,,1213.59,-24230.2,9.27363e+06,,-9.30557,66.5723,,-4146.76,3540.93
5.48919,21.0454,,1267.17,36186.1,1.36869e+07,,40.2903,15.351,,-434.015,5175.3
5.84301,21.4762,,1179.62,60487.3,7.02136e+06,,59.7389,10.4529,,-339.454,1143.92
6.15727,22.0092,,1238.17,51694.2,1.11571e+07,,65.1946,41.6803,,2458.1,-711.629
5.90839,22.9995,,944.686,37693.1,-1.05901e+06,,6.35766,35.8772,,-638.107,4876.93
6.1991,24.1116,,1028.69,-501.007,705670,,10.3411,22.2572,,905.088,-2133.83
5.45775,24.1823,,959.337,15179.2,-812838,,9.98399,24.3724,,-1207.43,-1408.31
7.63363,25.7188,,874.172,-38872.9,-1.96587e+06,,22.2745,113.1,,-935.607,-559.651
5.56694,24.846,,1019.16,-5222.28,457975,,3.14496,59.3469,,-2412.59,-20.0789
6.96472,25.4048,,1118.73,-27307.4,3.84608e+06,,-0.149659,66.3178,,-32.1524,-287.405
6.5,-1.5,,1010.33,0,240345,,0,0,,0,0
6.5,-1,,1010.12,0,235440,,0,0,,0,0
6.5,-0.5,,1009.92,0,230535,,0,0,,0,0
5.54183,2.51062,,958.502,-71978.3,-827497,,-52.5109,10.2621,,1855.19,1866.19
5.54178,1.15795,,1069.17,-18805.4,1.92452e+06,,-82.2068,6.9739,,-4698.68,119.645
5.75104,0.565269,,1121.31,-22883.9,3.96094e+06,,-50.2449,-5.01758,,-5355.73,-3290.21
6.9006,2.57826,,1092.15,7725.86,2.75069e+06,,60.8736,10.4881,,-1124.19,2614.62
6.47737,1.42587,,1212.14,-31643.3,9.16941e+06,,26.435,-24.7117,,-368.75,2979.97
10.2278,1.43915,,1163.94,73000.7,6.10516e+06,,63.1371,-117.535,,1600.56,2925.42
6.08289,0.617785,,1242.04,-44803,1.14745e+07,,-23.2119,-46.3591,,-1380.23,-5058.62
7.23932,1.36948,,1337.86,-233.819,2.15035e+07,,-55.323,-10.9515,,851.722,-702.981
7.97788,3.30266,,1282.44,26026.8,1.51655e+07,,19.0284,-66.2248,,-3619.69,-10771.6
4.89089,4.55169,,1123.5,77567.9,4.05979e+06,,-17.8672,23.1631,,-10190.8,-9307.97
8.94473,3.40264,,1211.23,-52894.5,9.10428e+06,,48.3942,-76.6162,,8679.74,-3858.64
7.11186,4.36458,,1067.86,44118.9,1.88042e+06,,-10.0084,-110.914,,2132.42,746.564
5.31577,5.1084,,1515.72,38783,5.60197e+07,,-69.5624,-63.841,,-9916.83,2008.45
7.77568,7.95769,,1111.73,22595.1,3.54224e+06,,5.37387,59.1881,,-8324.52,-1166.23
7.21467,4.38436,,987.212,44242,-277693,,-0.98136,-107.227,,1184.26,1633.42
6.98679,9.02194,,1282.66,47862.1,1.51881e+07,,38.765,65.2405,,-372.136,-9121.76
7.51613,8.73493,,1198.49,58894.3,8.22526e+06,,28.9388,30.8212,,189.551,-4620.25
6.4665,10.014,,1308.49,-16202.6,1.79452e+07,,-22.604,10.4881,,-951.54,6401.5
6.98306,7.29854,,832.159,21042.8,-2.33256e+06,,63.8814,7.15063,,-1222.45,-2245.06
7.59732,11.6477,,985.903,-35489.7,-304927,,41.3327,70.111,,-691.032,1449.16
3.35386,13.0721,,757.134,-13651.8,-2.76355e+06,,-25.6384,33.7627,,882.405,313.725
6.87647,8.83708,,1170.12,18394.7,6.45764e+06,,20.6915,11.3228,,-1606.28,-10663.3
5.9869,14.658,,1201.66,-17436.1,8.43871e+06,,-42.7238,5.1103,,2369.47,1917.24
5.60853,9.52144,,1153.77,-4759.12,5.54925e+06,,-64.3463,-12.2512,,-11857.7,1781.35
5.04579,11.3548,,1062.48,29030.2,1.70315e+06,,-54.0097,0.487267,,1297.58,959.042
3.60841,16.4997,,1167.59,-16825.2,6.31204e+06,,-62.5629,62.9852,,-6409.04,3169.45
5.70388,12.5329,,1105.46,-7896.77,3.27961e+06,,-0.674052,-27.4219,,-4210.06,-4503.04
4.25444,15.0123,,1215.54,10394.3,9.4148e+06,,-0.405424,24.5737,,-147.188,-5319.89
5.97263,16.0066,,1094,-11489.1,2.82199e+06,,-22.5263,106.981,,9404.72,5654.65
5.15212,15.0361,,1260.09,-14607,1.30359e+07,,-76.5665,-89.9643,,-3543.41,-6508.34
5.28752,15.5144,,1309.05,-54397.9,1.80086e+07,,-16.6064,-51.3381,,-958.297,-3082.99
6.37177,18.3695,,1115.04,19490.2,3.68418e+06,,6.25202,-1.28689,,-3946.96,-1290.45
6.16893,17.976,,752.024,39353.1,-2.78483e+06,,25.6064,28.4687,,1456.76,1928.41
6.8826,20.3163,,1118.51,-13764.9,3.83646e+06,,40.7506,94.8341,,1744.68,-1953.41
5.66094,19.3542,,637.135,-5724.05,-3.08591e+06,,13.2919,29.5275,,638.038,-903.42
6.6183,19.3571,,923.612,-3875.21,-1.37518e+06,,30.7795,31.0937,,-824.169,-490.248
6.30754,19.006,,988.975,6425.84,-240685,,-6.89939,11.5602,,-1669.05,1446.22
6.57464,20.4294,,1112.1,-8606.15,3.55786e+06,,-6.55309,62.8514,,2381.47,-3413.78
5.68225,21.9436,,1198.87,28212,8.25052e+06,,33.7682,44.8569,,-5664.32,-46.3092
6.00718,22.4334,,1253.15,31526,1.24197e+07,,46.8226,86.2051,,-507.715,6179.07
5.70633,22.1623,,1186.87,15859.4,7.47024e+06,,-2.68332,58.8043,,-5585.02,1627.54
5.97834,22.8478,,1038.75,37970.8,982750,,-8.90821,43.2427,,-273.95,6391.45
5.31155,24.0168,,879.465,16932.8,-1.9116e+06,,10.5957,39.8171,,-230.39,-824.994
6.08674,24.0138,,1014.29,10531.4,336508,,-26.4249,20.6535,,335.802,-1749.62
7.59909,23.0692,,680.169,26880.3,-3.00621e+06,,15.6405,-3.82355,,1693.76,-1451.2
10.4512,24.113,,723.4,5076.3,-2.88913e+06,,24.5718,46.6043,,676.92,2276.92
6.79193,26.0479,,1037.04,-13704.9,934522,,-18.2371,87.4328,,-269.08,1040.71
7,-1.5,,1010.33,0,240345,,0,0,,0,0
7,-1,,1010.12,0,235440,,0,0,,0,0
7,-0.5,,1009.92,0,230535,,0,0,,0,0
6.26972,-2.22205,,382.96,25876.8,-3.21939e+06,,11.8018,14.4192,,1025.54,13677.4
7.35792,0.935693,,1082.49,20237.7,2.39079e+06,,-3.77131,-6.09795,,805.343,-5938.95
6.75624,-0.290541,,965.576,-13518.7,-700948,,-14.5218,23.3207,,1176.51,-1989.88
6.05789,5.1055,,1440.67,-36373.3,3.82961e+07,,-28.5651,12.6231,,12038.3,2501.49
5.69665,1.07113,,1177.15,-42351.3,6.87226e+06,,-83.3518,2.88389,,-5600.58,183.583
6.67437,6.65501,,1002.85,-15220.8,64795.9,,49.2953,32.3846,,561.755,3150.67
5.95036,0.369989,,1209.37,-18878.3,8.97284e+06,,-45.137,-25.7064,,-2401.08,-6663.42
9.85423,-0.656278,,1363.53,-2140.35,2.50228e+07,,-2.18467,-26.1024,,-628.857,312.466
6.6453,5.69997,,1151.28,-66983,5.4177e+06,,24.5865,-16.3379,,10091.2,8653.33
6.793,7.1598,,902.822,2409.28,-1.64745e+06,,82.8851,44.0591,,20.0785,-496.432
8.47734,5.02799,,968.954,-14443.7,-638524,,26.9725,-11.7569,,-1797.59,1554.19
7.11661,1.86776,,1224.95,-1819.42,1.01157e+07,,46.5777,-70.8079,,306.122,4106.49
5.19243,3.94441,,1254.76,20601.8,1.25607e+07,,-39.8333,26.0889,,259.443,-8061.57
7.27044,6.84375,,995.068,21173.6,-109641,,37.4285,-4.35492,,-3483.52,101.029
7.47381,3.96276,,1084.72,43872.5,2.47208e+06,,-6.74513,-79.3575,,-6286.66,4109.83
5.81889,9.67465,,1228.43,-41073.3,1.03832e+07,,-62.4908,128.677,,-11162.2,4195.25
7.10545,8.71521,,1081.97,9527.38,2.37183e+06,,6.57585,-21.0182,,-821.15,-8134.64
7.07631,9.57029,,1310.69,22512.5,1.81959e+07,,-20.1838,-39.6555,,7056.51,2907.7
5.70321,7.04327,,634.247,-22513.9,-3.09021e+06,,-5.57793,4.42662,,152.812,-594.684
6.62537,13.512,,1322.96,6710.12,1.96388e+07,,39.5738,116.871,,5939.9,-9472.03
5.04087,11.2888,,1116.57,34908.2,3.75103e+06,,-18.55,-40.6085,,1542.17,703.448
7.3702,6.91598,,978.884,25817.1,-447293,,36.6158,-19.914,,-4807.67,-564.308
5.64602,13.7883,,1162.37,-17778.8,6.01742e+06,,-59.418,22.5769,,-11636.5,-717.684
6.18538,10.2595,,1261.37,-120.029,1.31523e+07,,-52.3104,7.18333,,-7315.2,9178.11
6.46583,11.1667,,1017.71,1633.83,421439,,-40.7132,-0.34106,,-531.443,4695.33
8.20272,14.6842,,1305.45,-66063,1.76037e+07,,5.97273,59.8154,,-2018.63,17957.1
7.52537,14.2353,,1224.24,42046.9,1.00619e+07,,15.5355,0.342166,,-9571.44,405.863
7.37929,13.4896,,1057.67,62005.8,1.54918e+06,,-3.88681,7.8712,,3937.97,-9507.28
7.37365,14.2483,,1156.62,52179.6,5.70248e+06,,22.9617,-44.4313,,-7145.97,2445.14
5.74686,15.3973,,1321.94,-38968.9,1.95157e+07,,-37.2595,-6.00683,,7774.5,-2434.84
6.1008,14.9541,,1236.93,-35960.6,1.10563e+07,,-35.585,-16.0617,,8129.24,1009.3
7.21945,18.0925,,1039.26,-720.271,997222,,-5.34518,9.20989,,2275.65,-2228.47
6.34579,18.2471,,967.497,33658.6,-665597,,-15.5663,63.2839,,-1715.74,-810.903
6.40143,18.5914,,1047.42,-7078.53,1.23462e+06,,-44.7111,2.02606,,-2758.95,982.257
6.76848,18.4449,,1213.33,582.448,9.25491e+06,,-30.1617,17.355,,-679.488,-687.417
6.6021,21.4832,,1117.27,70695.1,3.78163e+06,,-75.6926,125.789,,5162.55,-540.691
7.00993,18.3507,,1147.67,-6237.34,5.22975e+06,,-33.6788,-11.7863,,2107.02,-1401.6
7.12078,19.9086,,1022.37,-17223.6,539997,,19.7635,-10.6416,,-47.3521,-1545.65
10.0269,19.999,,1292.17,-56786.4,1.61644e+07,,-37.2834,-52.7958,,-17266.5,-1494.3
7.38033,22.267,,1008.38,11252.6,193819,,-5.09047,45.0199,,2459.18,1247.63
7.03129,22.1169,,1087.52,26910,2.57595e+06,,-8.69544,30.4064,,4398.74,1154.17
6.5281,22.4099,,1102.86,46171.8,3.17303e+06,,-4.27923,22.5732,,5596.02,4163.08
7.52264,25.2734,,974.544,-49569.2,-532309,,-24.2838,90.2834,,80.6532,-951.048
5.91164,24.6919,,1065.39,-12972.7,1.79859e+06,,-30.0362,33.4681,,-1235.07,-795.529
8.72743,23.9217,,1192.21,-11606.6,7.81183e+06,,24.9068,-10.9849,,-1553.45,1054.58
6.15637,24.826,,1092.45,-15154.5,2.76238e+06,,-28.4118,30.4096,,626.324,77.4063
6.77199,26.1554,,978.247,-7846.26,-459923,,-14.4734,74.9579,,98.9105,361.87
7.5,-1.5,,1010.33,0,240345,,0,0,,0,0
7.5,-1,,1010.12,0,235440,,0,0,,0,0
7.5,-0.5,,1009.92,0,230535,,0,0,,0,0
5.35422,-0.477012,,977.996,-5919.61,-464876,,-56.3502,51.16,,-429.027,-1447.7
8.2381,0.698823,,1087.15,7163.59,2.56206e+06,,35.4012,-17.319,,-1094.47,-3894.47
8.03992,-0.57212,,1305.05,-48039.6,1.75588e+07,,19.9633,60.9903,,-3927.86,7483.9
5.65779,3.44738,,1032.62,-54163.4,812065,,-45.5932,43.693,,1322.7,-2841
6.94333,2.42916,,1150.38,1696.95,5.37048e+06,,55.6922,5.58027,,-867.925,3165.64
8.11562,10.0295,,975.873,-25502.5,-506530,,-28.0592,-28.3727,,2580.55,2483.72
6.36165,0.69214,,1368.96,-39538.5,2.58196e+07,,16.4314,-26.0204,,6031.95,-7149.13
10.0056,1.32534,,1202.59,60471.6,8.50205e+06,,22.9377,8.24189,,605.805,2309.76
6.38255,5.14925,,1463.72,-58846.8,4.31749e+07,,53.7201,-84.4877,,21924.9,4059.84
3.53622,4.40988,,1135.68,-2839.8,4.63058e+06,,-40.3437,-68.5281,,4781.86,-2766.53
7.88361,0.892156,,1204.69,-42373.3,8.64597e+06,,17.8252,-138.806,,-75.1841,-4934.62
3.24676,-4.3021,,300.448,-1424.97,-3.22257e+06,,-36.5015,-128.023,,-25.0799,999.051
9.66801,5.29107,,1224.19,44120.5,1.00577e+07,,81.3409,-37.1733,,-2360.81,-11881.9
6.57516,5.25623,,1266.4,-51033.1,1.36147e+07,,49.255,-107.9,,18091.2,4927.67
7.68751,6.43443,,972.505,25385.6,-571480,,14.3617,-24.9106,,-4812.62,-2502.99
7.50086,8.68522,,1119.3,52055.8,3.87127e+06,,-7.64348,23.6943,,-306.388,-4448.55
8.31801,8.00773,,1259.61,-21086,1.29932e+07,,1.58619,57.9421,,368.263,3741.23
7.30722,10.9831,,1090.38,-39471.6,2.68328e+06,,-68.7177,45.6152,,3602.57,3621.27
7.73554,8.83594,,1158.28,53056.9,5.79204e+06,,-18.0794,-25.8234,,2636.39,-43.1811
7.24237,11.3847,,1000.76,-43754.7,17198.1,,-42.2907,60.9656,,853.6,2867.05
6.02786,9.48233,,1339.98,-30094,2.17798e+07,,-64.2433,-16.4274,,-6769.97,-146.976
8.16018,7.7608,,1247.9,-45013.9,1.19671e+07,,-27.2777,19.3277,,-6761,553.741
6.15365,12.7373,,1199.36,-49212.2,8.2834e+06,,-14.6908,-22.8292,,2355.33,-7343.31
7.59718,12.1821,,837.357,7737.47,-2.29287e+06,,-12.3665,34.244,,273.249,-190.535
6.05035,12.4285,,1064.93,-7852.13,1.78338e+06,,-71.4715,3.75073,,404.948,-5625.69
4.43977,16.0117,,1323.74,-52191.7,1.97337e+07,,-101.021,81.8706,,-6081.49,-595.051
7.38749,15.9855,,1023.06,-2374.85,557591,,-16.7485,74.7245,,52.7303,983.398
8.51369,11.83,,1109.43,-14984.6,3.44491e+06,,5.65252,1.409,,-781.8,210.55
7.47363,13.7071,,1057.6,19097.1,1.54705e+06,,31.8128,-71.0173,,340.617,-9700.37
6.86702,15.7202,,1036.66,9724.65,923998,,-60.9849,23.3307,,3135.58,1288.65
7.23496,17.0829,,874.826,19958.4,-1.95928e+06,,-73.8496,15.3059,,1108.82,-62.6793
8.07499,16.0377,,934.591,-67341,-1.21582e+06,,-3.98495,-7.23861,,-1484.75,2537.25
7.22548,18.1831,,1062.54,-6728.91,1.7053e+06,,-13.5478,2.63129,,2743.53,-1893.73
6.73889,19.2409,,934.27,-19667.1,-1.22064e+06,,-37.9662,43.8893,,-1009.56,337.899
7.05177,18.8232,,1072.35,-20946.1,2.0326e+06,,-34.6112,47.1431,,1330.38,1840.22
7.36509,20.57,,1023.24,-11715.5,562317,,8.27311,22.9628,,2368.13,1080.73
6.28233,20.9427,,1144.97,49997.5,5.09164e+06,,-55.0575,109.811,,4414.34,319.764
6.85161,21.2424,,1080.23,21978.5,2.30908e+06,,-51.909,85.7738,,4678.55,256.667
8.20813,20.6688,,876.022,11639.5,-1.94713e+06,,-1.43286,31.7537,,1237.47,40.5353
8.15896,22.8,,917.982,31105.7,-1.45262e+06,,14.1969,59.8669,,-1290.98,-702.545
8.15586,22.8682,,952.963,32870.2,-922739,,23.6422,45.6478,,-1550.64,-1129.38
7.03476,22.3789,,929.77,31380.6,-1.28719e+06,,-11.4603,10.6605,,3683.83,1395.33
6.70404,24.359,,893.984,153.927,-1.7523e+06,,-31.6122,42.9613,,733.541,-2013.08
6.54147,23.4187,,726.867,30345.9,-2.87776e+06,,-38.7279,31.6092,,-815.471,2635.82
3.57646,25.1163,,1012,-25734.6,280702,,-49.0985,56.6965,,3320.48,1754.45
6.35237,24.5348,,1080.95,-13804.4,2.33495e+06,,-8.63058,-1.5251,,2022.62,-1767.59
6.59193,26.1277,,913.736,1071.78,-1.50915e+06,,-12.6202,52.6877,,790.605,-183.918
8,-1.5,,1010.33,0,240345,,0,0,,0,0
8,-1,,1010.12,0,235440,,0,0,,0,0
8,-0.5,,1009.92,0,230535,,0,0,,0,0
7.2186,0.411343,,836.475,36132.4,-2.29972e+06,,4.42318,19.6148,,1621.79,-3718.33
7.66314,1.16671,,1209.15,-37633,8.95677e+06,,-11.566,-28.8899,,2110.91,-2685.66
7.745,0.251934,,895.873,30188.4,-1.73041e+06,,14.964,29.8919,,-1246.12,-1992.85
8.09623,2.72931,,1066.16,56014.7,1.82392e+06,,58.7661,-5.38873,,713.145,-5294.33
7.43208,2.55322,,1075.48,26164.2,2.14102e+06,,38.2086,40.1399,,-311.542,642.797
11.4398,9.88446,,1272.8,8849.09,1.42192e+07,,-25.6213,46.8587,,-5961.42,-11981.6
9.17031,-3.71165,,329.441,3148.78,-3.22193e+06,,49.0087,-19.9229,,2321.56,889.594
8.85117,1.9668,,1147.1,9810.55,5.20061e+06,,85.9171,20.6612,,253.244,4107.12
6.16007,4.12749,,1123.9,27161.8,4.07767e+06,,-34.0747,28.0045,,3274.62,-11323.8
10.0368,0.339227,,1244.86,-699.941,1.17092e+07,,23.0621,16.9913,,-795.273,-1271.18
8.19341,6.55392,,1232.75,22196.2,1.07217e+07,,11.0959,-21.5743,,-8849.72,-7096.16
5.84558,5.14406,,1449.43,-17136.6,4.00965e+07,,-89.4407,-30.1024,,5402.48,4964.23
3.86444,0.326881,,1258.64,-28921.1,1.29056e+07,,-116.352,-143.986,,-1504.27,-1155.57
8.21496,6.46624,,1159.14,25082.3,5.83948e+06,,15.0813,-33.6246,,-7728.34,-7587.27
8.32025,7.59296,,1287.57,-60259.4,1.56872e+07,,6.50069,24.1145,,-2244.78,479.886
9.05664,9.01516,,1000.45,56025.6,10244.2,,-7.07515,-6.96918,,2542.73,-291.89
8.941,8.40175,,1041.09,1564.83,1.04946e+06,,46.6081,58.0445,,6610.53,1644.39
7.02101,9.84044,,1293.13,13332,1.62657e+07,,-55.7239,-36.6795,,8157,7310.46
7.30805,9.35525,,1252.98,55922.9,1.24047e+07,,-39.2406,-57.7399,,8289.45,380.509
8.48947,11.9153,,1155.31,-16532,5.63176e+06,,8.88049,100.79,,-726.754,1391.25
6.88172,10.7607,,1199.07,-7889.5,8.26415e+06,,-100.791,5.57726,,3110.8,6893.29
9.73898,6.30769,,1147.24,19371.7,5.20793e+06,,80.6178,-49.2383,,5576.82,8883.91
6.20191,13.8735,,1526.63,-39892.2,5.90706e+07,,-83.5241,47.0326,,-7010.91,5340.34
6.88978,10.6347,,1212.88,-7925.96,9.22282e+06,,-65.8179,-26.6929,,4125.96,6569.75
6.27557,11.7806,,854.056,4356.82,-2.15496e+06,,-63.3501,5.5921,,931.609,-1167.43
5.72426,12.9326,,1351.99,-47289,2.33904e+07,,-124.746,3.42929,,-9062.33,-5812.48
7.79767,14.636,,1364.06,-10161.2,2.50995e+07,,-39.2687,-22.3355,,-16058.1,18385.9
7.79763,12.7464,,677.146,45842.7,-3.01287e+06,,-28.5439,-12.5238,,-147.648,-3051.85
6.5728,13.4955,,1253.64,-46995.1,1.2463e+07,,-12.5058,-33.8212,,4514.14,-8621.8
6.61599,16.1052,,1054.95,28501.1,1.46401e+06,,-81.1861,77.448,,4340.53,2684.12
7.63797,16.2029,,1073.15,-36729.1,2.06013e+06,,-60.7726,25.4953,,96.2842,1040.21
7.57926,16.0923,,996.775,-32391.1,-72064.9,,-55.2059,9.12643,,-53.3077,1128.45
7.86731,18.763,,912.716,-31198.5,-1.52251e+06,,-3.28519,47.7988,,1131.77,-419.688
7.90002,19.4741,,1016.38,22584.4,388351,,-2.47826,94.9842,,1817.19,-1359.12
7.4533,19.9676,,1107.15,9528.98,3.34949e+06,,-14.221,55.6983,,729.001,-701.262
8.38373,19.6581,,904.652,27538.5,-1.62495e+06,,-7.02745,66.0169,,1318.72,321.01
6.2602,21.8166,,1148.61,91426.7,5.27833e+06,,-60.7223,127.059,,3722.63,-1437.75
7.72694,19.8929,,1153.23,16600.8,5.52084e+06,,-12.7105,34.6685,,1866.81,-690.746
8.4498,21.6625,,840.459,29474,-2.26848e+06,,-15.0728,69.3797,,-1922.76,-670.451
7.59497,21.6987,,962.546,6582.86,-755832,,-17.3884,51.965,,1909.94,409.242
7.59617,21.8641,,999.95,9444.6,-1122.61,,-20.359,40.7472,,1859.22,254.751
9.49401,22.6993,,944.928,80765.7,-1.05514e+06,,5.01808,70.7709,,-5436.41,4660.81
9.27341,25.2686,,884.929,-55591.7,-1.85349e+06,,105.164,135.578,,1440.37,-857.608
8.33553,24.253,,1039.94,-48948.9,1.01661e+06,,-11.4137,25.4204,,-4218.09,1893.97
9.37418,23.7721,,1051.34,-14022.8,1.35279e+06,,32.2276,30.1977,,3947.92,394.794
8.43222,25.2033,,915.395,-59810.9,-1.48726e+06,,53.4225,76.9948,,-210.105,-148.642
9.6551,27.2933,,518.49,3795.12,-3.19082e+06,,29.63,50.611,,786.05,-1050.52
8.5,-1.5,,1010.33,0,240345,,0,0,,0,0
8.5,-1,,1010.12,0,235440,,0,0,,0,0
8.5,-0.5,,1009.92,0,230535,,0,0,,0,0
9.00632,0.459306,,1027.74,44264.1,680419,,47.5146,2.22987,,510.72,-2737.83
8.75828,1.1392,,1216.28,8521.33,9.4688e+06,,70.993,-4.61884,,248.092,285.421
9.01255,0.135811,,1032.83,28423,817785,,31.4423,6.08715,,254.679,-1306.27
6.96882,6.05043,,1074.43,-19575.7,2.10453e+06,,43.2094,42.7517,,4268.16,3829.63
6.84241,3.78587,,1141.32,59155.7,4.90796e+06,,28.7512,85.6778,,-2274.98,-2199.79
11.4729,5.74228,,1306.68,84492.7,1.77409e+07,,57.5498,-26.7282,,-6888.95,-2719.12
15.5342,-6.69323,,323.337,0,-3.22209e+06,,112.517,-109.722,,0,0
10.2505,2.05814,,1048.6,10365.6,1.26996e+06,,25.047,8.35127,,701.643,4074.43
6.13533,4.825,,1347.08,5157.68,2.27214e+07,,-29.6598,-3.30128,,11634.1,-11087.3
7.98414,2.08408,,1209.09,-33354.5,8.95313e+06,,25.3533,45.1749,,2657.53,3082.59
6.09165,4.58958,,1329.88,13836.2,2.04891e+07,,-47.4503,-60.8692,,7951,-16529.5
8.16219,5.23145,,827.26,4084.33,-2.36863e+06,,3.84744,18.353,,-317.884,196.59
8.03152,3.69719,,1426.46,-8071.81,3.55127e+07,,-27.105,-39.9101,,-3118.82,2711.98
8.53098,5.62886,,985.308,24072,-317236,,26.0688,-39.6299,,-5683.21,-4968.48
8.44483,8.69886,,1159.23,44537.1,5.84432e+06,,-4.05014,81.7069,,3265.84,3357.32
8.79353,7.90559,,1154.76,-62899.5,5.60242e+06,,39.0044,16.1568,,9859.9,3599.5
8.15077,7.17802,,1247.07,-42965.9,1.1896e+07,,-16.8647,-20.219,,-9801.42,-1035
8.01568,8.5563,,1209.28,40426.4,8.96635e+06,,-23.9697,-8.32829,,-119.897,1324.87
8.35281,10.5475,,784.952,-72636.2,-2.63145e+06,,-4.32175,0.518549,,-1154.67,-677.486
7.57835,10.8291,,1059.37,-50502.3,1.60325e+06,,-63.5133,21.0842,,4006.32,1973.55
8.32474,12.1903,,1071.95,-5901.69,2.01914e+06,,-1.2447,68.3148,,-1714.33,2898.3
7.73946,3.54516,,1123.23,19293.4,4.04738e+06,,-40.98,-72.6718,,-7663.36,-2627.97
9.99321,12.5149,,1172.63,-7166.08,6.60391e+06,,16.2139,-5.65917,,-5023.9,-1899.51
5.85159,11.7111,,1155.93,21579.9,5.66487e+06,,-114.759,-5.3814,,965.325,-1175.06
6.49693,9.95426,,1284.52,-16823.1,1.53754e+07,,-37.0538,-7.22261,,-237.962,4967.08
9.71767,11.4094,,1191.98,11958.6,7.79656e+06,,63.6388,10.0109,,-7000.72,9081.73
10.4219,17.3607,,1138.08,24981.2,4.74758e+06,,57.229,-43.2959,,-1340.05,72.361
8.27785,14.1969,,1453.72,15038.1,4.10021e+07,,-36.3914,-24.7536,,8162.64,-16160.5
6.87898,13.6347,,1271.69,8248.07,1.41132e+07,,-8.03926,0.911458,,8100.62,-6165.87
8.12295,14.2198,,1502.83,-6337.64,5.25801e+07,,-1.0786,-105.739,,-2363.1,-13907.2
8.38687,16.317,,1027.82,-96526.6,682625,,-0.351263,16.8481,,-1562.18,2539.6
7.71724,16.8045,,983.551,-43278.5,-353326,,-67.9843,40.5714,,-237.904,946.888
7.96997,18.6731,,859.008,-26452.4,-2.11084e+06,,-9.24573,43.7071,,147.466,-61.166
7.36491,17.4653,,843.812,28525.4,-2.2415e+06,,-70.4547,-4.05203,,737.746,-870.127
8.51339,20.057,,930.528,33915.6,-1.27611e+06,,-12.5474,51.3499,,908.049,121.188
8.83303,19.3918,,749.307,27853.5,-2.79581e+06,,-4.06096,67.8154,,-528.893,1496.81
7.9056,19.8228,,1066.97,21051.5,1.85073e+06,,-17.8942,40.6764,,2431.27,-647.968
8.32962,20.5232,,944.343,21032.7,-1.06451e+06,,-9.31427,21.2484,,977.132,230.218
7.29981,20.5607,,966.11,-5826,-691165,,-37.6134,30.8437,,2139.3,556.837
8.13587,21.6667,,918.719,19729.4,-1.44264e+06,,-11.7577,63.6543,,-131.815,-20.0195
9.63669,21.7304,,1223.23,-13424.2,9.98505e+06,,-42.3581,98.5564,,-13017.1,-3713.52
8.60102,23.2367,,1062.06,29989.4,1.68972e+06,,1.56716,31.6534,,-1973.33,-3587.51
11.0731,23.0658,,1050.73,103.961,1.33442e+06,,65.6481,73.5178,,1091.41,11125.1
8.47227,23.6055,,1138.24,16325.2,4.75566e+06,,10.4046,-10.1085,,-4816.98,-2144.12
7.65276,24.3036,,820.526,-35270.1,-2.41615e+06,,-33.2232,-13.5785,,-1686.92,41.3489
7.72445,24.6708,,911.982,-67390.1,-1.53205e+06,,-32.8627,-2.41872,,-1319.6,-1002.89
8.3758,25.2915,,1122.3,-55731.3,4.00552e+06,,39.3833,71.1424,,282.367,1378.49
9,-1.5,,1010.33,0,240345,,0,0,,0,0
9,-1,,1010.12,0,235440,,0,0,,0,0
9,-0.5,,1009.92,0,230535,,0,0,,0,0
8.52314,-0.954489,,1303.77,-46659.1,1.74169e+07,,32.8305,81.4108,,4010.12,895.789
8.56763,1.12683,,1182.31,-15875.5,7.18616e+06,,32.6796,-24.4754,,-911.865,180.32
9.08817,0.368077,,1017.95,47513.2,427450,,-9.59463,16.5227,,232.704,-2297.35
10.9427,5.8223,,1286.61,53405.9,1.55879e+07,,83.3458,92.7752,,-3609.75,2041.43
7.69744,1.86494,,1203.54,-46565.9,8.56705e+06,,-15.494,34.6843,,2666.04,3421.56
9.1716,3.49934,,1161.69,-30613.1,5.97974e+06,,-16.4386,-18.4278,,9145.08,-572.546
7.0719,4.92439,,1057.69,-13952.6,1.54984e+06,,-14.4155,61.5257,,9508.25,-85.8355
9.41652,2.90829,,1155.23,6509.9,5.62731e+06,,-25.1215,-70.9725,,4031.11,-1372.37
7.75567,9.65073,,1001.74,4361.96,39503.3,,-32.9373,62.4136,,6737.59,3288.02
9.03172,1.59078,,1211.13,21056,9.09705e+06,,59.1311,-33.0483,,397.94,4381.31
9.08424,5.08934,,968.54,10038.3,-646247,,29.5507,16.3943,,-4267.74,-4569.25
8.85981,4.04409,,1102.57,-105163,3.1614e+06,,37.7642,24.3695,,7157.99,6524.65
7.78848,4.06076,,1230.86,-5072.23,1.05731e+07,,-61.7944,-44.1747,,-5037.65,10378.9
10.9719,5.35155,,1061.01,44895.1,1.65587e+06,,73.6968,-5.97374,,-2379.47,-6649.55
8.3256,7.8783,,1320.12,-37676.7,1.9298e+07,,-38.7861,43.6412,,-35.0185,2487.08
8.49717,9.17664,,1119.22,62495.4,3.86784e+06,,0.69387,-85.4251,,1690.7,3432.44
8.06527,5.93046,,947.901,30619.2,-1.00694e+06,,9.52689,-34.144,,-3273.39,-4400.38
12.4726,6.60542,,1319.85,6634.97,1.92655e+07,,101.345,-139.4,,-1369.01,1812.4
9.32645,9.43639,,1025.65,7760.12,625105,,8.5695,-54.2462,,47.507,-3275.69
9.41477,9.9913,,1205.3,-29045,8.68785e+06,,38.0587,-53.4615,,-6075.7,-3642.36
9.32457,13.928,,1142.92,-3487.91,4.98786e+06,,18.8432,16.9062,,4626.87,-5666.79
8.49506,6.77286,,1266.29,-4059.86,1.36044e+07,,14.6706,-45.1992,,-5058.81,-3983.84
9.78042,11.1103,,1276.76,-26055.7,1.4603e+07,,7.80503,40.1305,,-10010.6,8300.44
10.8503,13.9948,,1224.99,-14396.8,1.01187e+07,,87.6701,108.349,,760.92,3009.51
11.2677,10.8484,,1289.43,-1894.96,1.58786e+07,,-16.8701,26.1761,,1119.44,-483.21
9.12547,14.6451,,1282.44,-2698.99,1.51659e+07,,1.14292,53.431,,9247.28,-1425.9
8.05928,15.571,,1009.57,-44906.2,222212,,-30.1592,79.6477,,-2789.45,7138.82
8.21623,14.0538,,1294.64,32526.7,1.64255e+07,,-53.1371,-20.0535,,3368.03,-20218.9
9.66024,14.0806,,972.369,-5751.59,-574082,,24.5278,-6.12979,,2178.47,-1619.22
9.92783,14.854,,1185.82,30903.2,7.40444e+06,,48.3305,46.6209,,5920.38,-4162.66
9.10226,15.4355,,1329.53,-19348.2,2.04459e+07,,45.013,-100.661,,-9729.84,1605.79
9.14115,16.4633,,1009.52,-77241.7,221074,,66.1604,24.7654,,-2485.26,6075.25
9.43878,18.5051,,663.24,42339.8,-3.04132e+06,,35.5348,56.9604,,3633.85,2221.09
9.15382,16.5667,,827.918,-49175.4,-2.36386e+06,,43.8243,-17.6001,,-2160.42,3038.21
8.92164,21.4348,,1076.29,5221.21,2.16928e+06,,-70.9484,130.714,,-5220.94,-1753.7
9.09181,20.6318,,940.688,-16511.7,-1.12233e+06,,-81.0962,66.0496,,-3300.37,-1352.82
8.04676,17.9887,,744.787,20862.7,-2.81353e+06,,-31.5683,-15.8175,,-1747.15,-8.98528
9.08979,21.3896,,1100.16,-6784.53,3.06426e+06,,-59.8939,89.4438,,-5947.04,-3098
6.54826,20.5352,,1099.93,-4116.85,3.05508e+06,,-97.3439,29.2902,,3119.88,-2415.55
9.47315,21.72,,1193.87,-7975.81,7.91964e+06,,-53.2187,107.69,,-12073.4,-2339.72
7.717,21.9253,,1006.12,12959.5,140542,,-22.2205,39.1017,,1408.98,251.588
8.53603,21.2099,,918.23,9233.62,-1.44926e+06,,-23.9264,62.6905,,-1530.42,-582.992
7.51767,24.1394,,759.467,-11255.8,-2.75354e+06,,-23.9069,22.4173,,-929.194,830.767
9.14015,23.3179,,1106.54,27752.6,3.32408e+06,,8.54474,19.3067,,1255.72,-2098.76
9.52902,23.26,,987.295,50167,-275959,,-11.8544,7.47264,,-111.046,1431.98
7.54195,25.4458,,1010.75,-39721.9,250440,,-43.1796,89.3555,,-17.7244,-553.592
7.7282,25.7669,,1168.49,-39066.5,6.36378e+06,,12.7509,117.805,,1501.94,2116.83
9.5,-1.5,,1010.33,0,240345,,0,0,,0,0
9.5,-1,,1010.12,0,235440,,0,0,,0,0
9.5,-0.5,,1009.92,0,230535,,0,0,,0,0
7.99423,-1.59228,,1080.65,-114492,2.32419e+06,,-47.8301,-88.0264,,-1922.73,-5269.47
10.6024,2.59308,,882.184,-8751.65,-1.88295e+06,,29.206,-18.5133,,602.401,1357.28
9.92982,0.750952,,1065.05,51431.2,1.78732e+06,,-14.4058,59.4647,,-453.679,-1781.06
9.80092,4.96668,,1112.87,92234.8,3.59076e+06,,-18.5449,86.3617,,252.701,-10034.5
8.56123,0.106496,,1137.77,28545.3,4.73235e+06,,28.7696,22.1118,,-379.101,-650.366
7.38492,1.17446,,1219.79,-14692.1,9.72777e+06,,-61.806,-98.8286,,1241.23,-3882.02
10.3141,2.38976,,1004.3,22538.2,98393.3,,44.3971,-112.497,,976.655,2850.54
11.78,-1.73414,,953.474,-80147.5,-914085,,29.3707,-100.289,,109.711,-622.162
9.65171,5.27513,,1212.83,62189.9,9.21921e+06,,-12.1847,34.9435,,-2667.65,-11824.9
10.3241,-3.2733,,383.928,11270.8,-3.21932e+06,,41.41,-182.744,,2529.38,-691.235
8.9166,3.78627,,1195.79,-53805.9,8.04583e+06,,-32.2648,4.18053,,10151.9,3646.91
9.06631,1.31647,,1127.92,43786.2,4.26248e+06,,55.4639,-100.336,,1100.52,1235.25
8.05431,3.64936,,1365.54,-7008.4,2.53151e+07,,-54.5962,-92.8955,,-2206.85,-174.134
9.37924,4.69343,,828.685,-17875,-2.35827e+06,,29.0518,-24.4611,,-579.493,-1360.26
9.99489,6.86474,,893.359,-13984.4,-1.75948e+06,,50.1147,-30.3721,,3891.1,7266.4
8.47633,9.1261,,1112.91,50336.2,3.59268e+06,,-35.8802,-27.088,,1888.27,3349.17
9.66431,7.28005,,899.924,-26471.4,-1.68251e+06,,43.4664,-39.8866,,5532.64,5549.56
11.9585,9.14755,,931.547,69849.1,-1.26113e+06,,77.4894,-6.98657,,-507.284,-2566.42
9.87448,7.52577,,813.632,-1113.52,-2.46244e+06,,7.53809,-63.2994,,2027.55,2404.66
8.91694,8.64359,,1109.79,59096.8,3.45991e+06,,-29.4113,9.03745,,5958.61,1071.17
9.83714,10.7007,,1358.74,-28595.8,2.43345e+07,,31.6193,24.2046,,-9296.77,114.518
11.4845,8.09844,,711.684,9142.28,-2.92522e+06,,62.9503,-48.816,,409.939,-2881.53
11.7149,12.0864,,820.61,-25189.3,-2.41557e+06,,95.5606,24.5434,,1809.98,1698.08
10.4052,9.64729,,915.563,-6953.26,-1.48502e+06,,29.4081,-12.4189,,1635.18,-4711.99
10.2143,11.5434,,1151.13,15408.6,5.40989e+06,,12.3365,16.2083,,-3994.5,9899.88
8.62524,14.9735,,1248.82,-29237.5,1.20453e+07,,36.6003,-8.52112,,2297.01,12775.3
8.79432,11.7994,,1099.17,-466.539,3.02488e+06,,-23.52,12.1108,,583.121,933.037
9.91727,13.1894,,1044.11,-10184.4,1.13704e+06,,12.253,-6.01717,,-3726.85,-248.167
10.2045,13.7083,,1082.37,-3601.59,2.38634e+06,,26.9616,-2.22427,,-1975.72,1440.14
8.85234,14.2442,,1302.53,3514.81,1.72795e+07,,-51.1947,-37.3935,,14849.2,-8687.56
9.41967,15.5925,,1283.44,2430.41,1.52667e+07,,72.3743,-41.6617,,-2023.89,1677.78
9.3417,15.6185,,1250.81,-15031.1,1.22162e+07,,42.6925,-15.1996,,-4708.73,3265.57
9.74066,18.6145,,856.079,20309.4,-2.13712e+06,,-14.9643,29.4446,,237.021,-588.523
10.3627,16.2013,,846.215,95451.1,-2.22176e+06,,71.5033,-71.6556,,4255.9,2207.76
10.8504,20.2967,,1492.83,-135020,5.00327e+07,,81.2828,38.0972,,5257.15,9365.82
9.51857,19.9319,,964.502,-30144.3,-720511,,-64.0497,7.8869,,-8688.65,-1275.09
9.72619,19.4205,,1085.53,-343.598,2.50199e+06,,-36.0031,-31.5377,,-7168.01,-6216.2
9.99297,21.8698,,1357.71,-17923,2.4189e+07,,-55.6127,141.414,,-14252,-3465.98
9.16684,20.2132,,848.676,-8054.76,-2.20119e+06,,-77.2114,1.50591,,-4223.39,-92.8959
10.0948,21.936,,1398.33,-23148,3.04724e+07,,-49.4145,117.708,,-12842.6,-1432.27
6.22011,22.428,,1233.23,63045.7,1.07603e+07,,-74.023,47.9113,,4020.32,6153.13
10.361,20.2903,,1341.11,-101180,2.19274e+07,,-31.8928,-28.0718,,-14460.7,6637.27
10.4148,25.8145,,863.318,6283.7,-2.07117e+06,,4.87204,104.589,,637.1,-322.881
9.43535,25.1763,,810.467,-19775.7,-2.48292e+06,,-7.67438,90.1289,,761.945,-1231.41
10.3489,24.4653,,658.051,809.847,-3.05105e+06,,12.8903,56.0238,,422.518,-603.719
9.54366,24.5986,,1013.76,-42505.1,323696,,46.4688,24.0842,,3297.95,1327.34
11.1661,26.2475,,980.701,378.629,-411027,,42.2564,33.5665,,60.469,-128.168
10,-1.5,,1010.33,0,240345,,0,0,,0,0
10,-1,,1010.12,0,235440,,0,0,,0,0
10,-0.5,,1009.92,0,230535,,0,0,,0,0
8.73676,-1.87226,,859.833,-108065,-2.10334e+06,,14.5056,-108.236,,1198.07,365.357
10.5723,3.70708,,817.919,-58744.1,-2.43393e+06,,5.07182,4.41742,,1465.54,658.125
10.5739,0.0421708,,1088.11,-25763.2,2.59772e+06,,-2.1308,1.59759,,479.562,-767.33
8.40055,3.54701,,1335.98,-18673,2.12612e+07,,-45.4005,-43.2543,,6648.46,-4374.38
9.9173,1.12305,,1182.4,64656.9,7.19135e+06,,-9.31326,37.1233,,24.1998,-204.557
12.1002,1.66205,,1063.97,41726.5,1.75173e+06,,15.1315,-39.5298,,-706.146,3410.49
9.36838,2.74094,,1009.96,19233.3,231489,,-36.4278,-84.3654,,2054.56,-1412.88
8.69307,0.887926,,1251.49,15881,1.22751e+07,,11.7569,-37.7595,,-115.736,-3345.91
11.187,4.33499,,973.608,-8991.2,-550353,,35.5226,64.9073,,-1772.97,-2500.43
10.9863,0.938034,,1149.87,52549.8,5.34378e+06,,24.285,27.5357,,-1020.25,-810.554
7.93731,4.89907,,883.95,-40460.1,-1.86406e+06,,-111.122,39.0256,,680.848,3746
8.55879,3.85176,,1251.72,-55156.9,1.22953e+07,,-68.4465,3.63177,,7676.06,6721.68
9.1794,5.79614,,1216.52,33717.7,9.48655e+06,,29.3527,-23.5828,,-10487.2,-7465.01
10.1398,5.39054,,1165.93,53788.4,6.21769e+06,,48.8956,-1.85569,,4537.55,-8871.58
9.55072,6.67537,,1203.68,-12150,8.57649e+06,,49.8681,-61.6721,,7150.82,10967.4
9.4602,7.88885,,831.522,-15410.6,-2.33732e+06,,-3.23571,-29.0327,,5178.17,989.237
8.70889,7.10562,,1373.79,-43447,2.65439e+07,,12.3248,-62.7713,,5540.91,5540.25
10.547,10.9666,,1340.86,26114.5,2.18949e+07,,58.2176,43.6179,,-622.904,-176.276
9.70032,10.2362,,1193.21,-39479.6,7.87626e+06,,17.7208,-9.04432,,-4690.45,-6047.16
9.0626,9.50106,,1148.17,19585.1,5.25546e+06,,31.9457,-96.6332,,-929.148,-724.61
9.85661,6.12619,,1305.17,66031.4,1.75722e+07,,43.2796,-98.4345,,7865.17,7950.6
10.6211,11.1965,,1311.54,30413.3,1.82933e+07,,34.5025,33.9614,,-1368.76,8554.33
8.69407,9.86063,,1052.08,-12106.6,1.37555e+06,,3.00964,-75.5343,,-2478.19,1813.37
8.8599,11.3011,,1131.26,-31712.2,4.41937e+06,,53.4826,18.4771,,-3084.66,-1338.1
10.2772,13.124,,1272.48,-10503.1,1.41893e+07,,41.3791,-4.62692,,-1944.38,-259.202
9.38635,14.6232,,1141.26,7405.26,4.90489e+06,,0.977289,32.0939,,7335,-3558.52
10.4464,12.5947,,1182.14,-7927.69,7.17536e+06,,9.76412,-3.61053,,-1898.94,-1532.46
8.13129,14.3717,,1381.89,6511.06,2.77941e+07,,-37.1534,-45.4681,,-3308.61,1449.41
11.3651,14.8651,,999.821,43632.7,-4028.39,,-19.7846,44.6474,,-4132.46,-1379.47
8.31093,14.5531,,1444.9,-12910.3,3.91559e+07,,-78.7804,-1.36208,,5554.71,13843.8
9.42409,15.6761,,1258.32,-7265.53,1.28772e+07,,45.3678,-27.6217,,-2172.71,4984.12
9.59175,15.7252,,1223.93,9575.81,1.00386e+07,,13.8437,-21.4562,,3668.2,5354.41
10.0535,17.9234,,719.137,-25015.1,-2.90267e+06,,-1.87742,-7.81203,,1460.67,2067.95
10.5809,16.7954,,785.396,47315.9,-2.6291e+06,,36.8657,-44.7439,,1750.03,307.557
10.3041,19.834,,1346.26,-63778.1,2.26118e+07,,-31.2237,-18.9947,,-11590.5,-10610.8
9.76964,19.2497,,950.361,13380.2,-966347,,-30.1707,-5.79003,,-4092.01,-5904.06
10.1679,21.4432,,1314.63,-76744.9,1.86501e+07,,-56.3878,120.345,,-9661.69,-13670.6
10.4833,20.8838,,1234.83,-153974,1.08878e+07,,-7.99607,76.8173,,-6665.02,2120.94
8.98322,22.9912,,976.131,54606,-501482,,-28.0369,63.7282,,-1165.52,-1329.56
9.14405,21.8564,,1018.04,15800.8,429705,,-56.4302,99.2308,,-8155.41,518.774
13.2251,22.8479,,965.972,25262.1,-693690,,61.7753,45.0342,,1797.54,-1331.56
10.8291,21.9869,,1445.2,-62618,3.92178e+07,,24.5176,79.9255,,2018.27,-38.5958
11.7208,24.1695,,937.477,-5054.99,-1.17201e+06,,2.5357,48.5355,,-3204.42,1401.96
10.2317,25.4154,,796.328,13091.3,-2.56874e+06,,5.52604,98.9598,,604.727,-327.312
9.33775,24.7268,,1022.74,-41610.5,549483,,26.4434,41.6769,,2763.85,2082.27
9.13234,24.8185,,1082.91,-48659.2,2.40591e+06,,3.45395,56.3773,,1817.32,3074.78
11.0594,26.3499,,980.817,-10459.5,-408691,,36.0961,57.5337,,159.252,-166.195
10.5,-1.5,,1010.33,0,240345,,0,0,,0,0
10.5,-1,,1010.12,0,235440,,0,0,,0,0
10.5,-0.5,,1009.92,0,230535,,0,0,,0,0
9.19801,2.6973,,951.814,34379.3,-942093,,-46.3631,-37.1731,,1867.85,-1792.12
10.6541,4.34577,,903.692,-10472.6,-1.63678e+06,,-0.354051,73.0106,,630.231,-2564.38
9.84731,1.00949,,1135.73,62235.2,4.63319e+06,,-40.4179,21.3679,,-530.465,-1286.05
7.29859,3.4429,,1158.56,57868.8,5.80735e+06,,-21.5983,-28.2,,-7374.35,-2665.49
10.1397,0.0283008,,1169.57,-17433.4,6.42585e+06,,-46.3671,-8.82764,,-320.592,-333.926
13.3508,1.95976,,1077.96,-41554.7,2.2284e+06,,-23.1462,-6.2898,,-2167.01,2604.97
9.1334,2.22868,,967.949,31362.3,-657231,,-23.9852,10.2798,,929.216,1916.46
10.2088,1.7971,,1139.53,59980.2,4.81916e+06,,33.6603,-122.017,,763.36,4610.71
12.1591,5.99009,,1398.19,16824.3,3.04489e+07,,34.1778,56.0453,,9404.29,-2895.92
10.0717,3.18779,,902.865,-35968.3,-1.64692e+06,,-25.3373,-58.3556,,2479.54,-59.2355
8.40673,4.52057,,1169.91,-79817.7,6.44537e+06,,-89.4672,79.1414,,1396.03,9359.88
9.10249,6.51836,,1161.72,-4386.39,5.98163e+06,,-34.3206,37.2898,,503.254,1505.81
8.73856,6.89597,,1393.15,-24355.9,2.96072e+07,,30.246,-40.9368,,3096.27,1998.21
9.62235,5.94624,,1464.53,46526.3,4.33563e+07,,32.8698,-21.6969,,-1268.35,-385.395
8.96642,13.727,,864.331,191094,-2.06168e+06,,-10.0269,294.209,,6037.88,-6298.94
9.95913,12.9692,,960.999,-13727.6,-783449,,-26.8117,88.2142,,-2914.09,-767.137
10.6248,7.81305,,838.033,-5572.73,-2.28761e+06,,16.2276,-45.5963,,-129.296,-348.228
9.77913,10.6294,,1345.66,-42214,2.25314e+07,,5.04396,20.0056,,-10484.3,-1464.84
9.5961,9.97946,,1149.43,-35889.6,5.32106e+06,,-0.293183,-29.1814,,-2982.42,-6256.04
7.17186,16.8841,,904.168,-34093.9,-1.63092e+06,,-118.568,183.446,,1179.56,613.058
10.8673,6.29032,,994.331,122688,-125753,,20.0319,-123.78,,-1593.59,6507.09
10.8376,12.143,,1158.04,2563.05,5.77926e+06,,39.7088,17.1268,,928.978,1830.36
9.08059,11.6631,,932.667,-7617.03,-1.24457e+06,,-8.62412,41.7489,,-1338.87,1929.87
10.11,10.5066,,1265.02,-42823.3,1.34867e+07,,45.1322,-64.0703,,1772.07,-8468.2
11.5401,13.2478,,1212.86,-18437.4,9.22107e+06,,10.8681,10.4778,,5390.78,140.797
10.476,14.1497,,1067.93,18093.5,1.88302e+06,,20.0522,10.0462,,-1008.02,2612.39
7.90021,10.0888,,1085.82,8458.44,2.51272e+06,,-69.9071,-87.0722,,5024.53,3699.78
12.9799,17.0256,,813.587,-82600.4,-2.46273e+06,,56.142,188.89,,1240.16,-618.096
11.7123,15.6558,,1215.94,26978.3,9.44426e+06,,-11.5249,86.2344,,-9311.25,2062.31
10.4433,15.6843,,912.322,102459,-1.52764e+06,,-1.04433,-17.0848,,4464.06,1316.84
10.5562,17.5105,,922.488,823.195,-1.39087e+06,,8.21879,-39.2305,,358.31,104.255
10.096,15.183,,1008.65,62163.9,200269,,10.3963,23.2205,,6509.2,-1958.34
10.2145,18.7745,,913.954,2249.72,-1.50629e+06,,-31.0455,15.3434,,-1255.7,-3747.08
10.5762,18.8408,,915.68,-17051.6,-1.48346e+06,,-7.24157,12.6022,,-606.775,-5412.46
10.3879,19.8962,,1351.4,-73641.4,2.33102e+07,,-30.5226,-2.64709,,-9857.98,-9252.52
10.2258,19.2164,,1069.15,-8008.8,1.92384e+06,,-34.5711,-8.40971,,-3632.94,-10808.9
10.4817,21.5666,,1391.9,-73887.3,2.94026e+07,,-26.1334,130.391,,-4832.33,-14852.8
9.58074,20.765,,1002.83,-86706.7,64300.7,,-114.743,65.7839,,-7931.33,-1571.69
10.2155,22.776,,1169.38,9505.86,6.41476e+06,,-27.6044,103.963,,-4655.5,13586.5
10.0484,22.3428,,1317.23,10851.6,1.89554e+07,,-51.0765,114.424,,-12665.9,11209.2
10.3623,22.3622,,1360.99,-16920.7,2.46554e+07,,-33.0944,98.5845,,-5918.76,14028.5
8.76283,23.8487,,1212.72,-12979.9,9.21096e+06,,-6.33407,24.2626,,-742.025,-33.0714
10.3107,22.9481,,1117.93,22005.6,3.81056e+06,,-19.1743,51.9247,,-2341,12659.9
9.79169,22.991,,1003.38,67575.7,77019.7,,-35.1857,18.8983,,-3617.34,5966.21
8.71518,23.978,,1143.47,-27907,5.01579e+06,,-28.1828,7.40214,,-1573.45,1590.97
8.95397,24.6065,,1124.97,-59048.7,4.12646e+06,,5.01218,43.6893,,615.905,3304.09
10.9123,25.501,,1157.48,-10812.8,5.74902e+06,,21.5967,44.2184,,1089.86,-1920.93
11,-1.5,,1010.33,0,240345,,0,0,,0,0
11,-1,,1010.12,0,235440,,0,0,,0,0
11,-0.5,,1009.92,0,230535,,0,0,,0,0
12.302,2.6973,,951.814,34379.3,-942093,,46.3631,-37.1731,,-1867.85,-1792.12
10.8459,4.34577,,903.692,-10472.6,-1.63678e+06,,0.354051,73.0106,,-630.231,-2564.38
11.6527,1.00949,,1135.73,62235.2,4.63319e+06,,40.4179,21.3679,,530.465,-1286.05
14.2014,3.4429,,1158.56,57868.8,5.80735e+06,,21.5983,-28.2,,7374.35,-2665.49
11.3603,0.0283008,,1169.57,-17433.4,6.42585e+06,,46.3671,-8.82764,,320.592,-333.926
8.14922,1.95976,,1077.96,-41554.7,2.2284e+06,,23.1462,-6.2898,,2167.01,2604.97
12.3666,2.22868,,967.949,31362.3,-657231,,23.9852,10.2798,,-929.216,1916.46
11.2912,1.7971,,1139.53,59980.2,4.81916e+06,,-33.6603,-122.017,,-763.36,4610.71
9.34091,5.99009,,1398.19,16824.3,3.04489e+07,,-34.1778,56.0453,,-9404.29,-2895.92
11.4283,3.18779,,902.865,-35968.3,-1.64692e+06,,25.3373,-58.3556,,-2479.54,-59.2355
13.0933,4.52057,,1169.91,-79817.7,6.44537e+06,,89.4672,79.1414,,-1396.03,9359.88
12.3975,6.51836,,1161.72,-4386.39,5.98163e+06,,34.3206,37.2898,,-503.254,1505.81
12.7614,6.89597,,1393.15,-24355.9,2.96072e+07,,-30.246,-40.9368,,-3096.27,1998.21
11.8776,5.94624,,1464.53,46526.3,4.33563e+07,,-32.8698,-21.6969,,1268.35,-385.395
12.5336,13.727,,864.331,191094,-2.06168e+06,,10.0269,294.209,,-6037.88,-6298.94
11.5409,12.9692,,960.999,-13727.6,-783449,,26.8117,88.2142,,2914.09,-767.137
10.8752,7.81305,,838.033,-5572.73,-2.28761e+06,,-16.2276,-45.5963,,129.296,-348.228
11.7209,10.6294,,1345.66,-42214,2.25314e+07,,-5.04396,20.0056,,10484.3,-1464.84
11.9039,9.97946,,1149.43,-35889.6,5.32106e+06,,0.293183,-29.1814,,2982.42,-6256.04
14.3281,16.8841,,904.168,-34093.9,-1.63092e+06,,118.568,183.446,,-1179.56,613.058
10.6327,6.29032,,994.331,122688,-125753,,-20.0319,-123.78,,1593.59,6507.09
10.6624,12.143,,1158.04,2563.05,5.77926e+06,,-39.7088,17.1268,,-928.978,1830.36
12.4194,11.6631,,932.667,-7617.03,-1.24457e+06,,8.62412,41.7489,,1338.87,1929.87
11.39,10.5066,,1265.02,-42823.3,1.34867e+07,,-45.1322,-64.0703,,-1772.07,-8468.2
9.95991,13.2478,,1212.86,-18437.4,9.22107e+06,,-10.8681,10.4778,,-5390.78,140.797
11.024,14.1497,,1067.93,18093.5,1.88302e+06,,-20.0522,10.0462,,1008.02,2612.39
13.5998,10.0888,,1085.82,8458.44,2.51272e+06,,69.9071,-87.0722,,-5024.53,3699.78
8.52014,17.0256,,813.587,-82600.4,-2.46273e+06,,-56.142,188.89,,-1240.16,-618.096
9.78772,15.6558,,1215.94,26978.3,9.44426e+06,,11.5249,86.2344,,9311.25,2062.31
11.0567,15.6843,,912.322,102459,-1.52764e+06,,1.04433,-17.0848,,-4464.06,1316.84
10.9438,17.5105,,922.488,823.196,-1.39087e+06,,-8.21879,-39.2305,,-358.31,104.255
11.404,15.183,,1008.65,62163.9,200269,,-10.3963,23.2205,,-6509.2,-1958.34
11.2855,18.7745,,913.954,2249.72,-1.50629e+06,,31.0455,15.3434,,1255.7,-3747.08
10.9238,18.8408,,915.68,-17051.6,-1.48346e+06,,7.24157,12.6022,,606.775,-5412.46
11.1121,19.8962,,1351.4,-73641.4,2.33102e+07,,30.5226,-2.64709,,9857.98,-9252.52
11.2742,19.2164,,1069.15,-8008.8,1.92384e+06,,34.5711,-8.40971,,3632.94,-10808.9
11.0183,21.5666,,1391.9,-73887.3,2.94026e+07,,26.1334,130.391,,4832.33,-14852.8
11.9193,20.765,,1002.83,-86706.7,64300.7,,114.743,65.7839,,7931.33,-1571.69
11.2845,22.776,,1169.38,9505.86,6.41476e+06,,27.6044,103.963,,4655.5,13586.5
11.4516,22.3428,,1317.23,10851.6,1.89554e+07,,51.0765,114.424,,12665.9,11209.2
11.1377,22.3622,,1360.99,-16920.7,2.46554e+07,,33.0944,98.5845,,5918.76,14028.5
12.7372,23.8487,,1212.72,-12979.9,9.21096e+06,,6.33407,24.2626,,742.025,-33.0714
11.1893,22.9481,,1117.93,22005.6,3.81056e+06,,19.1743,51.9247,,2341,12659.9
11.7083,22.991,,1003.38,67575.7,77019.7,,35.1857,18.8983,,3617.34,5966.21
12.7848,23.978,,1143.47,-27907,5.01579e+06,,28.1828,7.40214,,1573.45,1590.97
12.546,24.6065,,1124.97,-59048.7,4.12646e+06,,-5.01218,43.6893,,-615.905,3304.09
10.5877,25.501,,1157.48,-10812.8,5.74902e+06,,-21.5967,44.2184,,-1089.86,-1920.93
11.5,-1.5,,1010.33,0,240345,,0,0,,0,0
11.5,-1,,1010.12,0,235440,,0,0,,0,0
11.5,-0.5,,1009.92,0,230535,,0,0,,0,0
12.7632,-1.87226,,859.833,-108065,-2.10334e+06,,-14.5056,-108.236,,-1198.07,365.357
10.9277,3.70708,,817.919,-58744.1,-2.43393e+06,,-5.07182,4.41742,,-1465.54,658.125
10.9261,0.0421708,,1088.11,-25763.2,2.59772e+06,,2.1308,1.59759,,-479.562,-767.33
13.0995,3.54701,,1335.98,-18673,2.12612e+07,,45.4005,-43.2543,,-6648.46,-4374.38
11.5827,1.12305,,1182.4,64656.9,7.19135e+06,,9.31326,37.1233,,-24.1998,-204.557
9.39981,1.66205,,1063.97,41726.5,1.75173e+06,,-15.1315,-39.5298,,706.146,3410.49
12.1316,2.74094,,1009.96,19233.3,231489,,36.4278,-84.3654,,-2054.56,-1412.88
12.8069,0.887926,,1251.49,15881,1.22751e+07,,-11.7569,-37.7595,,115.736,-3345.91
10.313,4.33499,,973.608,-8991.2,-550353,,-35.5226,64.9073,,1772.97,-2500.43
10.5137,0.938034,,1149.87,52549.8,5.34378e+06,,-24.285,27.5357,,1020.25,-810.554
13.5627,4.89907,,883.95,-40460.1,-1.86406e+06,,111.122,39.0256,,-680.848,3746
12.9412,3.85176,,1251.72,-55156.9,1.22953e+07,,68.4465,3.63177,,-7676.06,6721.68
12.3206,5.79614,,1216.52,33717.7,9.48655e+06,,-29.3527,-23.5828,,10487.2,-7465.01
11.3602,5.39054,,1165.93,53788.4,6.21769e+06,,-48.8956,-1.85569,,-4537.55,-8871.58
11.9493,6.67537,,1203.68,-12150,8.57649e+06,,-49.8681,-61.6721,,-7150.82,10967.4
12.0398,7.88885,,831.522,-15410.6,-2.33732e+06,,3.23571,-29.0327,,-5178.17,989.237
12.7911,7.10562,,1373.79,-43447,2.65439e+07,,-12.3248,-62.7713,,-5540.91,5540.25
10.953,10.9666,,1340.86,26114.5,2.18949e+07,,-58.2176,43.6179,,622.904,-176.276
11.7997,10.2362,,1193.21,-39479.6,7.87626e+06,,-17.7208,-9.04432,,4690.45,-6047.16
12.4374,9.50106,,1148.17,19585.1,5.25546e+06,,-31.9457,-96.6332,,929.148,-724.61
11.6434,6.12619,,1305.17,66031.4,1.75722e+07,,-43.2796,-98.4345,,-7865.17,7950.6
10.8789,11.1965,,1311.54,30413.3,1.82933e+07,,-34.5025,33.9614,,1368.76,8554.33
12.8059,9.86063,,1052.08,-12106.6,1.37555e+06,,-3.00964,-75.5343,,2478.19,1813.37
12.6401,11.3011,,1131.26,-31712.2,4.41937e+06,,-53.4826,18.4771,,3084.66,-1338.1
11.2228,13.124,,1272.48,-10503.1,1.41893e+07,,-41.3791,-4.62692,,1944.38,-259.202
12.1137,14.6232,,1141.26,7405.26,4.90489e+06,,-0.977289,32.0939,,-7335,-3558.52
11.0536,12.5947,,1182.14,-7927.69,7.17536e+06,,-9.76412,-3.61053,,1898.94,-1532.46
13.3687,14.3717,,1381.89,6511.06,2.77941e+07,,37.1534,-45.4681,,3308.61,1449.41
10.1349,14.8651,,999.821,43632.7,-4028.4,,19.7846,44.6474,,4132.46,-1379.47
13.1891,14.5531,,1444.9,-12910.3,3.91559e+07,,78.7804,-1.36208,,-5554.71,13843.8
12.0759,15.6761,,1258.32,-7265.53,1.28772e+07,,-45.3678,-27.6217,,2172.71,4984.12
11.9082,15.7252,,1223.93,9575.81,1.00386e+07,,-13.8437,-21.4562,,-3668.2,5354.41
11.4465,17.9234,,719.137,-25015.1,-2.90267e+06,,1.87742,-7.81203,,-1460.67,2067.95
10.9191,16.7954,,785.396,47315.9,-2.6291e+06,,-36.8657,-44.7439,,-1750.03,307.557
11.1959,19.834,,1346.26,-63778.1,2.26118e+07,,31.2237,-18.9947,,11590.5,-10610.8
11.7304,19.2497,,950.361,13380.2,-966347,,30.1707,-5.79003,,4092.01,-5904.06
11.3321,21.4432,,1314.63,-76744.9,1.86501e+07,,56.3878,120.345,,9661.69,-13670.6
11.0167,20.8838,,1234.83,-153974,1.08878e+07,,7.99607,76.8173,,6665.02,2120.94
12.5168,22.9912,,976.131,54606,-501482,,28.0369,63.7282,,1165.52,-1329.56
12.356,21.8564,,1018.04,15800.8,429705,,56.4302,99.2308,,8155.41,518.774
8.27491,22.8479,,965.972,25262.1,-693690,,-61.7753,45.0342,,-1797.54,-1331.56
10.6709,21.9869,,1445.2,-62618,3.92178e+07,,-24.5176,79.9255,,-2018.27,-38.5958
9.77915,24.1695,,937.477,-5054.99,-1.17201e+06,,-2.5357,48.5355,,3204.42,1401.96
11.2683,25.4154,,796.328,13091.3,-2.56874e+06,,-5.52604,98.9598,,-604.727,-327.312
12.1623,24.7268,,1022.74,-41610.5,549483,,-26.4434,41.6769,,-2763.85,2082.27
12.3677,24.8185,,1082.91,-48659.2,2.40591e+06,,-3.45395,56.3773,,-1817.32,3074.78
10.4406,26.3499,,980.817,-10459.5,-408691,,-36.0961,57.5337,,-159.252,-166.195
12,-1.5,,1010.33,0,240345,,0,0,,0,0
12,-1,,1010.12,0,235440,,0,0,,0,0
12,-0.5,,1009.92,0,230535,,0,0,,0,0
13.5058,-1.59228,,1080.65,-114492,2.32419e+06,,47.8301,-88.0264,,1922.73,-5269.47
10.8976,2.59308,,882.184,-8751.65,-1.88295e+06,,-29.206,-18.5133,,-602.401,1357.28
11.5702,0.750952,,1065.05,51431.2,1.78732e+06,,14.4058,59.4647,,453.679,-1781.06
11.6991,4.96668,,1112.87,92234.8,3.59076e+06,,18.5449,86.3617,,-252.701,-10034.5
12.9388,0.106496,,1137.77,28545.3,4.73235e+06,,-28.7696,22.1118,,379.101,-650.366
14.1151,1.17446,,1219.79,-14692.1,9.72777e+06,,61.806,-98.8286,,-1241.23,-3882.02
11.1859,2.38976,,1004.3,22538.2,98393.3,,-44.3971,-112.497,,-976.655,2850.54
9.72,-1.73414,,953.474,-80147.5,-914085,,-29.3707,-100.289,,-109.711,-622.162
11.8483,5.27513,,1212.83,62189.9,9.21921e+06,,12.1847,34.9435,,2667.65,-11824.9
11.1759,-3.2733,,383.928,11270.8,-3.21932e+06,,-41.41,-182.744,,-2529.38,-691.235
12.5834,3.78627,,1195.79,-53805.9,8.04583e+06,,32.2648,4.18053,,-10151.9,3646.91
12.4337,1.31647,,1127.92,43786.2,4.26248e+06,,-55.4639,-100.336,,-1100.52,1235.25
13.4457,3.64936,,1365.54,-7008.4,2.53151e+07,,54.5962,-92.8955,,2206.85,-174.134
12.1208,4.69343,,828.685,-17875,-2.35827e+06,,-29.0518,-24.4611,,579.493,-1360.26
11.5051,6.86474,,893.359,-13984.4,-1.75948e+06,,-50.1147,-30.3721,,-3891.1,7266.4
13.0237,9.1261,,1112.91,50336.2,3.59268e+06,,35.8802,-27.088,,-1888.27,3349.17
11.8357,7.28005,,899.924,-26471.4,-1.68251e+06,,-43.4664,-39.8866,,-5532.64,5549.56
9.54153,9.14755,,931.547,69849.1,-1.26113e+06,,-77.4894,-6.98657,,507.284,-2566.42
11.6255,7.52577,,813.632,-1113.52,-2.46244e+06,,-7.53809,-63.2994,,-2027.55,2404.66
12.5831,8.64359,,1109.79,59096.8,3.45991e+06,,29.4113,9.03745,,-5958.61,1071.17
11.6629,10.7007,,1358.74,-28595.8,2.43345e+07,,-31.6193,24.2046,,9296.77,114.518
10.0155,8.09844,,711.684,9142.28,-2.92522e+06,,-62.9503,-48.816,,-409.939,-2881.53
9.78508,12.0864,,820.61,-25189.3,-2.41557e+06,,-95.5606,24.5434,,-1809.98,1698.08
11.0948,9.64729,,915.563,-6953.26,-1.48502e+06,,-29.4081,-12.4189,,-1635.18,-4711.99
11.2857,11.5434,,1151.13,15408.6,5.40989e+06,,-12.3365,16.2083,,3994.5,9899.88
12.8748,14.9735,,1248.82,-29237.5,1.20453e+07,,-36.6003,-8.52112,,-2297.01,12775.3
12.7057,11.7994,,1099.17,-466.539,3.02488e+06,,23.52,12.1108,,-583.121,933.037
11.5827,13.1894,,1044.11,-10184.4,1.13704e+06,,-12.253,-6.01717,,3726.85,-248.167
11.2955,13.7083,,1082.37,-3601.59,2.38634e+06,,-26.9616,-2.22427,,1975.72,1440.14
12.6477,14.2442,,1302.53,3514.81,1.72795e+07,,51.1947,-37.3935,,-14849.2,-8687.56
12.0803,15.5925,,1283.44,2430.41,1.52667e+07,,-72.3743,-41.6617,,2023.89,1677.78
12.1583,15.6185,,1250.81,-15031.1,1.22162e+07,,-42.6925,-15.1996,,4708.73,3265.57
11.7593,18.6145,,856.079,20309.4,-2.13712e+06,,14.9643,29.4446,,-237.021,-588.523
11.1373,16.2013,,846.215,95451.1,-2.22176e+06,,-71.5033,-71.6556,,-4255.9,2207.76
10.6496,20.2967,,1492.83,-135020,5.00327e+07,,-81.2828,38.0972,,-5257.15,9365.82
11.9814,19.9319,,964.502,-30144.3,-720511,,64.0497,7.8869,,8688.65,-1275.09
11.7738,19.4205,,1085.53,-343.598,2.50199e+06,,36.0031,-31.5377,,7168.01,-6216.2
11.507,21.8698,,1357.71,-17923,2.4189e+07,,55.6127,141.414,,14252,-3465.98
12.3332,20.2132,,848.676,-8054.76,-2.20119e+06,,77.2114,1.50591,,4223.39,-92.8959
11.4052,21.936,,1398.33,-23148,3.04724e+07,,49.4145,117.708,,12842.6,-1432.27
15.2799,22.428,,1233.23,63045.7,1.07603e+07,,74.023,47.9113,,-4020.32,6153.13
11.139,20.2903,,1341.11,-101180,2.19274e+07,,31.8928,-28.0718,,14460.7,6637.27
11.0852,25.8145,,863.318,6283.7,-2.07117e+06,,-4.87204,104.589,,-637.1,-322.881
12.0646,25.1763,,810.467,-19775.7,-2.48292e+06,,7.67438,90.1289,,-761.945,-1231.41
11.1511,24.4653,,658.051,809.847,-3.05105e+06,,-12.8903,56.0238,,-422.518,-603.719
11.9563,24.5986,,1013.76,-42505.1,323696,,-46.4688,24.0842,,-3297.95,1327.34
10.3339,26.2475,,980.701,378.629,-411027,,-42.2564,33.5665,,-60.469,-128.168
12.5,-1.5,,1010.33,0,240345,,0,0,,0,0
12.5,-1,,1010.12,0,235440,,0,0,,0,0
12.5,-0.5,,1009.92,0,230535,,0,0,,0,0
12.9769,-0.954489,,1303.77,-46659.1,1.74169e+07,,-32.8305,81.4108,,-4010.12,895.789
12.9324,1.12683,,1182.31,-15875.5,7.18616e+06,,-32.6796,-24.4754,,911.865,180.32
12.4118,0.368077,,1017.95,47513.2,427450,,9.59463,16.5227,,-232.704,-2297.35
10.5573,5.8223,,1286.61,53405.9,1.55879e+07,,-83.3458,92.7752,,3609.75,2041.43
13.8026,1.86494,,1203.54,-46565.9,8.56705e+06,,15.494,34.6843,,-2666.04,3421.56
12.3284,3.49934,,1161.69,-30613.1,5.97974e+06,,16.4386,-18.4278,,-9145.08,-572.546
14.4281,4.92439,,1057.69,-13952.6,1.54984e+06,,14.4155,61.5257,,-9508.25,-85.8355
12.0835,2.90829,,1155.23,6509.9,5.62731e+06,,25.1215,-70.9725,,-4031.11,-1372.37
13.7443,9.65073,,1001.74,4361.96,39503.3,,32.9373,62.4136,,-6737.59,3288.02
12.4683,1.59078,,1211.13,21056,9.09705e+06,,-59.1311,-33.0483,,-397.94,4381.31
12.4158,5.08934,,968.54,10038.3,-646247,,-29.5507,16.3943,,4267.74,-4569.25
12.6402,4.04409,,1102.57,-105163,3.1614e+06,,-37.7642,24.3695,,-7157.99,6524.65
13.7115,4.06076,,1230.86,-5072.23,1.05731e+07,,61.7944,-44.1747,,5037.65,10378.9
10.5281,5.35155,,1061.01,44895.1,1.65587e+06,,-73.6968,-5.97374,,2379.47,-6649.55
13.1744,7.8783,,1320.12,-37676.7,1.9298e+07,,38.7861,43.6412,,35.0185,2487.08
13.0028,9.17664,,1119.22,62495.4,3.86784e+06,,-0.69387,-85.4251,,-1690.7,3432.44
13.4347,5.93046,,947.901,30619.2,-1.00694e+06,,-9.52689,-34.144,,3273.39,-4400.38
9.02739,6.60542,,1319.85,6634.97,1.92655e+07,,-101.345,-139.4,,1369.01,1812.4
12.1736,9.43639,,1025.65,7760.12,625105,,-8.5695,-54.2462,,-47.507,-3275.69
12.0852,9.9913,,1205.3,-29045,8.68785e+06,,-38.0587,-53.4615,,6075.7,-3642.36
12.1754,13.928,,1142.92,-3487.91,4.98786e+06,,-18.8432,16.9062,,-4626.87,-5666.79
13.0049,6.77286,,1266.29,-4059.86,1.36044e+07,,-14.6706,-45.1992,,5058.81,-3983.84
11.7196,11.1103,,1276.76,-26055.7,1.4603e+07,,-7.80503,40.1305,,10010.6,8300.44
10.6497,13.9948,,1224.99,-14396.8,1.01187e+07,,-87.6701,108.349,,-760.92,3009.51
10.2323,10.8484,,1289.43,-1894.96,1.58786e+07,,16.8701,26.1761,,-1119.44,-483.21
12.3745,14.6451,,1282.44,-2698.99,1.51659e+07,,-1.14292,53.431,,-9247.28,-1425.9
13.4407,15.571,,1009.57,-44906.2,222212,,30.1592,79.6477,,2789.45,7138.82
13.2838,14.0538,,1294.64,32526.7,1.64255e+07,,53.1371,-20.0535,,-3368.03,-20218.9
11.8398,14.0806,,972.369,-5751.59,-574082,,-24.5278,-6.12979,,-2178.47,-1619.22
11.5722,14.854,,1185.82,30903.2,7.40444e+06,,-48.3305,46.6209,,-5920.38,-4162.66
12.3977,15.4355,,1329.53,-19348.2,2.04459e+07,,-45.013,-100.661,,9729.84,1605.79
12.3588,16.4633,,1009.52,-77241.7,221074,,-66.1604,24.7654,,2485.26,6075.25
12.0612,18.5051,,663.24,42339.8,-3.04132e+06,,-35.5348,56.9604,,-3633.85,2221.09
12.3462,16.5667,,827.918,-49175.4,-2.36386e+06,,-43.8243,-17.6001,,2160.42,3038.21
12.5784,21.4348,,1076.29,5221.21,2.16928e+06,,70.9484,130.714,,5220.94,-1753.7
12.4082,20.6318,,940.688,-16511.7,-1.12233e+06,,81.0962,66.0496,,3300.37,-1352.82
13.4532,17.9887,,744.787,20862.7,-2.81353e+06,,31.5683,-15.8175,,1747.15,-8.98528
12.4102,21.3896,,1100.16,-6784.53,3.06426e+06,,59.8939,89.4438,,5947.04,-3098
14.9517,20.5352,,1099.93,-4116.85,3.05508e+06,,97.3439,29.2902,,-3119.88,-2415.55
12.0268,21.72,,1193.87,-7975.81,7.91964e+06,,53.2187,107.69,,12073.4,-2339.72
13.783,21.9253,,1006.12,12959.5,140542,,22.2205,39.1017,,-1408.98,251.588
12.964,21.2099,,918.23,9233.62,-1.44926e+06,,23.9264,62.6905,,1530.42,-582.992
13.9823,24.1394,,759.467,-11255.8,-2.75354e+06,,23.9069,22.4173,,929.194,830.767
12.3599,23.3179,,1106.54,27752.6,3.32408e+06,,-8.54474,19.3067,,-1255.72,-2098.76
11.971,23.26,,987.295,50167,-275959,,11.8544,7.47264,,111.046,1431.98
13.9581,25.4458,,1010.75,-39721.9,250440,,43.1796,89.3555,,17.7244,-553.592
13.7718,25.7669,,1168.49,-39066.5,6.36378e+06,,-12.7509,117.805,,-1501.94,2116.83
13,-1.5,,1010.33,0,240345,,0,0,,0,0
13,-1,,1010.12,0,235440,,0,0,,0,0
13,-0.5,,1009.92,0,230535,,0,0,,0,0
12.4937,0.459306,,1027.74,44264.1,680419,,-47.5146,2.22987,,-510.72,-2737.83
12.7417,1.1392,,1216.28,8521.33,9.4688e+06,,-70.993,-4.61884,,-248.092,285.421
12.4875,0.135811,,1032.83,28423,817785,,-31.4423,6.08715,,-254.679,-1306.27
14.5312,6.05043,,1074.43,-19575.7,2.10453e+06,,-43.2094,42.7517,,-4268.16,3829.63
14.6576,3.78587,,1141.32,59155.7,4.90796e+06,,-28.7512,85.6778,,2274.98,-2199.79
10.0271,5.74228,,1306.68,84492.7,1.77409e+07,,-57.5498,-26.7282,,6888.95,-2719.12
5.96579,-6.69323,,323.337,0,-3.22209e+06,,-112.517,-109.722,,0,0
11.2495,2.05814,,1048.6,10365.6,1.26996e+06,,-25.047,8.35127,,-701.643,4074.43
15.3647,4.825,,1347.08,5157.68,2.27214e+07,,29.6598,-3.30128,,-11634.1,-11087.3
13.5159,2.08408,,1209.09,-33354.5,8.95313e+06,,-25.3533,45.1749,,-2657.52,3082.59
15.4083,4.58958,,1329.88,13836.2,2.04891e+07,,47.4503,-60.8692,,-7951,-16529.5
13.3378,5.23145,,827.26,4084.33,-2.36863e+06,,-3.84744,18.353,,317.884,196.59
13.4685,3.69719,,1426.46,-8071.81,3.55127e+07,,27.105,-39.9101,,3118.82,2711.98
12.969,5.62886,,985.308,24072,-317236,,-26.0688,-39.6299,,5683.21,-4968.48
13.0552,8.69886,,1159.23,44537.1,5.84432e+06,,4.05014,81.7069,,-3265.84,3357.32
12.7065,7.90559,,1154.76,-62899.5,5.60242e+06,,-39.0044,16.1568,,-9859.9,3599.5
13.3492,7.17802,,1247.07,-42965.9,1.1896e+07,,16.8647,-20.219,,9801.42,-1035
13.4843,8.5563,,1209.28,40426.4,8.96635e+06,,23.9697,-8.32829,,119.897,1324.87
13.1472,10.5475,,784.952,-72636.2,-2.63145e+06,,4.32175,0.518549,,1154.67,-677.486
13.9216,10.8291,,1059.37,-50502.3,1.60325e+06,,63.5133,21.0842,,-4006.32,1973.55
13.1753,12.1903,,1071.95,-5901.69,2.01914e+06,,1.2447,68.3148,,1714.33,2898.3
13.7605,3.54516,,1123.23,19293.4,4.04738e+06,,40.98,-72.6718,,7663.36,-2627.97
11.5068,12.5149,,1172.63,-7166.08,6.60391e+06,,-16.2139,-5.65917,,5023.9,-1899.51
15.6484,11.7111,,1155.93,21579.9,5.66487e+06,,114.759,-5.3814,,-965.325,-1175.06
15.0031,9.95426,,1284.52,-16823.1,1.53754e+07,,37.0538,-7.22261,,237.962,4967.08
11.7823,11.4094,,1191.98,11958.6,7.79656e+06,,-63.6388,10.0109,,7000.72,9081.73
11.0781,17.3607,,1138.08,24981.2,4.74758e+06,,-57.229,-43.2959,,1340.05,72.361
13.2222,14.1969,,1453.72,15038.1,4.10021e+07,,36.3914,-24.7536,,-8162.64,-16160.5
14.621,13.6347,,1271.69,8248.07,1.41132e+07,,8.03926,0.911458,,-8100.62,-6165.87
13.377,14.2198,,1502.83,-6337.64,5.25801e+07,,1.0786,-105.739,,2363.1,-13907.2
13.1131,16.317,,1027.82,-96526.6,682625,,0.351263,16.8481,,1562.18,2539.6
13.7828,16.8045,,983.551,-43278.5,-353326,,67.9843,40.5714,,237.904,946.888
13.53,18.6731,,859.008,-26452.4,-2.11084e+06,,9.24573,43.7071,,-147.466,-61.166
14.1351,17.4653,,843.812,28525.4,-2.2415e+06,,70.4547,-4.05203,,-737.746,-870.127
12.9866,20.057,,930.528,33915.6,-1.27611e+06,,12.5474,51.3499,,-908.049,121.188
12.667,19.3918,,749.307,27853.5,-2.79581e+06,,4.06096,67.8154,,528.893,1496.81
13.5944,19.8228,,1066.97,21051.5,1.85073e+06,,17.8942,40.6764,,-2431.27,-647.968
13.1704,20.5232,,944.343,21032.7,-1.06451e+06,,9.31427,21.2484,,-977.132,230.218
14.2002,20.5607,,966.11,-5826,-691165,,37.6134,30.8437,,-2139.3,556.837
13.3641,21.6667,,918.719,19729.4,-1.44264e+06,,11.7577,63.6543,,131.815,-20.0195
11.8633,21.7304,,1223.23,-13424.2,9.98505e+06,,42.3581,98.5564,,13017.1,-3713.52
12.899,23.2367,,1062.06,29989.4,1.68972e+06,,-1.56716,31.6534,,1973.33,-3587.51
10.4269,23.0658,,1050.73,103.961,1.33442e+06,,-65.6481,73.5178,,-1091.41,11125.1
13.0277,23.6055,,1138.24,16325.2,4.75566e+06,,-10.4046,-10.1085,,4816.98,-2144.12
13.8472,24.3036,,820.526,-35270.1,-2.41615e+06,,33.2232,-13.5785,,1686.92,41.3489
13.7755,24.6708,,911.982,-67390.1,-1.53205e+06,,32.8627,-2.41872,,1319.6,-1002.89
13.1242,25.2915,,1122.3,-55731.3,4.00552e+06,,-39.3833,71.1424,,-282.367,1378.49
13.5,-1.5,,1010.33,0,240345,,0,0,,0,0
13.5,-1,,1010.12,0,235440,,0,0,,0,0
13.5,-0.5,,1009.92,0,230535,,0,0,,0,0
14.2814,0.411343,,836.475,36132.4,-2.29972e+06,,-4.42318,19.6148,,-1621.79,-3718.33
13.8369,1.16671,,1209.15,-37633,8.95677e+06,,11.566,-28.8899,,-2110.91,-2685.66
13.755,0.251934,,895.873,30188.4,-1.73041e+06,,-14.964,29.8919,,1246.12,-1992.85
13.4038,2.72931,,1066.16,56014.7,1.82392e+06,,-58.7661,-5.38873,,-713.145,-5294.33
14.0679,2.55322,,1075.48,26164.2,2.14102e+06,,-38.2086,40.1399,,311.542,642.797
10.0602,9.88446,,1272.8,8849.09,1.42192e+07,,25.6213,46.8587,,5961.42,-11981.6
12.3297,-3.71165,,329.441,3148.78,-3.22193e+06,,-49.0087,-19.9229,,-2321.56,889.594
12.6488,1.9668,,1147.1,9810.55,5.20061e+06,,-85.9171,20.6612,,-253.244,4107.12
15.3399,4.12749,,1123.9,27161.8,4.07767e+06,,34.0747,28.0045,,-3274.62,-11323.8
11.4632,0.339227,,1244.86,-699.941,1.17092e+07,,-23.0621,16.9913,,795.273,-1271.18
13.3066,6.55392,,1232.75,22196.2,1.07217e+07,,-11.0959,-21.5743,,8849.72,-7096.16
15.6544,5.14406,,1449.43,-17136.6,4.00965e+07,,89.4407,-30.1024,,-5402.48,4964.23
17.6356,0.326881,,1258.64,-28921.1,1.29056e+07,,116.352,-143.986,,1504.27,-1155.57
13.285,6.46624,,1159.14,25082.3,5.83948e+06,,-15.0813,-33.6246,,7728.34,-7587.27
13.1798,7.59296,,1287.57,-60259.4,1.56872e+07,,-6.50069,24.1145,,2244.78,479.886
12.4434,9.01516,,1000.45,56025.6,10244.2,,7.07515,-6.96918,,-2542.73,-291.89
12.559,8.40175,,1041.09,1564.83,1.04946e+06,,-46.6081,58.0445,,-6610.53,1644.39
14.479,9.84044,,1293.13,13332,1.62657e+07,,55.7239,-36.6795,,-8157,7310.46
14.192,9.35525,,1252.98,55922.9,1.24047e+07,,39.2406,-57.7399,,-8289.45,380.509
13.0105,11.9153,,1155.31,-16532,5.63176e+06,,-8.88049,100.79,,726.754,1391.25
14.6183,10.7607,,1199.07,-7889.5,8.26415e+06,,100.791,5.57726,,-3110.8,6893.29
11.761,6.30769,,1147.24,19371.7,5.20793e+06,,-80.6178,-49.2383,,-5576.82,8883.91
15.2981,13.8735,,1526.63,-39892.2,5.90706e+07,,83.5241,47.0326,,7010.91,5340.34
14.6102,10.6347,,1212.88,-7925.96,9.22282e+06,,65.8179,-26.6929,,-4125.96,6569.75
15.2244,11.7806,,854.056,4356.82,-2.15496e+06,,63.3501,5.5921,,-931.609,-1167.43
15.7757,12.9326,,1351.99,-47289,2.33904e+07,,124.746,3.42929,,9062.33,-5812.48
13.7023,14.636,,1364.06,-10161.2,2.50995e+07,,39.2687,-22.3355,,16058.1,18385.9
13.7024,12.7464,,677.146,45842.7,-3.01287e+06,,28.5439,-12.5238,,147.648,-3051.85
14.9272,13.4955,,1253.64,-46995.1,1.2463e+07,,12.5058,-33.8212,,-4514.14,-8621.8
14.884,16.1052,,1054.95,28501.1,1.46401e+06,,81.1861,77.448,,-4340.53,2684.12
13.862,16.2029,,1073.15,-36729.1,2.06013e+06,,60.7726,25.4953,,-96.2842,1040.21
13.9207,16.0923,,996.775,-32391.1,-72064.9,,55.2059,9.12643,,53.3077,1128.45
13.6327,18.763,,912.716,-31198.5,-1.52251e+06,,3.28519,47.7988,,-1131.77,-419.688
13.6,19.4741,,1016.38,22584.4,388351,,2.47826,94.9842,,-1817.19,-1359.12
14.0467,19.9676,,1107.15,9528.98,3.34949e+06,,14.221,55.6983,,-729.001,-701.262
13.1163,19.6581,,904.652,27538.5,-1.62495e+06,,7.02745,66.0169,,-1318.72,321.01
15.2398,21.8166,,1148.61,91426.7,5.27833e+06,,60.7223,127.059,,-3722.63,-1437.75
13.7731,19.8929,,1153.23,16600.8,5.52084e+06,,12.7105,34.6685,,-1866.81,-690.746
13.0502,21.6625,,840.459,29474,-2.26848e+06,,15.0728,69.3797,,1922.76,-670.451
13.905,21.6987,,962.546,6582.86,-755832,,17.3884,51.965,,-1909.94,409.242
13.9038,21.8641,,999.95,9444.6,-1122.61,,20.359,40.7472,,-1859.22,254.751
12.006,22.6993,,944.928,80765.7,-1.05514e+06,,-5.01808,70.7709,,5436.41,4660.81
12.2266,25.2686,,884.929,-55591.7,-1.85349e+06,,-105.164,135.578,,-1440.37,-857.608
13.1645,24.253,,1039.94,-48948.9,1.01661e+06,,11.4137,25.4204,,4218.09,1893.97
12.1258,23.7721,,1051.34,-14022.8,1.35279e+06,,-32.2276,30.1977,,-3947.92,394.794
13.0678,25.2033,,915.395,-59810.9,-1.48726e+06,,-53.4225,76.9948,,210.105,-148.642
11.8449,27.2933,,518.49,3795.12,-3.19082e+06,,-29.63,50.611,,-786.05,-1050.52
14,-1.5,,1010.33,0,240345,,0,0,,0,0
14,-1,,1010.12,0,235440,,0,0,,0,0
14,-0.5,,1009.92,0,230535,,0,0,,0,0
16.1458,-0.477012,,977.996,-5919.61,-464876,,56.3502,51.16,,429.027,-1447.7
13.2619,0.698823,,1087.15,7163.59,2.56206e+06,,-35.4012,-17.319,,1094.47,-3894.47
13.4601,-0.57212,,1305.05,-48039.6,1.75588e+07,,-19.9633,60.9903,,3927.86,7483.9
15.8422,3.44738,,1032.62,-54163.4,812065,,45.5932,43.693,,-1322.7,-2841
14.5567,2.42916,,1150.38,1696.95,5.37048e+06,,-55.6922,5.58027,,867.925,3165.64
13.3844,10.0295,,975.873,-25502.5,-506530,,28.0592,-28.3727,,-2580.55,2483.72
15.1384,0.69214,,1368.96,-39538.5,2.58196e+07,,-16.4314,-26.0204,,-6031.95,-7149.13
11.4944,1.32534,,1202.59,60471.6,8.50205e+06,,-22.9377,8.24189,,-605.805,2309.76
15.1175,5.14925,,1463.72,-58846.8,4.31749e+07,,-53.7201,-84.4877,,-21924.9,4059.84
17.9638,4.40988,,1135.68,-2839.8,4.63058e+06,,40.3437,-68.5281,,-4781.86,-2766.53
13.6164,0.892156,,1204.69,-42373.3,8.64597e+06,,-17.8252,-138.806,,75.1841,-4934.62
18.2532,-4.3021,,300.448,-1424.97,-3.22257e+06,,36.5015,-128.023,,25.0799,999.051
11.832,5.29107,,1224.19,44120.5,1.00577e+07,,-81.3409,-37.1733,,2360.81,-11881.9
14.9248,5.25623,,1266.4,-51033.1,1.36147e+07,,-49.255,-107.9,,-18091.2,4927.67
13.8125,6.43443,,972.505,25385.6,-571480,,-14.3617,-24.9106,,4812.62,-2502.99
13.9991,8.68522,,1119.3,52055.8,3.87127e+06,,7.64348,23.6943,,306.388,-4448.55
13.182,8.00773,,1259.61,-21086,1.29932e+07,,-1.58619,57.9421,,-368.263,3741.23
14.1928,10.9831,,1090.38,-39471.6,2.68328e+06,,68.7177,45.6152,,-3602.57,3621.27
13.7645,8.83594,,1158.28,53056.9,5.79204e+06,,18.0794,-25.8234,,-2636.39,-43.1811
14.2576,11.3847,,1000.76,-43754.7,17198.1,,42.2907,60.9656,,-853.6,2867.05
15.4721,9.48233,,1339.98,-30094,2.17798e+07,,64.2433,-16.4274,,6769.97,-146.976
13.3398,7.7608,,1247.9,-45013.9,1.19671e+07,,27.2777,19.3277,,6761,553.741
15.3464,12.7373,,1199.36,-49212.2,8.2834e+06,,14.6908,-22.8292,,-2355.33,-7343.31
13.9028,12.1821,,837.357,7737.47,-2.29287e+06,,12.3665,34.244,,-273.249,-190.535
15.4496,12.4285,,1064.93,-7852.13,1.78338e+06,,71.4715,3.75073,,-404.948,-5625.69
17.0602,16.0117,,1323.74,-52191.7,1.97337e+07,,101.021,81.8706,,6081.49,-595.051
14.1125,15.9855,,1023.06,-2374.85,557591,,16.7485,74.7245,,-52.7303,983.398
12.9863,11.83,,1109.43,-14984.6,3.44491e+06,,-5.65252,1.409,,781.8,210.55
14.0264,13.7071,,1057.6,19097.1,1.54705e+06,,-31.8128,-71.0173,,-340.617,-9700.37
14.633,15.7202,,1036.66,9724.65,923998,,60.9849,23.3307,,-3135.58,1288.65
14.265,17.0829,,874.826,19958.4,-1.95928e+06,,73.8496,15.3059,,-1108.82,-62.6793
13.425,16.0377,,934.591,-67341,-1.21582e+06,,3.98495,-7.23861,,1484.75,2537.25
14.2745,18.1831,,1062.54,-6728.91,1.7053e+06,,13.5478,2.63129,,-2743.53,-1893.73
14.7611,19.2409,,934.27,-19667.1,-1.22064e+06,,37.9662,43.8893,,1009.56,337.899
14.4482,18.8232,,1072.35,-20946.1,2.0326e+06,,34.6112,47.1431,,-1330.38,1840.22
14.1349,20.57,,1023.24,-11715.5,562317,,-8.27311,22.9628,,-2368.13,1080.73
15.2177,20.9427,,1144.97,49997.5,5.09164e+06,,55.0575,109.811,,-4414.34,319.764
14.6484,21.2424,,1080.23,21978.5,2.30908e+06,,51.909,85.7738,,-4678.55,256.667
13.2919,20.6688,,876.022,11639.5,-1.94713e+06,,1.43286,31.7537,,-1237.47,40.5353
13.341,22.8,,917.982,31105.7,-1.45262e+06,,-14.1969,59.8669,,1290.98,-702.545
13.3441,22.8682,,952.963,32870.2,-922739,,-23.6422,45.6478,,1550.64,-1129.38
14.4652,22.3789,,929.77,31380.6,-1.28719e+06,,11.4603,10.6605,,-3683.83,1395.33
14.796,24.359,,893.984,153.927,-1.7523e+06,,31.6122,42.9613,,-733.541,-2013.08
14.9585,23.4187,,726.867,30345.9,-2.87776e+06,,38.7279,31.6092,,815.471,2635.82
17.9235,25.1163,,1012,-25734.6,280702,,49.0985,56.6965,,-3320.48,1754.45
15.1476,24.5348,,1080.95,-13804.4,2.33495e+06,,8.63058,-1.5251,,-2022.62,-1767.59
14.9081,26.1277,,913.736,1071.78,-1.50915e+06,,12.6202,52.6877,,-790.605,-183.918
14.5,-1.5,,1010.33,0,240345,,0,0,,0,0
14.5,-1,,1010.12,0,235440,,0,0,,0,0
14.5,-0.5,,1009.92,0,230535,,0,0,,0,0
15.2303,-2.22205,,382.96,25876.8,-3.21939e+06,,-11.8018,14.4192,,-1025.54,13677.4
14.1421,0.935693,,1082.49,20237.7,2.39079e+06,,3.77131,-6.09795,,-805.343,-5938.95
14.7438,-0.290541,,965.576,-13518.7,-700948,,14.5218,23.3207,,-1176.51,-1989.88
15.4421,5.1055,,1440.67,-36373.3,3.82961e+07,,28.5651,12.6231,,-12038.3,2501.49
15.8033,1.07113,,1177.15,-42351.3,6.87226e+06,,83.3518,2.88389,,5600.58,183.583
14.8256,6.65501,,1002.85,-15220.8,64795.9,,-49.2953,32.3846,,-561.755,3150.67
15.5496,0.369989,,1209.37,-18878.3,8.97284e+06,,45.137,-25.7064,,2401.08,-6663.42
11.6458,-0.656278,,1363.53,-2140.35,2.50228e+07,,2.18467,-26.1024,,628.857,312.466
14.8547,5.69997,,1151.28,-66983,5.4177e+06,,-24.5865,-16.3379,,-10091.2,8653.33
14.707,7.1598,,902.822,2409.28,-1.64745e+06,,-82.8851,44.0591,,-20.0785,-496.432
13.0227,5.02799,,968.954,-14443.7,-638524,,-26.9725,-11.7569,,1797.59,1554.19
14.3834,1.86776,,1224.95,-1819.42,1.01157e+07,,-46.5777,-70.8079,,-306.122,4106.49
16.3076,3.94441,,1254.76,20601.8,1.25607e+07,,39.8333,26.0889,,-259.443,-8061.57
14.2296,6.84375,,995.068,21173.6,-109641,,-37.4285,-4.35492,,3483.52,101.029
14.0262,3.96276,,1084.72,43872.5,2.47208e+06,,6.74513,-79.3575,,6286.66,4109.83
15.6811,9.67465,,1228.43,-41073.3,1.03832e+07,,62.4908,128.677,,11162.2,4195.25
14.3945,8.71521,,1081.97,9527.38,2.37183e+06,,-6.57585,-21.0182,,821.15,-8134.64
14.4237,9.57029,,1310.69,22512.5,1.81959e+07,,20.1838,-39.6555,,-7056.51,2907.7
15.7968,7.04327,,634.247,-22513.9,-3.09021e+06,,5.57793,4.42662,,-152.812,-594.684
14.8746,13.512,,1322.96,6710.12,1.96388e+07,,-39.5738,116.871,,-5939.9,-9472.03
16.4591,11.2888,,1116.57,34908.2,3.75103e+06,,18.55,-40.6085,,-1542.17,703.448
14.1298,6.91598,,978.884,25817.1,-447293,,-36.6158,-19.914,,4807.67,-564.308
15.854,13.7883,,1162.37,-17778.8,6.01742e+06,,59.418,22.5769,,11636.5,-717.684
15.3146,10.2595,,1261.37,-120.029,1.31523e+07,,52.3104,7.18333,,7315.2,9178.11
15.0342,11.1667,,1017.71,1633.83,421439,,40.7132,-0.34106,,531.443,4695.33
13.2973,14.6842,,1305.45,-66063,1.76037e+07,,-5.97273,59.8154,,2018.63,17957.1
13.9746,14.2353,,1224.24,42046.9,1.00619e+07,,-15.5355,0.342166,,9571.44,405.863
14.1207,13.4896,,1057.67,62005.8,1.54918e+06,,3.88681,7.8712,,-3937.97,-9507.28
14.1263,14.2483,,1156.62,52179.6,5.70248e+06,,-22.9617,-44.4313,,7145.97,2445.14
15.7531,15.3973,,1321.94,-38968.9,1.95157e+07,,37.2595,-6.00683,,-7774.5,-2434.84
15.3992,14.9541,,1236.93,-35960.6,1.10563e+07,,35.585,-16.0617,,-8129.24,1009.3
14.2806,18.0925,,1039.26,-720.271,997222,,5.34518,9.20989,,-2275.65,-2228.47
15.1542,18.2471,,967.497,33658.6,-665597,,15.5663,63.2839,,1715.74,-810.903
15.0986,18.5914,,1047.42,-7078.53,1.23462e+06,,44.7111,2.02606,,2758.95,982.257
14.7315,18.4449,,1213.33,582.448,9.25491e+06,,30.1617,17.355,,679.488,-687.417
14.8979,21.4832,,1117.27,70695.1,3.78163e+06,,75.6926,125.789,,-5162.55,-540.691
14.4901,18.3507,,1147.67,-6237.34,5.22975e+06,,33.6788,-11.7863,,-2107.02,-1401.6
14.3792,19.9086,,1022.37,-17223.6,539997,,-19.7635,-10.6416,,47.3521,-1545.65
11.4731,19.999,,1292.17,-56786.4,1.61644e+07,,37.2834,-52.7958,,17266.5,-1494.3
14.1197,22.267,,1008.38,11252.6,193819,,5.09047,45.0199,,-2459.18,1247.63
14.4687,22.1169,,1087.52,26910,2.57595e+06,,8.69544,30.4064,,-4398.74,1154.17
14.9719,22.4099,,1102.86,46171.8,3.17303e+06,,4.27923,22.5732,,-5596.02,4163.08
13.9774,25.2734,,974.544,-49569.2,-532309,,24.2838,90.2834,,-80.6532,-951.048
15.5884,24.6919,,1065.39,-12972.7,1.79859e+06,,30.0362,33.4681,,1235.07,-795.529
12.7726,23.9217,,1192.21,-11606.6,7.81183e+06,,-24.9068,-10.9849,,1553.45,1054.58
15.3436,24.826,,1092.45,-15154.5,2.76238e+06,,28.4118,30.4096,,-626.324,77.4063
14.728,26.1554,,978.247,-7846.26,-459923,,14.4734,74.9579,,-98.9105,361.87
15,-1.5,,1010.33,0,240345,,0,0,,0,0
15,-1,,1010.12,0,235440,,0,0,,0,0
15,-0.5,,1009.92,0,230535,,0,0,,0,0
15.9582,2.51062,,958.502,-71978.3,-827497,,52.5109,10.2621,,-1855.19,1866.19
15.9582,1.15795,,1069.17,-18805.4,1.92452e+06,,82.2068,6.9739,,4698.68,119.645
15.749,0.565269,,1121.31,-22883.9,3.96094e+06,,50.2449,-5.01758,,5355.73,-3290.21
14.5994,2.57826,,1092.15,7725.86,2.75069e+06,,-60.8736,10.4881,,1124.19,2614.62
15.0226,1.42587,,1212.14,-31643.3,9.16941e+06,,-26.435,-24.7117,,368.75,2979.97
11.2722,1.43915,,1163.94,73000.7,6.10516e+06,,-63.1371,-117.535,,-1600.56,2925.42
15.4171,0.617785,,1242.04,-44803,1.14745e+07,,23.2119,-46.3591,,1380.23,-5058.62
14.2607,1.36948,,1337.86,-233.819,2.15035e+07,,55.323,-10.9515,,-851.722,-702.981
13.5221,3.30266,,1282.44,26026.8,1.51655e+07,,-19.0284,-66.2248,,3619.69,-10771.6
16.6091,4.55169,,1123.5,77567.9,4.05979e+06,,17.8672,23.1631,,10190.8,-9307.97
12.5553,3.40264,,1211.23,-52894.5,9.10428e+06,,-48.3942,-76.6162,,-8679.74,-3858.64
14.3881,4.36458,,1067.86,44118.9,1.88042e+06,,10.0084,-110.914,,-2132.42,746.564
16.1842,5.1084,,1515.72,38783,5.60197e+07,,69.5624,-63.841,,9916.83,2008.45
13.7243,7.95769,,1111.73,22595.1,3.54224e+06,,-5.37387,59.1881,,8324.52,-1166.23
14.2853,4.38436,,987.212,44242,-277693,,0.98136,-107.227,,-1184.26,1633.42
14.5132,9.02194,,1282.66,47862.1,1.51881e+07,,-38.765,65.2405,,372.136,-9121.76
13.9839,8.73493,,1198.49,58894.3,8.22526e+06,,-28.9388,30.8212,,-189.551,-4620.25
15.0335,10.014,,1308.49,-16202.6,1.79452e+07,,22.604,10.4881,,951.54,6401.5
14.5169,7.29854,,832.159,21042.8,-2.33256e+06,,-63.8814,7.15063,,1222.45,-2245.06
13.9027,11.6477,,985.903,-35489.7,-304927,,-41.3327,70.111,,691.032,1449.16
18.1461,13.0721,,757.134,-13651.8,-2.76355e+06,,25.6384,33.7627,,-882.405,313.725
14.6235,8.83708,,1170.12,18394.7,6.45764e+06,,-20.6915,11.3228,,1606.28,-10663.3
15.5131,14.658,,1201.66,-17436.1,8.43871e+06,,42.7238,5.1103,,-2369.47,1917.24
15.8915,9.52144,,1153.77,-4759.12,5.54925e+06,,64.3463,-12.2512,,11857.7,1781.35
16.4542,11.3548,,1062.48,29030.2,1.70315e+06,,54.0097,0.487267,,-1297.58,959.042
17.8916,16.4997,,1167.59,-16825.2,6.31204e+06,,62.5629,62.9852,,6409.04,3169.45
15.7961,12.5329,,1105.46,-7896.77,3.27961e+06,,0.674052,-27.4219,,4210.06,-4503.04
17.2456,15.0123,,1215.54,10394.3,9.4148e+06,,0.405424,24.5737,,147.188,-5319.89
15.5274,16.0066,,1094,-11489.1,2.82199e+06,,22.5263,106.981,,-9404.72,5654.65
16.3479,15.0361,,1260.09,-14607,1.30359e+07,,76.5665,-89.9643,,3543.41,-6508.34
16.2125,15.5144,,1309.05,-54397.9,1.80086e+07,,16.6064,-51.3381,,958.297,-3082.99
15.1282,18.3695,,1115.04,19490.2,3.68418e+06,,-6.25202,-1.28689,,3946.96,-1290.45
15.3311,17.976,,752.024,39353.1,-2.78483e+06,,-25.6064,28.4687,,-1456.76,1928.41
14.6174,20.3163,,1118.51,-13764.9,3.83646e+06,,-40.7506,94.8341,,-1744.68,-1953.41
15.8391,19.3542,,637.135,-5724.05,-3.08591e+06,,-13.2919,29.5275,,-638.038,-903.42
14.8817,19.3571,,923.612,-3875.21,-1.37518e+06,,-30.7795,31.0937,,824.169,-490.248
15.1925,19.006,,988.975,6425.84,-240685,,6.89939,11.5602,,1669.05,1446.22
14.9254,20.4294,,1112.1,-8606.15,3.55786e+06,,6.55309,62.8514,,-2381.47,-3413.78
15.8177,21.9436,,1198.87,28212,8.25052e+06,,-33.7682,44.8569,,5664.32,-46.3092
15.4928,22.4334,,1253.15,31526,1.24197e+07,,-46.8226,86.2051,,507.715,6179.07
15.7937,22.1623,,1186.87,15859.4,7.47024e+06,,2.68332,58.8043,,5585.02,1627.54
15.5217,22.8478,,1038.75,37970.8,982750,,8.90821,43.2427,,273.95,6391.45
16.1885,24.0168,,879.465,16932.8,-1.9116e+06,,-10.5957,39.8171,,230.39,-824.994
15.4133,24.0138,,1014.29,10531.4,336508,,26.4249,20.6535,,-335.802,-1749.62
13.9009,23.0692,,680.169,26880.3,-3.00621e+06,,-15.6405,-3.82355,,-1693.76,-1451.2
11.0488,24.113,,723.4,5076.3,-2.88913e+06,,-24.5718,46.6043,,-676.92,2276.92
14.7081,26.0479,,1037.04,-13704.9,934522,,18.2371,87.4328,,269.08,1040.71
15.5,-1.5,,1010.33,0,240345,,0,0,,0,0
15.5,-1,,1010.12,0,235440,,0,0,,0,0
15.5,-0.5,,1009.92,0,230535,,0,0,,0,0
14.6683,1.87515,,1088.77,-14690.8,2.62253e+06,,-46.3735,0.0723934,,1270.74,3744.16
15.9576,1.68132,,1112.81,-2023.05,3.58829e+06,,72.0351,-41.0125,,1262.82,1070.35
14.9177,1.15472,,1164.37,-21264,6.12913e+06,,-65.9606,27.3424,,-1677.31,-686.96
16.3265,2.2587,,1204.04,14918.5,8.60129e+06,,70.8044,-21.9688,,-2845.82,1977.84
13.3684,2.79715,,1014.07,56802.5,331172,,-88.8743,-8.35976,,-696.659,-5873.38
14.88,2.52142,,1111.98,-19069.1,3.55265e+06,,-37.2511,-1.67359,,2096.62,2688.89
15.1979,1.67352,,1236.33,-47206.5,1.10081e+07,,-4.8528,-32.469,,1929.25,6006.8
15.6823,4.26725,,1158.91,38556.3,5.82678e+06,,12.9214,6.17687,,-1242.21,-14682.8
16.6059,2.66147,,1215.77,23443.1,9.43132e+06,,87.4925,-39.1466,,-2244.39,3479.38
16.5812,1.97517,,1193.4,51017.6,7.88895e+06,,32.6951,-28.2012,,1490.26,-3274.6
16.596,3.70321,,1144.03,10878,5.04382e+06,,81.7473,20.2627,,437.881,-3190.37
15.726,8.68985,,1242.31,41149.9,1.14967e+07,,-8.60675,87.0942,,3533.01,-11253.4
15.5401,9.25527,,1428.75,-17769.4,3.59497e+07,,8.46724,-18.4898,,7317.75,-6075.59
16.8091,7.36473,,980.49,-53621.9,-415259,,-2.76775,12.4962,,-558.035,-1094.74
15.0228,3.26363,,1029.7,-12089.2,732977,,-52.9175,-5.58815,,1172.86,-520.812
15.0492,8.90488,,1156.48,-19665.9,5.69468e+06,,-4.35436,-1.56719,,786.701,-10656.3
17.4756,8.36396,,1057.7,-38314.8,1.55024e+06,,128.017,98.3632,,-67.0228,988.629
16.3875,10.3536,,891.404,96432.1,-1.78176e+06,,25.4166,8.01725,,2517.44,505.22
15.9189,5.89114,,1103.03,-60509.2,3.18023e+06,,45.4976,-47.8058,,1953.64,18544.7
15.7006,10.5309,,1023.55,39517.7,570361,,47.9015,-14.5672,,5032.37,4679.79
15.2738,12.4859,,1224.65,-66538.4,1.00933e+07,,-51.281,-48.9866,,-4658.77,-7185.07
17.3762,8.69301,,867.725,8255.14,-2.02937e+06,,121.381,111.428,,-204.563,-740.32
16.0546,13.9301,,1084.06,9245.74,2.44803e+06,,21.1253,9.83854,,9799.13,-1522.12
15.7308,8.67017,,1022.16,-17715.8,534459,,0.215765,-10.5678,,3451.47,-7165.88
14.996,10.958,,1104.55,8147.81,3.24202e+06,,29.0809,-2.76899,,1293.65,6603.26
19.1737,14.1859,,1095.32,72063.6,2.87328e+06,,92.5246,80.8744,,-9732.89,2346.9
14.5474,11.7142,,915.737,-14987.4,-1.4827e+06,,-1.60513,18.7102,,-985.673,745.266
17.4033,12.9967,,681.901,-11549.7,-3.00231e+06,,-19.0738,7.44275,,59.9849,-152.219
16.3029,14.6767,,1124.08,18087.8,4.08594e+06,,50.5331,18.0876,,4194.98,-6816.85
15.7382,15.7773,,1285.58,-37565.5,1.5483e+07,,-31.8028,20.8395,,-9726.99,4136.4
16.5964,15.7886,,1317.64,-80770.8,1.9003e+07,,34.3777,-47.3478,,2901.25,-2803.23
16.4545,16.5512,,1172.61,-23671,6.60254e+06,,10.8961,30.2155,,-2757.92,11893.4
16.3631,20.3749,,1233.93,-26566.5,1.08153e+07,,1.51622,73.7152,,2525.41,-10297.9
16.7188,17.7196,,780.047,59049.8,-2.65686e+06,,45.0753,-17.4572,,2530.88,-114.979
15.2,20.7003,,1184.38,32371.1,7.31411e+06,,-58.4976,124.256,,-3861.72,-2401.31
15.9152,20.7499,,1258.77,20567,1.29176e+07,,-41.6091,116.082,,-2177.6,-2907.03
15.5278,20.5841,,1170.2,33025.1,6.46212e+06,,-49.778,87.8087,,-3177.55,-5669.95
16.4491,20.9458,,1213.59,-24230.2,9.27363e+06,,9.30557,66.5723,,4146.76,3540.93
16.0108,21.0454,,1267.17,36186.1,1.36869e+07,,-40.2903,15.351,,434.015,5175.3
15.657,21.4762,,1179.62,60487.3,7.02136e+06,,-59.7389,10.4529,,339.454,1143.92
15.3427,22.0092,,1238.17,51694.2,1.11571e+07,,-65.1946,41.6803,,-2458.1,-711.629
15.5916,22.9995,,944.686,37693.1,-1.05901e+06,,-6.35766,35.8772,,638.107,4876.93
15.3009,24.1116,,1028.69,-501.007,705670,,-10.3411,22.2572,,-905.088,-2133.83
16.0422,24.1823,,959.337,15179.2,-812838,,-9.98399,24.3724,,1207.43,-1408.31
13.8664,25.7188,,874.172,-38872.9,-1.96587e+06,,-22.2745,113.1,,935.607,-559.651
15.9331,24.846,,1019.16,-5222.28,457975,,-3.14496,59.3469,,2412.59,-20.0789
14.5353,25.4048,,1118.73,-27307.4,3.84608e+06,,0.149659,66.3178,,32.1524,-287.405
16,-1.5,,1010.33,0,240345,,0,0,,0,0
16,-1,,1010.12,0,235440,,0,0,,0,0
16,-0.5,,1009.92,0,230535,,0,0,,0,0
13.3025,-1.31746,,1333.32,-72667.1,2.09218e+07,,-34.246,-61.5928,,1381.74,-8556.72
15.2512,0.685643,,1196.87,-44873.7,8.11688e+06,,-23.6648,-19.753,,-1501.39,-4295.71
15.499,1.56217,,1171.62,-64184.9,6.54466e+06,,8.70126,12.71,,2399.17,4197.66
15.9295,-0.10153,,1053.44,15197.6,1.41714e+06,,31.7291,-1.37715,,1820.1,-2977.49
15.0743,6.04858,,1107.52,-85677.4,3.36484e+06,,-42.6267,50.3541,,-4001.16,10366.7
14.8052,4.1937,,1094.52,34017.1,2.84226e+06,,-20.8014,41.9754,,-3519.09,-5009.24
16.8207,0.711316,,1051.95,15104.3,1.37144e+06,,2.39064,-1.91008,,-1201.25,931.882
14.0175,6.01232,,943.239,25530.1,-1.08212e+06,,-64.8418,-1.55752,,-635.186,-123.712
18.0403,1.6319,,876.083,26484.6,-1.94651e+06,,29.0041,-74.4773,,-412.993,-742.099
17.4012,2.44744,,1090.83,13331.5,2.7004e+06,,0.441532,-27.6216,,3958.72,-1051.74
17.2307,3.56504,,1115.36,12015.8,3.69817e+06,,42.1148,-13.0243,,3713.21,274.934
17.6748,7.73086,,1093.49,-43715.9,2.80243e+06,,45.5481,14.6166,,-525.088,1076.71
20.2649,3.20823,,1036.6,7153.47,922274,,86.2267,-129.788,,2204.18,-736.769
18.12,5.49579,,1208.75,-40928.3,8.92911e+06,,-0.911615,-72.0664,,-2283.73,1996.25
16.7805,2.06221,,1124.53,21660.9,4.10656e+06,,29.6969,-129.218,,2859.57,-2669.96
16.6383,13.1437,,693.146,20800.9,-2.9755e+06,,-18.2052,87.3537,,1195.47,-331.115
14.4664,9.54842,,1374.93,1838.44,2.67174e+07,,-91.5255,-20.1732,,-6022.36,2398.24
16.2986,10.4902,,1002.7,79818.3,61500.6,,30.4657,-16.2488,,2242.96,-449.85
17.2448,6.84098,,821.149,-6181.89,-2.41185e+06,,43.087,-27.7505,,-806.149,1110.67
15.235,15.3558,,1174.58,-74856.4,6.71897e+06,,-100.287,138.145,,-10180.1,668.125
15.9481,11.6492,,1003.32,26899.9,75764.4,,1.08632,-42.1487,,-624.316,-218.861
16.3532,8.48274,,917.655,-5111.17,-1.45702e+06,,30.6726,77.7325,,2707.69,-2031.46
11.7337,15.9418,,1320.09,-55760.5,1.92944e+07,,-213.017,46.7176,,-8216.72,12924.1
15.7086,9.00567,,1205.63,-10142.5,8.71135e+06,,3.44239,-38.7386,,6623.37,-7344.74
16.1169,13.2836,,987.844,19843.5,-264483,,-14.3883,26.1931,,8782.94,-1783.62
17.1214,14.7456,,1136.1,26776.9,4.6513e+06,,-17.8801,39.3896,,243.359,-7941.78
18.0903,9.74127,,1034.01,5079.68,850205,,37.4717,-10.1753,,-1925.23,909.19
14.4361,14.2919,,1228.68,15700.6,1.04029e+07,,-32.5515,-8.93935,,2255.95,8809.87
14.8706,15.878,,929.253,23388,-1.29471e+06,,9.98517,85.7272,,-4671.08,1818.14
14.9082,14.1153,,1342.58,5730.67,2.21214e+07,,-14.1819,-46.2006,,-3545.05,11120.3
16.2926,16.2342,,1359.62,-65354.2,2.44596e+07,,-36.2188,27.2595,,-5461.56,9503.3
16.6218,16.7113,,1109.13,-14276,3.43212e+06,,-2.86788,40.4147,,-657.617,11965
17.3304,18.7444,,1037.4,-10450.8,944671,,52.0708,-19.1397,,1022.43,-796.141
16.5779,17.1466,,905.052,30459.6,-1.61998e+06,,15.5935,15.7679,,897,7543.32
16.9331,19.0848,,1047.3,-41632.9,1.2313e+06,,-0.476992,-7.99836,,-653.052,396.596
16.564,20.0582,,975.324,-54514.1,-517195,,-5.61624,45.8904,,1908.59,-5674.18
15.9686,20.4658,,1170.19,-7446.12,6.46154e+06,,-41.3394,70.8549,,-1477.76,-8721.11
16.2515,20.8151,,1283,-9791.93,1.5222e+07,,-29.0383,76.0122,,2606.96,11.966
17.5343,21.3146,,1170.1,30080.2,6.45628e+06,,54.1955,83.947,,-3967.3,3535.98
17.0101,21.7641,,976.74,15500.5,-489576,,53.3863,45.457,,60.0745,4017.13
16.7389,22.3034,,968.871,-9838.5,-640074,,35.361,65.3468,,2174.73,1866.89
15.8005,23.6014,,892.324,30651.8,-1.77132e+06,,-20.4203,39.5063,,555.859,1285.79
16.1109,22.7998,,990.706,13528.4,-203950,,-24.9856,47.7667,,3028.25,3870.97
15.3096,25.1932,,920.227,-37684.1,-1.42207e+06,,0.342643,80.0697,,276.823,27.2629
14.7428,23.9057,,756.315,-17790.4,-2.76702e+06,,-24.374,-1.89025,,925.841,707.713
15.9631,25.4219,,744.407,-8460.32,-2.81499e+06,,0.697905,67.7125,,1183.95,-2152.44
15.6084,25.1415,,1199.75,-11026,8.30976e+06,,15.7154,41.511,,2090.22,4024.04
16.5,-1.5,,1010.33,0,240345,,0,0,,0,0
16.5,-1,,1010.12,0,235440,,0,0,,0,0
16.5,-0.5,,1009.92,0,230535,,0,0,,0,0
20.1785,-1.11675,,1273.21,-20278.8,1.42591e+07,,33.7778,-10.9156,,-2912.67,-1296.39
16.8279,0.315436,,1027.87,-1263.45,684043,,-6.11204,16.4984,,-1969.55,-1052.3
16.9126,3.67357,,1064.73,9972.83,1.77681e+06,,29.5809,63.701,,2455.94,-811.727
18.0422,-2.7483,,410.936,56720.8,-3.21691e+06,,90.5568,-10.7504,,9868.8,5199.92
16.2629,1.4522,,1083.24,47447.4,2.41801e+06,,23.8661,-6.94861,,3006.22,-1385.59
18.1838,6.57735,,1094.46,-39921.5,2.8399e+06,,-21.4949,98.1557,,-1199.09,781.466
17.103,0.62131,,1172.07,-11418.3,6.57124e+06,,-1.99982,-7.53439,,-2553.55,2560.62
16.4354,5.01546,,1301.37,81648.7,1.71521e+07,,12.4271,-25.8603,,16948.4,-4722.73
15.8253,4.14241,,1108.2,37103.2,3.39298e+06,,-27.4196,32.2729,,-269.107,-12430
18.0295,3.43134,,849.464,23926.6,-2.19453e+06,,18.1888,-26.0211,,-327.362,-1420.02
16.3723,5.21884,,1463.61,47062.6,4.31504e+07,,72.4114,-72.8856,,18429.3,10627.1
17.9474,4.68599,,1028.88,-23891.5,710772,,-28.8153,-72.6242,,-4323.22,-195.328
16.5833,3.94526,,1144.11,18919,5.0478e+06,,3.36498,13.3801,,2603.61,-4248.25
19.029,3.0965,,1065.41,30017.1,1.79921e+06,,36.0639,-104.306,,-1143.01,91.4815
18.7475,4.30685,,1184.04,-17442.9,7.29273e+06,,40.285,-87.9236,,-1764.03,-5709.8
16.7817,6.85296,,725.642,-22499.7,-2.88181e+06,,21.7912,-41.5072,,1487.01,1714.69
16.0152,8.29491,,925.148,-734.005,-1.35356e+06,,-12.385,48.2321,,2502.05,-2920.87
17.6727,11.7419,,888.77,-63909.7,-1.81132e+06,,-34.1261,26.9757,,736.23,1321.78
17.96,6.66956,,1079.51,-13235.2,2.28338e+06,,38.4578,-5.15558,,-2635.37,669.829
16.835,11.5852,,1235.35,39490.6,1.09288e+07,,-70.6163,-51.823,,2524.87,5915.21
16.2333,9.01536,,989.755,-1974.01,-224165,,46.5405,97.6492,,6629.58,-2526.63
15.2289,10.2566,,1259.09,1738.39,1.29466e+07,,-5.1635,36.7626,,5345.49,9337.46
15.4771,13.508,,1395.91,-31217.9,3.00654e+07,,-14.0816,-13.2129,,8606.41,-5522.82
13.2503,12.0292,,1062.84,-17336.7,1.71499e+06,,-21.8949,113.884,,2336.45,1734.15
16.5289,11.6866,,960.424,2103.07,-793662,,20.9277,15.9785,,-272.927,1510.69
16.0733,12.9821,,1006.51,22570.5,149732,,-31.2251,-7.27887,,7825.34,-1932.57
18.1792,11.325,,1157.95,-81168.1,5.77407e+06,,1.52314,-53.165,,875.316,-31.7557
15.8346,15.8297,,1322.53,-68370.2,1.95868e+07,,-51.7035,105.476,,-8247.16,5460.53
19.0774,15.8216,,1026.55,8754.35,648832,,53.5565,11.6424,,84.9951,4846.13
16.724,18.9986,,1057.13,-50574.3,1.53218e+06,,-49.7066,21.4827,,-1562.93,39.5853
17.1033,16.005,,1370.81,-51210.5,2.60946e+07,,52.4499,-22.1736,,7171.26,-1019.45
17.4332,16.686,,1167.56,-14220.8,6.31019e+06,,13.7963,13.7412,,3838.11,7587.13
17.1331,17.9528,,849.79,54212.1,-2.19176e+06,,9.23815,5.94714,,566.505,-861.67
16.6737,17.47,,838.766,26660,-2.28186e+06,,-2.96126,12.8707,,1786.06,3232.8
17.1741,18.7483,,1031.54,-13531.2,782584,,-4.30625,-36.9607,,283.056,-821.827
16.7748,19.2908,,893.541,-57081.1,-1.7574e+06,,-35.9622,0.747737,,272.001,-372.09
16.9407,20.0601,,965.207,-68587.9,-707687,,-23.6255,46.8311,,1888,-4108.69
18.0858,20.7425,,1214.58,12151.1,9.34511e+06,,61.4179,111.912,,-5038.14,-4924.25
17.8551,21.0404,,1188.37,25085.6,7.56517e+06,,47.9084,105.596,,-3333.32,-1371.03
16.9762,21.0392,,1114.39,-25985.8,3.65608e+06,,29.0539,46.4466,,1931.02,2037.01
16.6485,23.7397,,799.575,646.464,-2.54982e+06,,-26.3135,54.196,,-1329.44,-491.175
17.1849,22.5293,,929.245,9248.77,-1.29483e+06,,5.10167,16.5925,,-566.419,1175.2
17.227,21.8722,,973.261,29095.1,-557017,,23.9008,28.3164,,-1216.99,3742.13
18.9883,20.2645,,1265.64,-28787.5,1.35446e+07,,69.4054,-10.4534,,-3500.65,-6935.09
16.829,25.5748,,801.015,9349.31,-2.54129e+06,,18.1509,73.7375,,592.809,-1045.57
16.7006,24.7407,,754.468,-14798.8,-2.77476e+06,,-6.25328,61.9258,,-1164.55,844.134
14.091,26.3448,,854.514,-8242.28,-2.15095e+06,,-35.3801,80.944,,986.077,-1502.35
17,-1.5,,1010.33,0,240345,,0,0,,0,0
17,-1,,1010.12,0,235440,,0,0,,0,0
17,-0.5,,1009.92,0,230535,,0,0,,0,0
18.3732,0.569843,,964.326,25351,-723715,,5.38594,40.2533,,2382.72,593.708
17.401,0.488882,,1178.96,-28918.6,6.98095e+06,,16.0942,28.2674,,-1080.2,1802.4
17.0119,0.697206,,1026.84,-3374.63,656486,,3.15703,4.87563,,-1393.46,1563.03
17.0655,1.85962,,971.53,67488.3,-590041,,-5.46304,4.06953,,2960.68,-2144.36
16.9365,2.33048,,1183.42,39632.2,7.2544e+06,,-13.468,-7.1537,,3411.26,-859.859
17.2452,5.08611,,930.988,57452.4,-1.26937e+06,,-25.3684,43.1951,,7453.15,228.969
18.5139,-2.55425,,670.635,-2992.66,-3.02663e+06,,-11.8763,-138.255,,-1194.13,-107.034
18.6868,2.66606,,1042.12,9305.93,1.07914e+06,,28.5897,-9.94144,,-1978.59,1655.91
15.4361,6.43569,,1080.35,-63253.4,2.31356e+06,,-13.2324,28.55,,611.671,8105.8
18.8817,2.4436,,1103.59,12752.4,3.20281e+06,,63.6599,-10.4054,,-1305.08,1923.03
16.1351,5.11215,,1469.9,39815.9,4.45637e+07,,19.9364,-74.1376,,6814.09,1982.84
16.8622,3.18402,,1119.12,1567.48,3.86327e+06,,26.0311,-65.7129,,492.493,435.625
16.1488,2.17866,,1157.44,14831.1,5.7467e+06,,78.326,-88.2475,,-3060.74,1746.64
15.5656,5.66455,,1381.03,-78828.6,2.76605e+07,,-22.344,-34.9561,,-3802.86,24296
18.7536,4.80239,,1231.16,-8197.37,1.05963e+07,,28.2272,-73.4955,,-1206.92,3092.19
17.3052,7.47313,,975.728,-63226,-509343,,-1.51316,12.5542,,-1252.94,-433.201
16.486,5.41359,,1335.34,72338.1,2.11797e+07,,72.1606,-119.486,,17042.3,17177.2
19.231,8.67428,,1262.07,-6375.99,1.32158e+07,,34.2511,-8.89803,,-5513.6,-4745.22
16.5565,5.60098,,1122.96,47017.7,4.03517e+06,,43.338,-73.6516,,11958.4,14845.8
17.2816,11.0192,,1154.43,-14751.2,5.58448e+06,,-51.6124,-94.6557,,3067.17,-1181.43
16.5342,10.9448,,1203.65,50531.9,8.57478e+06,,33.154,-15.8347,,-1153.92,-2637.68
17.9435,9.7508,,890.877,9559.54,-1.78772e+06,,63.407,42.2998,,-727.564,234.305
17.0325,10.9086,,1165.2,7845.65,6.17589e+06,,-29.6943,-94.405,,2184.99,-2747.23
19.551,13.9249,,1542.55,52336.3,6.37624e+07,,73.7376,106.802,,-17317.6,7945.35
19.1321,12.0044,,1051.99,-46734.8,1.37273e+06,,83.1522,-13.3753,,-838.209,-1503.86
15.1344,14.1769,,1256.67,-13762,1.27296e+07,,-20.0642,-21.6034,,-363.012,9861.57
14.491,13.3324,,1167.66,25341,6.31567e+06,,-108.441,83.991,,-8574.23,-10922.4
16.8442,16.3446,,1389.55,-70144.8,2.90186e+07,,3.22856,169.654,,2786.34,8788.72
17.7718,14.9962,,1213.44,-24531.9,9.26313e+06,,-7.17117,-6.10155,,3509.03,-2789.27
17.6175,15.1342,,1246.09,-15899.8,1.18127e+07,,-23.3624,13.1329,,3130.46,-779.845
17.6109,16.0344,,1152.01,-8248.36,5.45616e+06,,12.0726,8.22725,,7657.94,391.165
17.6769,16.4275,,1149.56,-11010.2,5.32789e+06,,15.0927,-10.1115,,6278.53,3537.82
17.5768,17.8804,,885.22,55645.5,-1.85033e+06,,-7.97345,17.7264,,-60.5666,516.839
17.2846,17.4282,,979.08,28451.4,-443411,,-12.0856,18.6308,,-448.217,4139.77
17.3118,18.7699,,1076.44,-8058.89,2.17476e+06,,-5.25509,-49.2958,,1044.45,-688.171
17.8678,20.1719,,963.95,-56945,-730534,,42.4438,68.91,,-2554.45,-5042.7
18.1057,20.0753,,1010.83,-42817.6,252528,,64.5995,52.5813,,-3944.76,-5855.54
16.71,20.8264,,1184.61,-29498.1,7.32881e+06,,-18.6587,74.5642,,4718.39,-407.974
17.951,21.4811,,1106,57612.6,3.3018e+06,,34.4331,39.4022,,-1026.06,5443.24
19.175,21.8805,,894.993,51706.6,-1.74065e+06,,-7.47032,40.8262,,2016.46,1020.51
18.8598,20.6528,,1267.43,-7437.2,1.37107e+07,,-5.8372,52.6836,,-695.193,2148.35
16.0682,22.3859,,1070.01,6770.48,1.95302e+06,,-26.5705,40.8952,,5453.25,3133.6
17.4165,22.7519,,938.669,6455.48,-1.15368e+06,,-7.54993,10.2652,,-1394.01,668.187
17.7138,23.5315,,941.566,-27919.8,-1.10856e+06,,1.57142,33.6617,,-1329.56,-429.07
18.0086,24.3279,,1087.98,-12782.4,2.59309e+06,,23.6112,57.1684,,-2901.53,-3836.7
17.1114,25.7643,,870.951,-21847.4,-1.99795e+06,,-8.82975,100.276,,-2201.08,-1658.06
18.0859,25.1017,,1303.35,-21585.2,1.73696e+07,,31.7637,55.0286,,-1126.83,6728.03
17.5,-1.5,,1010.33,0,240345,,0,0,,0,0
17.5,-1,,1010.12,0,235440,,0,0,,0,0
17.5,-0.5,,1009.92,0,230535,,0,0,,0,0
18.8997,1.06692,,949.474,52547.4,-981058,,9.52934,26.7289,,-1753.77,-1815.75
18.8816,0.194247,,829.826,10455,-2.34989e+06,,-1.48297,22.3373,,-444.143,-140.691
17.302,-0.0957785,,1107.56,-2678.55,3.36658e+06,,4.45731,0.11436,,-1251.29,-3188.42
18.75,3.9278,,1091.52,-3324.41,2.7267e+06,,-16.0061,-42.9951,,-1965.17,-5696.83
17.9724,0.391198,,1106.38,1331.4,3.31756e+06,,37.6682,0.80346,,3796.3,49.1753
17.4832,5.70838,,862.73,20087.8,-2.07666e+06,,-26.4975,-8.30715,,1882.51,1088.07
18.1179,2.92501,,978.223,-4325.62,-460385,,21.9717,27.5112,,-135.311,791.309
17.3138,2.80617,,1095.49,19161.8,2.88009e+06,,0.109179,-35.645,,3440.1,1005.37
17.4986,5.26444,,1029.14,34809.4,717758,,-20.2812,-41.5457,,2440.5,1076.24
18.5335,7.92809,,861.512,-1848.95,-2.08794e+06,,113.944,110.233,,-2150.17,-1503.34
15.2208,3.13729,,992.19,-42746.4,-172133,,-63.2151,6.61693,,687.615,-66.3492
18.3773,7.34419,,974.149,-25291.7,-539934,,29.1315,58.2517,,-164.311,1464.87
14.9894,-1.59644,,1058.15,-74189.5,1.56443e+06,,15.3448,-119.522,,1120.93,-3854.32
17.0817,8.42903,,933.423,-41579.7,-1.2333e+06,,-7.28395,100.453,,434.765,2.97615
17.9852,6.095,,1090.04,-65022.4,2.67056e+06,,-81.0827,-25.1528,,-2544.21,358.688
17.999,7.98907,,843.587,-3897.28,-2.24333e+06,,-4.66115,35.4737,,-939.116,-551.95
17.8883,7.45569,,1098.45,-31141.1,2.99615e+06,,12.3791,30.2007,,-621.262,1240.39
18.9644,9.07291,,1244.6,-9485.04,1.16879e+07,,-1.88282,30.2968,,-7121.5,2064.42
19.4032,10.0804,,848.803,-18466.2,-2.20012e+06,,60.2132,22.2462,,334.741,2278.29
19.3561,10.8257,,764.705,-16775.5,-2.73039e+06,,77.7797,25.1608,,-1252.87,21.0594
17.413,12.2994,,907.107,-17470.8,-1.59433e+06,,-45.0665,4.79472,,526.552,1821.88
18.966,8.97543,,1142.2,-15348.7,4.95194e+06,,-16.3428,-9.40354,,-5986.97,335.6
19.4336,12.155,,1143.79,-26078.1,5.0319e+06,,39.1802,11.2302,,-1281.42,-3282.72
18.5832,12.1406,,1045.55,-56596.4,1.17927e+06,,8.48864,16.9032,,-1266.13,1045.81
19.4411,11.7164,,884.385,-43933.4,-1.85937e+06,,95.6183,-36.758,,-982.424,-1556.25
16.0424,16.3987,,1323.8,-91442.2,1.97414e+07,,-88.4764,99.4517,,-10646.6,14668.2
13.1964,17.3664,,1030.84,-46538.5,763669,,-30.1117,178.553,,99.8306,310.175
15.9702,14.8032,,1307.65,5332.44,1.78508e+07,,-5.10869,28.9617,,774.977,-5489.08
18.2541,15.5209,,1068.31,-33590.1,1.89558e+06,,16.8439,31.8465,,2659.54,2699.34
17.3172,15.1903,,1193.03,-5189.02,7.86517e+06,,-56.0203,18.645,,1583.59,-2224.11
18.0782,16.3873,,1044.31,781.39,1.14285e+06,,7.15305,8.38995,,5831.96,1970.82
18.2652,16.7138,,986.217,-3752.37,-298417,,16.2514,-6.87141,,4102.89,2187.55
18.0261,17.3633,,920.104,-10880.8,-1.42377e+06,,-6.28727,10.3409,,1412.63,2376.23
18.4002,18.4829,,786.315,10658.9,-2.62422e+06,,-1.17736,7.07385,,-178.015,-2027.95
17.9617,18.1131,,863.769,38730.1,-2.06696e+06,,-11.3702,12.9154,,543.846,-138.476
17.7624,19.4248,,908.1,-58401,-1.58181e+06,,34.9727,-7.6013,,192.51,-645.862
17.8475,19.5443,,933.956,-60507.7,-1.22533e+06,,43.1135,6.99956,,-340.508,-1439.2
17.7769,21.2051,,1195.57,29671.9,8.03146e+06,,33.4521,95.003,,-3422.08,1911.71
18.1458,22.0194,,1039.22,33811.6,996035,,19.4253,16.6087,,-1355.03,2794.63
16.8597,22.9151,,960.723,-5078.61,-788358,,-18.353,38.9336,,515.053,1008.35
18.6472,21.291,,1117.88,56846.7,3.80868e+06,,44.8845,7.52085,,1903.82,6572.18
18.7625,21.1288,,1096.61,35898.6,2.92381e+06,,25.6416,62.3307,,1947.16,6850.43
17.9105,24.2901,,1076.92,-17756.1,2.19147e+06,,14.0782,60.4514,,-3553.98,-3662.5
17.6847,23.7671,,937.812,-28382.1,-1.16688e+06,,-2.13254,44.0287,,-1399.9,-1598.24
16.9431,25.6435,,834.568,-9887.99,-2.31436e+06,,-8.02236,92.3131,,-744.341,-1371.74
17.3301,25.4326,,987.074,-16643.9,-280588,,-24.4933,55.2506,,-3897.56,1190.01
17.4355,25.5479,,1183.57,-1489.73,7.26384e+06,,-16.9987,32.0061,,-2294.73,4012.87
18,-1.5,,1010.33,0,240345,,0,0,,0,0
18,-1,,1010.12,0,235440,,0,0,,0,0
18,-0.5,,1009.92,0,230535,,0,0,,0,0
18.7141,-2.72847,,471.857,25053.2,-3.2065e+06,,-32.946,-67.0295,,-6946.62,5712.91
20.367,1.244,,1150.92,18714.6,5.39875e+06,,42.5091,21.3646,,-2593.69,3684.97
18.0864,0.468096,,1093.08,14920.9,2.78657e+06,,6.47488,6.02855,,4057.35,799.493
17.463,2.54881,,1062.07,12394,1.69004e+06,,-2.5352,-16.3992,,3576.04,-271.418
17.8903,0.640694,,1105.17,-4655.3,3.26776e+06,,21.4655,17.8247,,2810.36,3222.01
20.1246,0.865973,,1162.03,10476.5,5.99883e+06,,7.84055,3.64222,,-5280.48,450.876
18.6265,4.2412,,1193.94,-6827.88,7.92434e+06,,-28.9829,-26.5614,,-3884.91,-6583.06
18.0361,4.73518,,1076.42,-25850.7,2.17412e+06,,-50.0155,12.8853,,-5112.65,79.3627
19.1561,6.13758,,1055.81,-70652.4,1.49081e+06,,48.03,52.3579,,2079.63,599.219
18.4881,2.11582,,1051.57,-1021.98,1.3599e+06,,15.4261,-26.2074,,-3345.82,-252.236
17.6441,3.17124,,1012.35,18047.6,289262,,12.8001,-32.6731,,2455.7,556.697
19.5789,4.40778,,1151.5,-14421.3,5.42905e+06,,0.499973,-80.2151,,5887.45,-894.757
20.3817,0.590115,,1277.06,12416.9,1.4632e+07,,8.9261,-120.182,,-6321.78,-2219.42
19.2738,7.17362,,1110.48,17441.1,3.48924e+06,,46.3958,23.659,,-195.164,-722.015
17.869,5.70032,,1061.67,-30964.8,1.67701e+06,,-97.2785,-67.4806,,-2365.94,1028.79
18.8458,6.93352,,1040.5,-20676.5,1.03267e+06,,32.8504,33.6352,,388.152,693.891
18.099,7.1706,,1116.43,-22539.8,3.74494e+06,,-0.773175,20.1111,,-628.63,1388.07
19.7105,9.04278,,1252.16,-30439,1.23338e+07,,41.7942,50.3802,,4920.61,4969.2
19.3168,8.73241,,1228.04,-15754.6,1.03528e+07,,-0.81245,16.5502,,-2903.44,-2568.46
17.1638,3.91066,,1063.49,68260.9,1.73605e+06,,-35.6724,-191.288,,3751.8,-247.849
17.9406,11.2175,,1049.28,-72862.6,1.29061e+06,,-14.2688,-33.3025,,983.169,-114.559
19.5392,14.9994,,1247.37,83609.7,1.19214e+07,,132.169,123.845,,-1407.26,2554.54
20.6561,12.9164,,1373.71,-20523.6,2.65324e+07,,21.8673,89.3685,,9828.16,-5499.7
18.8353,10.7992,,823.371,-38850.8,-2.39636e+06,,21.092,-47.219,,1030.04,455.441
19.4272,11.9621,,1013.81,-46494.9,324788,,117.291,-36.7154,,-700.034,-2883.03
20.1503,13.4239,,1486.92,-15178.1,4.85754e+07,,120.132,55.7881,,4083.12,823.293
17.5692,14.0224,,825.003,14584.7,-2.38481e+06,,-23.4945,49.6599,,827.208,-2703.19
16.1197,14.3051,,1080.33,36726.8,2.31278e+06,,-27.1685,28.5482,,6408.16,-3520.45
17.7196,14.7465,,1134.98,-21419.2,4.59678e+06,,-12.9463,-2.65589,,1716.07,-6772.63
18.5621,13.7375,,758.528,10573.1,-2.75759e+06,,39.3503,40.3395,,-3462.76,-800.189
18.6608,15.6848,,1031.72,-11410.9,787504,,21.1873,-0.248654,,805.094,3980.34
18.5999,16.7476,,902.779,1435.02,-1.64797e+06,,9.55261,0.592804,,2227.69,1417.21
19.2096,17.5252,,893.438,-34133.5,-1.75858e+06,,28.0316,-6.10051,,-965.563,426.314
18.6022,19.495,,823.266,-3588.09,-2.3971e+06,,29.9293,34.5742,,-2435.84,-3053.94
18.6347,17.5006,,928.594,-19271.3,-1.30427e+06,,-1.55807,-5.8839,,1052.4,706.187
18.5605,20.6041,,1316.43,-7739.95,1.88611e+07,,22.7245,114.888,,-6223.91,-3643.22
18.4026,18.3801,,811.032,14101.9,-2.4793e+06,,-11.7292,-3.04469,,-57.909,-1299.11
18.0194,22.3335,,1071.27,-11279.9,1.9959e+06,,-61.3302,39.9461,,-2595.16,2064.48
16.6132,23.6323,,804.092,2757.28,-2.52274e+06,,-33.9857,56.067,,-872.521,310.441
19.196,20.5071,,1370.17,-14212.9,2.59999e+07,,72.7598,103.252,,4389.63,3454.31
17.1265,25.3081,,1045.91,-10318.2,1.18986e+06,,-17.5546,109.011,,-3677.2,576.157
18.827,22.4175,,1202.85,-13444.3,8.51943e+06,,50.2,-1.07412,,919.592,419.626
19.8394,24.2404,,964.296,19324.7,-724252,,26.5444,47.2395,,567.578,3678.94
19.5857,23.8087,,1135.67,18506.9,4.63039e+06,,10.3696,67.2404,,-2179.42,2787.41
19.0122,24.3056,,906.206,24063.2,-1.60562e+06,,33.0595,28.296,,1139.05,-385.353
18.2987,24.7614,,1150.63,-7330.04,5.38361e+06,,27.0866,40.5067,,760.128,-937.095
19.5023,25.4264,,733.456,7135.42,-2.85523e+06,,25.3574,27.0294,,851.028,-2347.87
18.5,-1.5,,1010.33,0,240345,,0,0,,0,0
18.5,-1,,1010.12,0,235440,,0,0,,0,0
18.5,-0.5,,1009.92,0,230535,,0,0,,0,0
20.6301,-1.8401,,1090.73,-118532,2.6967e+06,,35.9265,-141.945,,-61.463,-5007.61
19.89,1.86312,,1045.35,12944.8,1.17358e+06,,34.5153,17.8974,,720.121,2099.53
18.6495,1.03799,,919.75,49174.6,-1.4286e+06,,-3.23887,29.5751,,-586.001,-985.872
17.6834,1.33306,,860.948,17726.1,-2.09314e+06,,-13.4044,-8.44512,,1127.82,806.177
19.2634,-0.254146,,1084.75,-23491.3,2.47312e+06,,-0.210765,54.9042,,-1835.07,1077.5
19.4448,3.56971,,1103.27,-12197.7,3.1898e+06,,-17.7066,-16.0471,,475.322,-1745.59
17.178,8.2809,,1017.4,-60562.7,413604,,-10.1518,129.489,,-241.883,514.879
19.3017,0.986013,,1074.63,32028.8,2.11128e+06,,-15.5458,27.3298,,-2803.54,-2689.48
19.842,3.52922,,1097.72,-18487.8,2.96752e+06,,53.596,-59.6017,,2367.42,-1128.49
19.1232,2.18251,,1140.07,11720.5,4.84587e+06,,35.1341,5.79575,,399.216,1915.37
19.1627,3.27155,,1035.38,11316.7,888271,,11.21,-65.9838,,-731.798,-929.51
16.7889,4.65515,,1128.85,95233,4.30578e+06,,-48.6778,-10.9775,,12425.7,-6537.14
18.7031,4.84126,,1295.7,-25904,1.6539e+07,,-33.022,-33.2045,,-2778.12,4769.16
18.3982,6.28068,,1145.93,-73261.7,5.14061e+06,,-27.8732,7.07521,,200.364,91.6528
19.2031,5.633,,1075.71,-56244.4,2.14918e+06,,46.1747,-54.5034,,2429.58,3384.17
19.3905,6.94784,,1054.92,9393.27,1.46293e+06,,30.3204,23.6564,,1047.77,-1112.3
20.179,6.91437,,931.255,16565.2,-1.26544e+06,,81.2783,-27.1482,,482.155,-687.442
20.143,7.99327,,1167.92,8849.63,6.33063e+06,,63.0768,-19.1029,,2551.08,-3524.85
19.7146,9.59919,,967.492,-5706.78,-665703,,12.5603,8.00732,,1784.66,5193.07
18.8315,11.0829,,978.028,-53982.6,-464247,,7.45098,-20.0715,,1432.01,-1234.96
19.0874,13.0221,,934.795,-36411.3,-1.21273e+06,,8.29086,105.37,,-7598.3,-3583.19
18.7168,9.63903,,1116.32,2961.55,3.73992e+06,,-59.502,-64.9748,,-3163.75,4848.08
18.1779,10.9346,,1027.31,-64115.1,668999,,4.72857,-65.5137,,1481.73,-1307.68
19.3815,12.4202,,1103.26,-37323.5,3.18928e+06,,71.0318,13.6434,,-4224.08,-3389.49
19.5422,7.93572,,1169.12,4991.64,6.39971e+06,,16.0474,-22.1159,,-2118.17,-4489.36
18.9325,15.1716,,1291.94,-4001.46,1.61403e+07,,-8.37716,62.5688,,-1815.41,1927.16
19.9488,15.6622,,1166.07,18885.8,6.22531e+06,,-25.2849,16.2594,,-550.216,6262.9
20.457,12.4395,,1174.22,-26539.6,6.69731e+06,,146.563,-78.9563,,-1500.18,-12437.5
17.863,14.7087,,1144.82,-22323.3,5.08384e+06,,3.66019,4.42292,,2489.51,-6898.02
18.2792,14.9276,,1149.72,-41897.2,5.3362e+06,,30.7187,-20.339,,2043.55,-2593.46
18.9169,15.0527,,1142.92,-8226.18,4.98807e+06,,34.7873,-57.2214,,-1897.31,64.1921
19.0511,15.0778,,1136.66,7138.13,4.67845e+06,,41.058,-55.4611,,-1307.62,1023.83
18.9081,17.8567,,968.952,-25727.1,-638559,,-18.5705,27.1405,,-78.7233,-161.873
19.331,19.5586,,1034.69,29285.2,869116,,26.2077,52.1234,,-2076.68,-7010.56
19.1075,17.0409,,787.449,-17118.9,-2.61815e+06,,18.2564,-41.3403,,-1256.41,1045.94
19.3264,20.5984,,1251.98,-9494.78,1.2318e+07,,63.0214,118.098,,6488.85,6112.69
19.3374,18.4048,,947.537,-15606.5,-1.01287e+06,,7.99926,19.9836,,-1103.42,-1760.89
17.8942,21.2363,,1253.24,30127.9,1.24278e+07,,-40.0544,69.4764,,-2214.21,3195.88
16.9966,20.7399,,1143.37,-34252.9,5.01041e+06,,-12.5428,83.2509,,3546.01,-3060.35
16.9435,22.6541,,1002.97,-5432.56,67510.1,,-2.58827,69.4746,,619.814,1126.33
18.0851,22.7815,,1042.55,-34666.2,1.09156e+06,,-16.8724,23.1646,,-2659.24,1354.64
18.8127,22.3143,,1131.02,-6306.04,4.4079e+06,,31.6151,-10.5978,,805.818,-380.201
19.0442,23.3893,,1064.16,4553.87,1.75796e+06,,39.7933,59.1765,,-1798.91,-34.1461
18.5159,23.7585,,1060.81,-13205.9,1.64943e+06,,32.9318,58.9497,,-1414.11,-1157.36
18.6552,23.3531,,1061.16,-21329.7,1.66064e+06,,42.0637,36.3478,,-1971.46,432.75
18.0508,24.777,,1167.3,-18264.4,6.29566e+06,,9.68784,53.6384,,-3292.65,-1231.38
18.5392,25.1395,,1193.71,-6248.71,7.90914e+06,,24.7492,50.5906,,4626.5,5924.34
19,-1.5,,1010.33,0,240345,,0,0,,0,0
19,-1,,1010.12,0,235440,,0,0,,0,0
19,-0.5,,1009.92,0,230535,,0,0,,0,0
21.9821,-1.24933,,1324.34,9080.48,1.9807e+07,,107.61,11.9064,,537.226,-2537.74
20.2653,0.493397,,1121.83,19318.1,3.98432e+06,,-17.8498,20.054,,-5553.39,-2854.37
20.4481,0.373576,,1130.68,26981,4.39166e+06,,-15.019,22.7021,,-4058.95,-4599.39
19.2983,1.96814,,1153.93,27733.2,5.55783e+06,,-0.132562,-27.8742,,1189.22,1417.3
19.4704,1.21769,,1113.68,30340.4,3.62567e+06,,-11.4298,36.6267,,-1947.83,-2030.24
19.0689,2.96392,,1068.06,29145.9,1.88731e+06,,-30.8689,-16.3873,,-578.859,474.923
19.6141,6.4497,,967.642,3884.69,-662929,,10.9407,109.578,,1428.24,-220.173
20.6921,3.51133,,995.209,9651.67,-106557,,8.45853,-25.2287,,1199.49,-877.722
19.4697,4.4317,,1198.31,-24777.1,8.21263e+06,,41.0847,-6.51975,,5809.28,-1276.7
18.6173,2.02684,,1142.26,-1139.55,4.95473e+06,,-5.12121,-54.2836,,-4293.27,-737.636
22.5356,3.26683,,1338.1,-13584.3,2.15346e+07,,56.892,-29.4535,,125.877,-1842.64
18.7904,4.75581,,1303.04,-21288.8,1.73354e+07,,-25.7399,-14.5191,,-523.66,2300.76
15.2162,2.87964,,1121.51,-33674.4,3.96987e+06,,-109.986,-57.9541,,1745.39,1108.74
19.658,5.48174,,937.303,-32579.1,-1.17468e+06,,26.2744,-30.8164,,2058.73,2480.06
19.5587,5.81259,,983.769,-47337.9,-348864,,38.4949,-25.5876,,1902,1535.84
19.7573,7.10527,,1041.74,22190.6,1.06834e+06,,14.0003,11.3332,,1568.18,-2010.02
19.3095,7.44391,,1024.63,20568.8,598569,,-10.0552,8.22547,,-999.497,-1585.8
19.4913,7.97625,,1112.52,-3783,3.57599e+06,,-15.7893,-21.7664,,-2317.26,-4246.42
19.3414,9.5405,,1109.66,-24045.5,3.45425e+06,,-22.3911,15.3127,,395.139,7392.09
20.9526,11.2789,,958.653,-3376.07,-824839,,-39.8758,14.6482,,-2021.07,-2598.78
17.7219,9.46467,,931.053,-14974.5,-1.26841e+06,,-128.07,-81.0677,,-346.059,720.169
16.5184,14.9842,,1254.13,69475.3,1.25056e+07,,-101.843,102.385,,4702.74,-7457.59
17.6213,17.4678,,1114.82,11149.1,3.67476e+06,,-52.638,224.609,,538.004,3362.79
21.8165,16.6121,,1336.53,33434.6,2.13326e+07,,43.3454,145.504,,-5448.37,-1053.37
18.0655,9.82531,,862.564,-2940.49,-2.0782e+06,,-22.6638,-15.85,,-1216.68,-18.2997
20.6298,14.569,,1207.53,37248.2,8.84301e+06,,-33.2786,33.187,,8126.84,923.657
20.6312,15.3324,,1188.36,-36577.3,7.56479e+06,,2.82402,1.34649,,4476.82,2615.19
19.6119,13.6206,,1185.59,6402.57,7.38977e+06,,26.7332,41.005,,-11738.7,-1674.13
18.6944,14.4015,,933.661,-6278.5,-1.22975e+06,,4.90061,-15.1976,,-3524.99,-1828.75
19.7694,15.456,,1094.93,45582.8,2.858e+06,,-5.89582,18.9135,,-518.242,4998.65
19.0788,16.4476,,805.284,17540,-2.51543e+06,,-3.37116,-1.05918,,-571.724,1730.84
19.2675,15.8323,,949.08,32241.4,-987565,,11.0156,-12.8422,,-462.072,4342.26
19.3044,18.2987,,946.887,-27350.8,-1.02347e+06,,-12.8035,53.1642,,-963.222,-1367.5
19.6776,20.1038,,1252.42,25936.5,1.23556e+07,,17.4816,95.9779,,5091.48,-2041.3
19.3681,17.6847,,894.247,-29655.5,-1.74927e+06,,5.71521,-2.61271,,-1435.86,175.292
18.7946,20.9504,,1218.8,34961.7,9.65379e+06,,-28.5935,52.7771,,1897.58,6951.65
19.8427,19.4444,,1107.29,-10123.8,3.35529e+06,,-7.9379,50.2725,,-1492.05,-4741.21
19.2752,19.9612,,1223.16,7904.32,9.97966e+06,,27.4716,33.1837,,-1263.92,-9042.98
20.7958,19.105,,1261.83,-36459.8,1.31944e+07,,27.3754,-41.5338,,-3608.23,850.684
22.0594,21.8266,,1313.2,17295,1.84841e+07,,88.0518,46.1509,,-2896.22,-650.481
20.1526,23.0707,,1014.83,-27402.3,349907,,-0.958671,50.1458,,1304.24,-2941.89
18.6454,22.8677,,1075.28,-35458.4,2.13415e+06,,21.6877,32.3091,,-1638.62,1466.59
18.8445,22.142,,1089.64,3102.04,2.65553e+06,,26.2189,-22.2785,,1628.95,-841.383
19.8904,23.7062,,1180.8,-355.003,7.09311e+06,,-1.8908,68.0108,,1654.6,1254.51
18.8893,19.8351,,1048.72,-56611.3,1.27349e+06,,33.3063,-49.7534,,-4454.2,-8438.68
21.1375,23.1504,,1099.26,5050.04,3.02848e+06,,60.2786,27.0548,,-1303.21,496.823
18.807,25.0918,,1086.49,17872,2.53731e+06,,16.9637,21.7181,,5190.38,2985.08
19.5,-1.5,,1010.33,0,240345,,0,0,,0,0
19.5,-1,,1010.12,0,235440,,0,0,,0,0
19.5,-0.5,,1009.92,0,230535,,0,0,,0,0
20.6071,-1.41681,,1241.09,-31372.2,1.13961e+07,,10.7209,-38.3868,,-706.793,-4592.24
21.0715,0.276279,,1178.68,8445.12,6.96436e+06,,-12.4877,4.75279,,363.106,-7170.77
20.7409,0.566672,,1233.47,23826.7,1.07788e+07,,-31.2484,25.0188,,-3026.24,-2950.38
20.2401,1.77312,,1179.39,27156.5,7.00705e+06,,-7.13145,-36.9988,,-82.6372,3838.09
19.6618,0.832301,,1062.21,7518.16,1.69451e+06,,-22.5969,18.6302,,-3826.06,-1631.58
19.3916,1.59968,,1155.62,30109.5,5.6486e+06,,-12.7118,-23.42,,-156.774,-849.042
20.2529,3.87822,,1053.27,-3912.04,1.41208e+06,,-8.35625,-46.6752,,2873.27,56.3001
18.63,-2.10857,,797.704,-51399.3,-2.56078e+06,,-54.7182,-139.133,,-1757.8,-3681.52
19.6857,3.46865,,1160.93,-12567,5.93771e+06,,-15.1072,-61.9992,,1717.65,-1837.74
19.9318,4.58362,,1051,3354.08,1.34239e+06,,-32.3946,-39.4993,,4644.42,773.967
21.671,4.349,,1200.94,-15112,8.38953e+06,,37.7469,-75.036,,-13452.6,-9567.24
20.758,5.39558,,955.082,-49763,-886684,,-16.5383,18.0755,,-6670.37,-424.96
20.5512,5.88727,,936.486,-16977.7,-1.18714e+06,,-21.2224,71.7519,,-4876.99,717.269
21.018,5.25405,,1072.12,-64653,2.02495e+06,,2.42748,-24.5245,,-10951.4,-2610.48
20.5488,6.58446,,816.083,39866.1,-2.44625e+06,,19.6473,11.1998,,-3370.57,1395.4
21.6013,6.88696,,1275.19,11963.5,1.44499e+07,,-0.368808,-12.434,,-7926.32,7547.4
20.94,7.71075,,1031.93,37346.9,793228,,-2.06925,-6.25468,,-1257.05,-477.864
19.9228,8.62186,,1240.12,-10420.9,1.13158e+07,,12.9785,16.988,,4900.52,129.107
19.5739,9.47207,,1094.33,-7410.55,2.83463e+06,,-23.3979,9.47101,,2267.36,6996.39
19.9688,8.54542,,1232.85,-8034.79,1.07296e+07,,12.9915,-6.55069,,4936.49,-711.054
20.5483,9.17915,,1086.7,33982.6,2.54538e+06,,-26.8246,-65.2142,,-216.491,2145.83
20.1891,13.6096,,1312.89,11718.6,1.84481e+07,,20.1895,96.3155,,7425.97,7456.11
17.0179,10.1751,,847.682,42307.7,-2.20954e+06,,-132.68,-78.2806,,480.155,-305.793
19.9068,13.0686,,1269.71,-54768.9,1.39257e+07,,-7.0731,28.8492,,-10511.5,-12243
17.0395,10.4876,,960.727,24908.4,-788289,,-135.57,-127.789,,392.33,-2809.62
19.9605,14.4064,,1160.67,88128.5,5.92315e+06,,-4.66954,56.2929,,1909.67,6347.66
19.3822,13.8112,,1195.52,6049.42,8.02815e+06,,-3.4459,44.8819,,-14723.5,426.402
20.5976,14.0262,,1038.27,58452.3,969079,,-10.1466,29.4763,,9795.7,6461.64
20.4635,15.1063,,1171.37,3061.83,6.52991e+06,,-21.8734,-35.6385,,4140.89,1894.95
20.2648,15.0011,,1203.68,38021.4,8.5765e+06,,-45.6334,-47.7425,,2773.66,2306.93
20.3949,16.3254,,987.844,9396.72,-264472,,5.28379,21.3797,,-1151.48,2528.87
20.1105,16.5128,,752.556,35773.6,-2.78266e+06,,25.4316,-15.8461,,1265.52,307.027
19.8661,18.4899,,965.018,-23058.9,-711137,,-1.91627,49.3107,,-2524.75,-2648.97
20.3877,18.7434,,1158.42,-36141.9,5.79984e+06,,11.2302,10.6449,,-5617,-4155.61
19.9401,18.082,,883.422,-24326.2,-1.86973e+06,,10.3752,13.9389,,-1668.31,-898.079
20.0115,21.1096,,968.166,55584.4,-653204,,5.06094,40.1967,,3515.56,3610.4
19.9525,19.0447,,1022.9,-32448.6,553654,,-5.01387,29.3999,,-3327.68,-3225.73
19.9419,20.3966,,1188.67,40569.1,7.58411e+06,,-18.9681,40.3085,,7579.15,3639.69
20.4742,20.5575,,984.72,-2994.85,-329350,,-19.658,64.427,,3145.91,2512.95
20.2337,21.4715,,1054.26,31256,1.44265e+06,,-13.0853,19.6255,,459.909,1339.14
20.7236,22.3188,,1084.27,-35481.7,2.45545e+06,,-2.66267,26.0516,,-1895.28,-1239.78
19.6931,23.2351,,1062.78,-4788.45,1.71291e+06,,-23.6006,49.6269,,101.139,-3420.25
20.5718,23.6939,,1015.91,-17051.5,376454,,47.7372,89.3541,,2015.52,624.224
20.0217,23.5972,,1156.22,-9532.88,5.6806e+06,,-3.12539,58.5592,,3137.44,-913.777
21.2171,24.7816,,945.839,-4340.09,-1.04045e+06,,20.671,55.3075,,-229.751,855.573
20.8816,24.4643,,1090.85,3408.75,2.70121e+06,,12.5409,53.6846,,-38.8364,2983.51
19.9292,24.8565,,946.09,12596.3,-1.0364e+06,,-7.58505,34.7726,,531.73,1355.74
20,-1.5,,1010.33,0,240345,,0,0,,0,0
20,-1,,1010.12,0,235440,,0,0,,0,0
20,-0.5,,1009.92,0,230535,,0,0,,0,0
20.912,-1.96303,,694.104,129945,-2.9731e+06,,-10.6626,101.22,,77.4204,4070.78
21.2389,-0.34665,,1153.52,-21777.3,5.53636e+06,,10.7165,38.7868,,306.209,-1642.05
21.2185,0.406509,,1213.68,5084.66,9.28008e+06,,-8.43997,5.88622,,1813.17,-6597.55
20.8771,2.06869,,1017.03,-2176.88,404503,,7.47042,46.8945,,-98.6633,3848.79
19.9517,-0.301101,,1153.63,-25956,5.54175e+06,,-22.6675,57.4816,,-2425.13,695.198
21.1152,2.78199,,939.626,21319.8,-1.13888e+06,,10.2159,-17.7594,,-714.795,1226.44
20.2581,2.30853,,1040.68,38959.7,1.03768e+06,,-13.5378,-34.1932,,1051.95,2523.27
20.7425,2.00923,,1052.01,25557.7,1.37318e+06,,-7.7901,-46.1455,,126.863,4020.99
18.44,11.7895,,1025.09,-117427,610446,,-7.66522,180.47,,-174.854,401.671
18.9716,1.70676,,1188.97,21989.8,7.60307e+06,,-35.3433,-77.7833,,-3133.25,-2084.79
19.5712,4.92474,,1109.46,4051.42,3.44597e+06,,-46.4554,-7.36062,,5820.14,3057.77
18.6484,6.20659,,1100.6,-82018.7,3.08183e+06,,-25.935,3.49533,,1445.94,267.743
19.3107,5.0491,,1139.71,-8647.99,4.82799e+06,,-36.2477,-37.4253,,4791.74,4744.23
21.014,6.16097,,1110.75,6809.97,3.50049e+06,,10.8065,35.8071,,-11981.7,2358.63
20.6856,7.181,,890.251,46957.2,-1.79477e+06,,14.3476,20.8885,,-2547.42,371.719
20.5545,7.62492,,972.204,37152,-577228,,13.03,8.01378,,614.778,-2117.28
20.6838,7.86378,,1016.43,37384.9,389423,,3.46747,-9.53939,,968.534,-1869.07
20.3156,8.05299,,1097.2,19453,2.94687e+06,,16.8794,-14.8535,,3226.5,-2504.85
20.5678,9.47072,,878.789,17394.3,-1.91864e+06,,-15.4298,-3.85642,,-620.914,1919.62
20.7892,8.29214,,1029.82,41290.3,735987,,-0.994129,-31.7856,,1127.97,-1318.16
21.3647,9.72581,,1215.27,-26098.2,9.39515e+06,,-28.5735,-25.316,,-3307.95,6221.77
18.7685,9.01831,,1103.52,-51455.4,3.19995e+06,,-83.9555,-77.1109,,-6882.5,382.608
20.9494,12.817,,1337.04,-22310,2.13976e+07,,23.4497,91.5804,,12969.8,-2167.75
20.0725,13.1578,,1412.04,-29578.7,3.28541e+07,,-12.3453,71.9841,,-5605.89,-11164.1
21.4687,11.5463,,1241.22,-38301.4,1.14064e+07,,-28.235,0.152694,,-7028.25,-4833.66
19.7897,13.7088,,1338.42,12628,2.15764e+07,,-6.6763,80.8675,,-6682.15,3620.05
20.5426,13.1448,,1403.56,-6249.22,3.13634e+07,,-2.28819,36.6664,,12853.4,-29.3938
20.5945,14.2014,,1054.75,62417.2,1.4577e+06,,-31.5284,7.05,,8678.53,4741.15
20.7601,15.3821,,1027.98,-48062.6,686931,,8.4325,1.76824,,3324.24,1644.21
20.748,16.2183,,1086.35,-7303.98,2.53238e+06,,-7.11785,69.8656,,-1314.75,1588.77
20.9674,16.5108,,1065.69,11348.9,1.80846e+06,,9.85751,34.3294,,-2427.98,1567.52
20.7964,17.0219,,904.929,38859,-1.62152e+06,,25.2572,-3.14505,,-1111.7,879.211
20.7212,18.1794,,1004.44,-10594.2,101578,,25.8049,18.5122,,-2088.85,-5029.34
20.4972,18.0784,,948.891,-19610.8,-990679,,17.4877,4.99243,,-1723.58,-3273.5
20.8262,18.6762,,1214.49,-14441.9,9.3388e+06,,39.6389,10.1809,,-3494.88,-5953.21
20.7105,19.4527,,1158.25,-70599.4,5.79066e+06,,16.8518,28.4367,,-1471.09,4346.32
20.0702,19.7801,,1141.39,-14941.3,4.91142e+06,,-33.3839,64.9314,,2788.1,-1137.39
19.9097,19.8405,,1159.78,9236.36,5.87422e+06,,-62.553,41.9896,,3025.48,-2618
20.2547,20.994,,988.027,34995.8,-260627,,-38.6735,65.2,,2753.84,2721.65
20.0717,21.6792,,937.168,32877.3,-1.17674e+06,,-10.9456,22.466,,1180.61,574.51
18.9961,22.2923,,1106.68,18274.1,3.32999e+06,,-19.6813,31.8348,,3029.31,-931.875
19.0887,22.5571,,1056.18,1130.63,1.50227e+06,,-16.599,35.6845,,2224.8,-153.722
19.6852,23.5238,,1162.96,3765.94,6.0504e+06,,-31.2946,57.4611,,-1080.53,-1922.01
20.8281,24.9701,,780.623,6737.69,-2.65392e+06,,22.8962,39.5681,,1632.51,-2694.68
20.9885,24.8074,,913.348,18461.9,-1.51424e+06,,27.2666,23.2595,,538.415,393.883
19.8275,23.7439,,1221.14,7246.31,9.82838e+06,,-18.2593,46.2178,,653.221,2346.23
19.6936,24.8416,,948.355,20821,-999495,,-2.99313,29.3343,,1256.3,1554.82
20.5,-1.5,,1010.33,0,240345,,0,0,,0,0
20.5,-1,,1010.12,0,235440,,0,0,,0,0
20.5,-0.5,,1009.92,0,230535,,0,0,,0,0
21.2657,-1.77571,,1024.97,-79705.4,607300,,-5.34166,-93.6039,,-1234.84,-3750.12
21.816,-1.37567,,1366.68,-30384.2,2.54821e+07,,53.6231,-66.5553,,-1950.33,-7834.09
21.4721,0.970456,,1280.26,-9489.14,1.49481e+07,,-33.5134,37.8866,,2038.79,2286.32
21.6866,0.805068,,1345.7,-15756.8,2.25365e+07,,-16.1989,8.95912,,4782.34,-2457.67
22.0314,1.63103,,1311.63,-458.754,1.83036e+07,,16.0907,62.2872,,1067.46,4073.28
21.0738,1.58187,,1079.79,14452.8,2.29345e+06,,-22.3843,-20.7081,,-1316.68,6352.18
20.9026,2.92047,,933.38,34106,-1.23395e+06,,-23.2029,-19.1708,,187.511,828.705
21.164,1.11938,,1249.81,28851.3,1.21302e+07,,-17.6059,-65.7978,,-1704.15,6156.55
21.7494,5.47199,,1516.52,5119.36,5.62394e+07,,71.8356,50.0171,,-10830.3,-3051.66
20.5669,3.47531,,993.816,22940.1,-136965,,-6.70775,-59.9046,,1794.38,-732.144
22.0656,4.6277,,1500.68,9782.44,5.20241e+07,,53.1217,-26.5013,,-9588.71,-7721.59
21.2605,5.21736,,1168.47,-54836.8,6.36222e+06,,10.9068,-11.9332,,-13820.7,-4332.41
21.0044,6.02557,,1157.27,-10342.4,5.73764e+06,,3.25038,61.4228,,-12903.1,1271.9
21.7774,6.00386,,1408.2,3195,3.21723e+07,,11.9633,-6.49343,,-4723.31,2404.02
21.5993,6.34106,,1350.74,10720.7,2.32185e+07,,1.09963,-5.93801,,-10819.3,5909.77
21.4807,7.15126,,1136.34,3897.91,4.66268e+06,,-16.67,2.04535,,-5863.87,5883.7
21.492,7.68454,,1083.84,2400.17,2.43996e+06,,-36.8017,-1.84705,,-2474.93,2497.66
21.5226,8.71421,,1149.4,13023.5,5.31969e+06,,-12.1899,-6.92482,,-2058.25,-3077.46
21.4961,9.1619,,1232.36,-5685.46,1.06909e+07,,-11.5822,-23.2257,,-2179.83,-32.0488
20.9785,9.30385,,1101.7,-4196.9,3.12623e+06,,-58.7915,-39.4247,,-3324.24,1272.88
21.4317,9.69958,,1158.05,-21652.3,5.77992e+06,,-21.7758,-31.6944,,-1873.6,4801.29
20.8648,9.51265,,1047.83,14097.9,1.24708e+06,,-37.8224,-62.2051,,-3152.9,2733.82
20.4299,10.54,,585.82,18893.2,-3.14696e+06,,-1.66178,-38.0585,,235.766,-861.144
21.7176,11.9504,,1283.47,-24220.2,1.52691e+07,,-1.39894,45.8888,,-4765.53,1348.67
20.9252,12.2697,,1021.49,1095.91,517216,,-21.5486,11.4998,,1044.55,-6042.22
21.128,11.9697,,1013.51,-9795.81,317566,,-31.2346,-11.1316,,-1939.1,-3422.12
20.9462,12.9239,,1089.38,11358.6,2.64556e+06,,-19.3815,0.673298,,10259.8,-812.618
19.9753,14.8054,,1202.04,74465.3,8.4647e+06,,-104.056,12.8756,,722.549,3090.64
21.1605,14.5104,,876.497,-9977.65,-1.94228e+06,,13.9042,-55.9232,,3405.44,-168.684
20.7472,16.2001,,1051.73,-9258.02,1.36464e+06,,-20.1558,70.2014,,-1172.3,1656.17
21.0933,16.3837,,1038.88,-811.278,986345,,-4.99762,57.8349,,-2114.96,622.357
20.8901,17.148,,907.628,21589,-1.58778e+06,,-12.2212,-6.30399,,-1554.98,623.849
21.0873,18.0481,,958.973,-7353.84,-819229,,1.88303,26.7323,,-1334.21,-4189.78
20.9772,17.4504,,858.312,1356.69,-2.11714e+06,,-10.575,-8.63989,,-1357.47,-627.663
21.2017,18.7166,,1230.14,13220.6,1.05167e+07,,40.3707,36.1307,,847.892,-5052.63
21.1783,19.0988,,1234.73,-3062.19,1.08792e+07,,61.3736,1.25726,,1623.78,2025.92
20.8506,19.5453,,1183.23,-64693.4,7.24274e+06,,26.9535,23.0381,,220.587,6559.99
20.6018,20.1765,,959.204,-47914.9,-815171,,-11.5656,61.7495,,2260.04,3072.69
21.3519,21.235,,957.925,-16512.5,-837561,,27.4115,50.4133,,-1389.28,-946.424
21.1658,21.5891,,1001.96,-27626.8,44414.8,,2.03638,45.9895,,-1871.74,-1122.57
20.8972,22.2833,,1036.92,-41638,931093,,-17.232,29.3281,,-1701.92,-1198.94
20.7958,22.7604,,1027.98,-47391,686912,,-24.7614,70.5775,,-1210.88,-962.302
21.8756,22.6765,,1155.94,-3904.11,5.66533e+06,,53.9305,51.6983,,478.674,1197.48
21.0432,24.1967,,1064.9,6010.87,1.78231e+06,,15.3301,51.9864,,141.04,2096.35
17.9038,23.6846,,947.433,-38421.8,-1.01457e+06,,-27.8997,47.2537,,-1658.44,-1296.96
18.697,23.7409,,1057.73,-3146.52,1.55108e+06,,3.16694,39.9559,,-1269.32,-493.687
18.7297,24.6109,,1253.19,8364.08,1.2423e+07,,25.1037,29.8245,,5823,-403.893
21,-1.5,,1010.33,0,240345,,0,0,,0,0
21,-1,,1010.12,0,235440,,0,0,,0,0
21,-0.5,,1009.92,0,230535,,0,0,,0,0
23.5673,-0.548906,,537.432,-60052.6,-3.18154e+06,,53.9502,41.9578,,-8690.88,-524.629
22.7911,-1.01479,,1169.64,29409.6,6.42951e+06,,-131.761,90.1249,,5497.35,842.879
23.778,0.676773,,335.434,-16827.4,-3.22175e+06,,39.0382,6.08192,,-13693.9,-1962.52
21.0995,0.81659,,1298.92,13035.5,1.68855e+07,,-43.0605,22.7868,,-1440.22,734.487
20.3494,1.83563,,1059.44,22834.5,1.60546e+06,,-16.8236,-17.115,,264.617,3470.37
21.6138,1.6094,,1163.71,1220.23,6.09228e+06,,-10.2586,-15.9803,,-785.758,6119.78
24.4264,2.77311,,222.038,-2316.78,-3.2232e+06,,34.74,11.368,,-10181.8,1744.93
21.8354,2.78158,,1089.44,-21083.8,2.64782e+06,,-33.4287,-44.8655,,-2974.24,459.178
22.1472,4.34758,,1424.26,10625.4,3.50974e+07,,23.1805,-14.7071,,-4399.09,-14316.4
23.6031,4.58385,,659.074,-26896.3,-3.04917e+06,,55.5494,13.1816,,-4854.83,-1928.53
22.246,4.76625,,1508.9,8183.77,5.41784e+07,,85.1899,3.23834,,6283.3,-339.807
21.5134,5.13469,,1314.9,-34382,1.86821e+07,,34.9112,-19.7006,,-15569.7,-6442.43
21.8366,5.94462,,1450.8,6158.09,4.03826e+07,,26.5669,-0.304256,,-2077.26,1180.59
22.9196,5.47105,,1194.54,-40659.3,7.96333e+06,,91.2575,-54.6192,,11246.6,1414.76
21.8115,6.65913,,1376.56,580.802,2.69664e+07,,-19.7953,-7.01886,,-3084.18,7644.17
22.0694,7.25127,,1290.72,-7693.61,1.60134e+07,,15.2068,3.14265,,2668.69,6846.49
23.5715,7.39069,,618.724,-69443.7,-3.1114e+06,,113.59,-42.8994,,-5220.39,-2550.11
21.8927,8.39784,,1237.59,3259.8,1.11094e+07,,-21.7844,1.10425,,-2334.13,-2846.72
21.4781,9.03042,,1198.69,-4215.25,8.23826e+06,,-21.0124,-30.4656,,-2300.73,-1686.25
23.098,9.84654,,1127.51,-99642.1,4.24366e+06,,105.539,-29.503,,6182.74,435.591
21.1851,11.122,,824.091,-42037,-2.39128e+06,,-80.0015,29.6592,,-1373.63,-1303.55
21.8463,10.5673,,1079.72,-47783.4,2.29089e+06,,-20.5619,-13.4779,,-2624.78,-631.021
22.4613,11.2133,,1409.95,-4226.24,3.24817e+07,,64.7025,5.73742,,758.57,-3847.81
24.0185,11.5382,,519.963,-59047,-3.19016e+06,,122.602,-22.0556,,-5049.54,-3470.28
21.9336,12.017,,1344.56,-15924.8,2.23839e+07,,4.84679,29.7409,,-2907.13,4469.26
20.5406,12.3785,,1070.43,-36809.6,1.96711e+06,,-58.1211,-38.1919,,-249.287,-10298.1
21.5179,13.8223,,792.014,18397.9,-2.59316e+06,,-10.0272,23.3637,,4116.35,2214.65
24.1666,14.1313,,361.113,-22304.3,-3.2207e+06,,103.339,-7.73541,,-1425.61,-3747.95
21.5639,15.0712,,950.218,-17044,-968727,,5.31066,-17.2771,,1389.96,-988.454
22.0341,15.5371,,1123.54,8650.99,4.06176e+06,,36.691,0.599152,,-1014.61,-1755.54
22.0336,16.4159,,1199.56,10183,8.29657e+06,,30.4112,27.6024,,227.718,-2602.78
22.0459,17.1994,,1244.78,36676.3,1.17028e+07,,25.5881,-0.486706,,-1261.74,2025.07
21.9387,18.2817,,1171.63,18051.5,6.54547e+06,,34.7768,62.1109,,1208.72,-1801.34
21.7514,17.5576,,1090.02,10556,2.66993e+06,,15.4698,4.37647,,-2451.73,963.515
21.6846,18.6391,,1189.49,38497.8,7.6369e+06,,37.748,65.5602,,3004.43,-2313.8
21.36,19.1322,,1195.34,13767.7,8.01589e+06,,55.0369,13.5049,,3744.22,2573.32
21.5765,19.5991,,1128.34,29650.2,4.28239e+06,,90.4296,7.70392,,2598.53,4807.56
21.4306,20.1729,,917.946,-3762.49,-1.4531e+06,,62.6742,36.9483,,1382.56,2257.64
20.5329,21.2892,,976.227,13546.8,-499624,,-44.0981,69.0494,,318.667,751.803
21.0627,21.4387,,978.527,-23959.6,-454370,,-2.93523,50.9707,,-1329.13,-753.695
21.4219,22.8126,,1119.4,-9647.05,3.87564e+06,,41.8975,84.1259,,-1256.88,-68.4773
20.5945,22.5014,,972.317,-42223.1,-575066,,-24.1259,38.1085,,-942.946,-1349.15
20.1453,21.998,,849.785,5931.71,-2.1918e+06,,-42.0934,-8.27379,,945.328,-1219.85
20.6991,24.1301,,1019.76,220.935,473202,,3.90389,53.0162,,1053.35,2238.62
21.4527,23.968,,1092.39,9931.16,2.76002e+06,,20.3962,34.1547,,-157.088,1743.95
21.3207,24.8634,,918.851,3434.75,-1.44085e+06,,0.163357,47.6958,,-695.007,-111.728
22.025,24.0671,,1130.68,8017.48,4.39202e+06,,14.784,1.40059,,3312.59,2832.44
21.5,-1.5,,1010.33,0,240345,,0,0,,0,0
21.5,-1,,1010.12,0,235440,,0,0,,0,0
21.5,-0.5,,1009.92,0,230535,,0,0,,0,0
22.4534,-2.04396,,584.247,60172.6,-3.14839e+06,,9.41304,30.9324,,238.089,7741.88
22.9536,-1.44969,,1025.58,-96164.3,623360,,38.6973,-60.7626,,2381.8,-1439.09
23.2603,-0.957455,,915.249,-96689.9,-1.48919e+06,,62.2293,-18.5991,,582.379,1425.33
22.4722,-1.76359,,964.954,-84590.8,-712294,,-84.8815,-116.797,,2136.36,-2934.26
22.2263,0.338597,,1132.08,-12362.7,4.45827e+06,,-13.7599,-46.2756,,4504.63,-2579.52
23.2489,4.20139,,914.799,13440.8,-1.49514e+06,,-16.0446,84.4434,,3427.79,-782.69
23.347,3.98896,,850.333,-18205.6,-2.18714e+06,,8.42158,44.141,,463.923,109.413
23.1787,3.19924,,942.548,-6535.34,-1.09308e+06,,-15.3249,-14.3037,,3527.25,-541.706
20.8689,3.35872,,852.289,28782.3,-2.17034e+06,,-34.3039,-25.1329,,-530.951,-1229.27
23.2633,2.94171,,889.85,-66182.5,-1.79926e+06,,51.3753,-47.3566,,3273.23,49.0098
22.5401,2.02068,,1123.53,10977,4.06091e+06,,-19.3118,-131.178,,3088.19,760.923
23.6537,6.64935,,521.745,25873.9,-3.18936e+06,,-37.7395,59.1897,,-9867.07,-407.622
22.9987,6.71276,,1025.34,14792.6,617150,,-26.2179,2.91022,,5775.53,881.646
22.9914,6.07698,,1115.89,-16406,3.72125e+06,,37.6354,-13.9984,,7941.75,1684.46
23.4383,5.9363,,650.977,86949.8,-3.0636e+06,,-88.7478,-35.0841,,-5125.15,2890.54
22.8561,9.32505,,1183.24,14771.1,7.24323e+06,,-22.8572,27.9137,,6854.21,-1117.63
22.9324,8.62398,,1124.44,-47037.8,4.10266e+06,,47.721,14.3805,,7941.18,-1291.1
22.7362,8.6112,,1149.85,56541.9,5.34269e+06,,-141.847,32.8167,,5124.4,-1868.05
23.9412,8.86563,,255.546,16515.1,-3.22306e+06,,-32.9377,-58.8443,,-26106.7,590.627
23.1302,10.8794,,1000.02,-36197.2,384.16,,59.2933,53.722,,4249.75,855.362
22.6678,9.64493,,1256.4,208.388,1.27056e+07,,-6.17994,-48.8449,,2687.37,2290.62
24.0938,11.3225,,411.692,-12144.6,-3.21682e+06,,45.1689,61.8302,,-9496.81,3131.65
23.0228,12.3076,,906.473,67451.3,-1.60229e+06,,-96.5429,15.241,,845.176,-20.5389
22.9623,11.9919,,1096.08,-30757.8,2.90292e+06,,42.0969,13.9824,,5404.92,1235.36
23.1868,11.2994,,914.362,64942.6,-1.50092e+06,,-89.4049,-36.3795,,4399.69,580.838
24.694,13.2769,,237.935,1924.59,-3.22315e+06,,76.6194,10.4565,,-4167.27,5970.64
22.784,14.9847,,1039.54,21491.6,1.00523e+06,,-25.2095,61.8182,,2160,304.554
22.5884,13.7154,,959.715,12093.7,-806192,,-78.222,-23.5141,,-301.444,70.2444
23.8502,15.2874,,443.655,-42176.9,-3.21238e+06,,64.2277,72.5443,,-9654.65,3488.48
23.3693,16.2687,,646.684,69491.2,-3.07083e+06,,-114.719,67.4729,,-230.97,-1787.32
23.1503,15.5048,,863.35,34327.6,-2.07088e+06,,-48.5879,-14.0742,,2035.18,1425.29
23.9559,16.2865,,349.882,-11000.8,-3.22122e+06,,3.34138,-40.3323,,-15264.3,-3562.7
23.7582,17.6302,,398.383,-25008.6,-3.21815e+06,,30.2909,24.4136,,-14059.6,-818.564
22.9359,17.5254,,955.337,49912.6,-882316,,-78.3217,-10.2792,,3312.05,482.298
23.1096,18.1486,,947.374,-58296.1,-1.01554e+06,,65.3141,8.24289,,1443.07,-1633.42
22.9155,19.1691,,979.167,-15466.7,-441680,,34.6475,36.3739,,810.773,917.399
23.3881,19.9737,,544.244,28192.4,-3.1777e+06,,-29.9695,34.7155,,-8861.41,-249.075
22.0395,20.1705,,1047.43,26473.5,1.23504e+06,,35.6267,13.9949,,630.301,872.015
21.7615,21.136,,1055.21,-3815.85,1.47215e+06,,20.6379,32.9406,,-1703.93,-2249.3
23.2602,21.2707,,674.67,-23231.5,-3.0182e+06,,32.279,29.3594,,-4965.53,-767.533
22.2587,21.8412,,1238.35,7521,1.11717e+07,,33.6922,37.929,,2202.35,-276.764
21.3812,22.898,,1103.88,-13104.7,3.21483e+06,,8.33957,86.1772,,-1206.69,266.39
21.8567,23.5567,,1041.17,12273.9,1.05182e+06,,10.1,71.7716,,1144.85,710.669
21.8168,24.0541,,949.742,21540.1,-976629,,-21.2101,30.3454,,-335.464,1398.3
21.7689,23.896,,1030.36,8097.8,750565,,26.8403,12.2535,,572.022,1523.5
21.8886,23.5518,,1071.56,18454.1,2.00558e+06,,4.64178,7.14962,,1609.77,755.447
21.9466,24.9681,,763.628,-729.702,-2.73523e+06,,9.0376,36.1285,,-3311.24,-1933.46
22,-1.5,,1010.33,0,240345,,0,0,,0,0
22,-1,,1010.12,0,235440,,0,0,,0,0
22,-0.5,,1009.92,0,230535,,0,0,,0,0
22,0,,1009.71,0,225630,,0,0,,0,0
22,0.5,,1009.51,0,220725,,0,0,,0,0
22,1,,1009.3,0,215820,,0,0,,0,0
22,1.5,,1009.1,0,210915,,0,0,,0,0
22,2,,1008.89,0,206010,,0,0,,0,0
22,2.5,,1008.68,0,201105,,0,0,,0,0
22,3,,1008.48,0,196200,,0,0,,0,0
22,3.5,,1008.27,0,191295,,0,0,,0,0
22,4,,1008.06,0,186390,,0,0,,0,0
22,4.5,,1007.86,0,181485,,0,0,,0,0
22,5,,1007.65,0,176580,,0,0,,0,0
22,5.5,,1007.44,0,171675,,0,0,,0,0
22,6,,1007.23,0,166770,,0,0,,0,0
22,6.5,,1007.02,0,161865,,0,0,,0,0
22,7,,1006.82,0,156960,,0,0,,0,0
22,7.5,,1006.61,0,152055,,0,0,,0,0
22,8,,1006.4,0,147150,,0,0,,0,0
22,8.5,,1006.19,0,142245,,0,0,,0,0
22,9,,1005.98,0,137340,,0,0,,0,0
22,9.5,,1005.77,0,132435,,0,0,,0,0
22,10,,1005.56,0,127530,,0,0,,0,0
22,10.5,,1005.35,0,122625,,0,0,,0,0
22,11,,1005.14,0,117720,,0,0,,0,0
22,11.5,,1004.93,0,112815,,0,0,,0,0
22,12,,1004.72,0,107910,,0,0,,0,0
22,12.5,,1004.5,0,103005,,0,0,,0,0
22,13,,1004.29,0,98100,,0,0,,0,0
22,13.5,,1004.08,0,93195,,0,0,,0,0
22,14,,1003.87,0,88290,,0,0,,0,0
22,14.5,,1003.66,0,83385,,0,0,,0,0
22,15,,1003.44,0,78480,,0,0,,0,0
22,15.5,,1003.23,0,73575,,0,0,,0,0
22,16,,1003.02,0,68670,,0,0,,0,0
22,16.5,,1002.8,0,63765,,0,0,,0,0
22,17,,1002.59,0,58860,,0,0,,0,0
22,17.5,,1002.37,0,53955,,0,0,,0,0
22,18,,1002.16,0,49050,,0,0,,0,0
22,18.5,,1001.95,0,44145,,0,0,,0,0
22,19,,1001.73,0,39240,,0,0,,0,0
22,19.5,,1001.51,0,34335,,0,0,,0,0
22,20,,1001.3,0,29430,,0,0,,0,0
22,20.5,,1001.08,0,24525,,0,0,,0,0
22,21,,1000.87,0,19620,,0,0,,0,0
22,21.5,,1000.65,0,14715,,0,0,,0,0
22,22,,1000.43,0,9810,,0,0,,0,0
22,22.5,,1000.22,0,4905,,0,0,,0,0
22,23,,1000,0,0,,0,0,,0,0
22.5,-1.5,,1010.33,0,240345,,0,0,,0,0
22.5,-1,,1010.12,0,235440,,0,0,,0,0
22.5,-0.5,,1009.92,0,230535,,0,0,,0,0
22.5,0,,1009.71,0,225630,,0,0,,0,0
22.5,0.5,,1009.51,0,220725,,0,0,,0,0
22.5,1,,1009.3,0,215820,,0,0,,0,0
22.5,1.5,,1009.1,0,210915,,0,0,,0,0
22.5,2,,1008.89,0,206010,,0,0,,0,0
22.5,2.5,,1008.68,0,201105,,0,0,,0,0
22.5,3,,1008.48,0,196200,,0,0,,0,0
22.5,3.5,,1008.27,0,191295,,0,0,,0,0
22.5,4,,1008.06,0,186390,,0,0,,0,0
22.5,4.5,,1007.86,0,181485,,0,0,,0,0
22.5,5,,1007.65,0,176580,,0,0,,0,0
22.5,5.5,,1007.44,0,171675,,0,0,,0,0
22.5,6,,1007.23,0,166770,,0,0,,0,0
22.5,6.5,,1007.02,0,161865,,0,0,,0,0
22.5,7,,1006.82,0,156960,,0,0,,0,0
22.5,7.5,,1006.61,0,152055,,0,0,,0,0
22.5,8,,1006.4,0,147150,,0,0,,0,0
22.5,8.5,,1006.19,0,142245,,0,0,,0,0
22.5,9,,1005.98,0,137340,,0,0,,0,0
22.5,9.5,,1005.77,0,132435,,0,0,,0,0
22.5,10,,1005.56,0,127530,,0,0,,0,0
22.5,10.5,,1005.35,0,122625,,0,0,,0,0
22.5,11,,1005.14,0,117720,,0,0,,0,0
22.5,11.5,,1004.93,0,112815,,0,0,,0,0
22.5,12,,1004.72,0,107910,,0,0,,0,0
22.5,12.5,,1004.5,0,103005,,0,0,,0,0
22.5,13,,1004.29,0,98100,,0,0,,0,0
22.5,13.5,,1004.08,0,93195,,0,0,,0,0
22.5,14,,1003.87,0,88290,,0,0,,0,0
22.5,14.5,,1003.66,0,83385,,0,0,,0,0
22.5,15,,1003.44,0,78480,,0,0,,0,0
22.5,15.5,,1003.23,0,73575,,0,0,,0,0
22.5,16,,1003.02,0,68670,,0,0,,0,0
22.5,16.5,,1002.8,0,63765,,0,0,,0,0
22.5,17,,1002.59,0,58860,,0,0,,0,0
22.5,17.5,,1002.37,0,53955,,0,0,,0,0
22.5,18,,1002.16,0,49050,,0,0,,0,0
22.5,18.5,,1001.95,0,44145,,0,0,,0,0
22.5,19,,1001.73,0,39240,,0,0,,0,0
22.5,19.5,,1001.51,0,34335,,0,0,,0,0
22.5,20,,1001.3,0,29430,,0,0,,0,0
22.5,20.5,,1001.08,0,24525,,0,0,,0,0
22.5,21,,1000.87,0,19620,,0,0,,0,0
22.5,21.5,,1000.65,0,14715,,0,0,,0,0
22.5,22,,1000.43,0,9810,,0,0,,0,0
22.5,22.5,,1000.22,0,4905,,0,0,,0,0
22.5,23,,1000,0,0,,0,0,,0,0
23,-1.5,,1010.33,0,240345,,0,0,,0,0
23,-1,,1010.12,0,235440,,0,0,,0,0
23,-0.5,,1009.92,0,230535,,0,0,,0,0
23,0,,1009.71,0,225630,,0,0,,0,0
23,0.5,,1009.51,0,220725,,0,0,,0,0
23,1,,1009.3,0,215820,,0,0,,0,0
23,1.5,,1009.1,0,210915,,0,0,,0,0
23,2,,1008.89,0,206010,,0,0,,0,0
23,2.5,,1008.68,0,201105,,0,0,,0,0
23,3,,1008.48,0,196200,,0,0,,0,0
23,3.5,,1008.27,0,191295,,0,0,,0,0
23,4,,1008.06,0,186390,,0,0,,0,0
23,4.5,,1007.86,0,181485,,0,0,,0,0
23,5,,1007.65,0,176580,,0,0,,0,0
23,5.5,,1007.44,0,171675,,0,0,,0,0
23,6,,1007.23,0,166770,,0,0,,0,0
23,6.5,,1007.02,0,161865,,0,0,,0,0
23,7,,1006.82,0,156960,,0,0,,0,0
23,7.5,,1006.61,0,152055,,0,0,,0,0
23,8,,1006.4,0,147150,,0,0,,0,0
23,8.5,,1006.19,0,142245,,0,0,,0,0
23,9,,1005.98,0,137340,,0,0,,0,0
23,9.5,,1005.77,0,132435,,0,0,,0,0
23,10,,1005.56,0,127530,,0,0,,0,0
23,10.5,,1005.35,0,122625,,0,0,,0,0
23,11,,1005.14,0,117720,,0,0,,0,0
23,11.5,,1004.93,0,112815,,0,0,,0,0
23,12,,1004.72,0,107910,,0,0,,0,0
23,12.5,,1004.5,0,103005,,0,0,,0,0
23,13,,1004.29,0,98100,,0,0,,0,0
23,13.5,,1004.08,0,93195,,0,0,,0,0
23,14,,1003.87,0,88290,,0,0,,0,0
23,14.5,,1003.66,0,83385,,0,0,,0,0
23,15,,1003.44,0,78480,,0,0,,0,0
23,15.5,,1003.23,0,73575,,0,0,,0,0
23,16,,1003.02,0,68670,,0,0,,0,0
23,16.5,,1002.8,0,63765,,0,0,,0,0
23,17,,1002.59,0,58860,,0,0,,0,0
23,17.5,,1002.37,0,53955,,0,0,,0,0
23,18,,1002.16,0,49050,,0,0,,0,0
23,18.5,,1001.95,0,44145,,0,0,,0,0
23,19,,1001.73,0,39240,,0,0,,0,0
23,19.5,,1001.51,0,34335,,0,0,,0,0
23,20,,1001.3,0,29430,,0,0,,0,0
23,20.5,,1001.08,0,24525,,0,0,,0,0
23,21,,1000.87,0,19620,,0,0,,0,0
23,21.5,,1000.65,0,14715,,0,0,,0,0
23,22,,1000.43,0,9810,,0,0,,0,0
23,22.5,,1000.22,0,4905,,0,0,,0,0
23,23,,1000,0,0,,0,0,,0,0
