dx/h :,0.5
dy/h :,0.5
L2normdrhodt
22.8152

t,0.04
x,y,,rho,drhodt,pressure,,u,v,,dudt,dvdt
-1.5,-1.5,,1010.33,0,240345,,0,0,,0,0
-1.5,-1,,1010.12,0,235440,,0,0,,0,0
-1.5,-0.5,,1009.92,0,230535,,0,0,,0,0
-1.5,0,,1009.71,0,225630,,0,0,,0,0
-1.5,0.5,,1009.51,0,220725,,0,0,,0,0
-1.5,1,,1009.3,0,215820,,0,0,,0,0
-1.5,1.5,,1009.1,0,210915,,0,0,,0,0
-1.5,2,,1008.89,0,206010,,0,0,,0,0
-1.5,2.5,,1008.68,0,201105,,0,0,,0,0
-1.5,3,,1008.48,0,196200,,0,0,,0,0
-1.5,3.5,,1008.27,0,191295,,0,0,,0,0
-1.5,4,,1008.06,0,186390,,0,0,,0,0
-1.5,4.5,,1007.86,0,181485,,0,0,,0,0
-1.5,5,,1007.65,0,176580,,0,0,,0,0
-1.5,5.5,,1007.44,0,171675,,0,0,,0,0
-1.5,6,,1007.23,0,166770,,0,0,,0,0
-1.5,6.5,,1007.02,0,161865,,0,0,,0,0
-1.5,7,,1006.82,0,156960,,0,0,,0,0
-1.5,7.5,,1006.61,0,152055,,0,0,,0,0
-1.5,8,,1006.4,0,147150,,0,0,,0,0
-1.5,8.5,,1006.19,0,142245,,0,0,,0,0
-1.5,9,,1005.98,0,137340,,0,0,,0,0
-1.5,9.5,,1005.77,0,132435,,0,0,,0,0
-1.5,10,,1005.56,0,127530,,0,0,,0,0
-1.5,10.5,,1005.35,0,122625,,0,0,,0,0
-1.5,11,,1005.14,0,117720,,0,0,,0,0
-1.5,11.5,,1004.93,0,112815,,0,0,,0,0
-1.5,12,,1004.72,0,107910,,0,0,,0,0
-1.5,12.5,,1004.5,0,103005,,0,0,,0,0
-1.5,13,,1004.29,0,98100,,0,0,,0,0
-1.5,13.5,,1004.08,0,93195,,0,0,,0,0
-1.5,14,,1003.87,0,88290,,0,0,,0,0
-1.5,14.5,,1003.66,0,83385,,0,0,,0,0
-1.5,15,,1003.44,0,78480,,0,0,,0,0
-1.5,15.5,,1003.23,0,73575,,0,0,,0,0
-1.5,16,,1003.02,0,68670,,0,0,,0,0
-1.5,16.5,,1002.8,0,63765,,0,0,,0,0
-1.5,17,,1002.59,0,58860,,0,0,,0,0
-1.5,17.5,,1002.37,0,53955,,0,0,,0,0
-1.5,18,,1002.16,0,49050,,0,0,,0,0
-1.5,18.5,,1001.95,0,44145,,0,0,,0,0
-1.5,19,,1001.73,0,39240,,0,0,,0,0
-1.5,19.5,,1001.51,0,34335,,0,0,,0,0
-1.5,20,,1001.3,0,29430,,0,0,,0,0
-1.5,20.5,,1001.08,0,24525,,0,0,,0,0
-1.5,21,,1000.87,0,19620,,0,0,,0,0
-1.5,21.5,,1000.65,0,14715,,0,0,,0,0
-1.5,22,,1000.43,0,9810,,0,0,,0,0
-1.5,22.5,,1000.22,0,4905,,0,0,,0,0
-1.5,23,,1000,0,0,,0,0,,0,0
-1,-1.5,,1010.33,0,240345,,0,0,,0,0
-1,-1,,1010.12,0,235440,,0,0,,0,0
-1,-0.5,,1009.92,0,230535,,0,0,,0,0
-1,0,,1009.71,0,225630,,0,0,,0,0
-1,0.5,,1009.51,0,220725,,0,0,,0,0
-1,1,,1009.3,0,215820,,0,0,,0,0
-1,1.5,,1009.1,0,210915,,0,0,,0,0
-1,2,,1008.89,0,206010,,0,0,,0,0
-1,2.5,,1008.68,0,201105,,0,0,,0,0
-1,3,,1008.48,0,196200,,0,0,,0,0
-1,3.5,,1008.27,0,191295,,0,0,,0,0
-1,4,,1008.06,0,186390,,0,0,,0,0
-1,4.5,,1007.86,0,181485,,0,0,,0,0
-1,5,,1007.65,0,176580,,0,0,,0,0
-1,5.5,,1007.44,0,171675,,0,0,,0,0
-1,6,,1007.23,0,166770,,0,0,,0,0
-1,6.5,,1007.02,0,161865,,0,0,,0,0
-1,7,,1006.82,0,156960,,0,0,,0,0
-1,7.5,,1006.61,0,152055,,0,0,,0,0
-1,8,,1006.4,0,147150,,0,0,,0,0
-1,8.5,,1006.19,0,142245,,0,0,,0,0
-1,9,,1005.98,0,137340,,0,0,,0,0
-1,9.5,,1005.77,0,132435,,0,0,,0,0
-1,10,,1005.56,0,127530,,0,0,,0,0
-1,10.5,,1005.35,0,122625,,0,0,,0,0
-1,11,,1005.14,0,117720,,0,0,,0,0
-1,11.5,,1004.93,0,112815,,0,0,,0,0
-1,12,,1004.72,0,107910,,0,0,,0,0
-1,12.5,,1004.5,0,103005,,0,0,,0,0
-1,13,,1004.29,0,98100,,0,0,,0,0
-1,13.5,,1004.08,0,93195,,0,0,,0,0
-1,14,,1003.87,0,88290,,0,0,,0,0
-1,14.5,,1003.66,0,83385,,0,0,,0,0
-1,15,,1003.44,0,78480,,0,0,,0,0
-1,15.5,,1003.23,0,73575,,0,0,,0,0
-1,16,,1003.02,0,68670,,0,0,,0,0
-1,16.5,,1002.8,0,63765,,0,0,,0,0
-1,17,,1002.59,0,58860,,0,0,,0,0
-1,17.5,,1002.37,0,53955,,0,0,,0,0
-1,18,,1002.16,0,49050,,0,0,,0,0
-1,18.5,,1001.95,0,44145,,0,0,,0,0
-1,19,,1001.73,0,39240,,0,0,,0,0
-1,19.5,,1001.51,0,34335,,0,0,,0,0
-1,20,,1001.3,0,29430,,0,0,,0,0
-1,20.5,,1001.08,0,24525,,0,0,,0,0
-1,21,,1000.87,0,19620,,0,0,,0,0
-1,21.5,,1000.65,0,14715,,0,0,,0,0
-1,22,,1000.43,0,9810,,0,0,,0,0
-1,22.5,,1000.22,0,4905,,0,0,,0,0
-1,23,,1000,0,0,,0,0,,0,0
-0.5,-1.5,,1010.33,0,240345,,0,0,,0,0
-0.5,-1,,1010.12,0,235440,,0,0,,0,0
-0.5,-0.5,,1009.92,0,230535,,0,0,,0,0
-0.5,0,,1009.71,0,225630,,0,0,,0,0
-0.5,0.5,,1009.51,0,220725,,0,0,,0,0
-0.5,1,,1009.3,0,215820,,0,0,,0,0
-0.5,1.5,,1009.1,0,210915,,0,0,,0,0
-0.5,2,,1008.89,0,206010,,0,0,,0,0
-0.5,2.5,,1008.68,0,201105,,0,0,,0,0
-0.5,3,,1008.48,0,196200,,0,0,,0,0
-0.5,3.5,,1008.27,0,191295,,0,0,,0,0
-0.5,4,,1008.06,0,186390,,0,0,,0,0
-0.5,4.5,,1007.86,0,181485,,0,0,,0,0
-0.5,5,,1007.65,0,176580,,0,0,,0,0
-0.5,5.5,,1007.44,0,171675,,0,0,,0,0
-0.5,6,,1007.23,0,166770,,0,0,,0,0
-0.5,6.5,,1007.02,0,161865,,0,0,,0,0
-0.5,7,,1006.82,0,156960,,0,0,,0,0
-0.5,7.5,,1006.61,0,152055,,0,0,,0,0
-0.5,8,,1006.4,0,147150,,0,0,,0,0
-0.5,8.5,,1006.19,0,142245,,0,0,,0,0
-0.5,9,,1005.98,0,137340,,0,0,,0,0
-0.5,9.5,,1005.77,0,132435,,0,0,,0,0
-0.5,10,,1005.56,0,127530,,0,0,,0,0
-0.5,10.5,,1005.35,0,122625,,0,0,,0,0
-0.5,11,,1005.14,0,117720,,0,0,,0,0
-0.5,11.5,,1004.93,0,112815,,0,0,,0,0
-0.5,12,,1004.72,0,107910,,0,0,,0,0
-0.5,12.5,,1004.5,0,103005,,0,0,,0,0
-0.5,13,,1004.29,0,98100,,0,0,,0,0
-0.5,13.5,,1004.08,0,93195,,0,0,,0,0
-0.5,14,,1003.87,0,88290,,0,0,,0,0
-0.5,14.5,,1003.66,0,83385,,0,0,,0,0
-0.5,15,,1003.44,0,78480,,0,0,,0,0
-0.5,15.5,,1003.23,0,73575,,0,0,,0,0
-0.5,16,,1003.02,0,68670,,0,0,,0,0
-0.5,16.5,,1002.8,0,63765,,0,0,,0,0
-0.5,17,,1002.59,0,58860,,0,0,,0,0
-0.5,17.5,,1002.37,0,53955,,0,0,,0,0
-0.5,18,,1002.16,0,49050,,0,0,,0,0
-0.5,18.5,,1001.95,0,44145,,0,0,,0,0
-0.5,19,,1001.73,0,39240,,0,0,,0,0
-0.5,19.5,,1001.51,0,34335,,0,0,,0,0
-0.5,20,,1001.3,0,29430,,0,0,,0,0
-0.5,20.5,,1001.08,0,24525,,0,0,,0,0
-0.5,21,,1000.87,0,19620,,0,0,,0,0
-0.5,21.5,,1000.65,0,14715,,0,0,,0,0
-0.5,22,,1000.43,0,9810,,0,0,,0,0
-0.5,22.5,,1000.22,0,4905,,0,0,,0,0
-0.5,23,,1000,0,0,,0,0,,0,0
0,-1.5,,1010.33,0,240345,,0,0,,0,0
0,-1,,1010.12,0,235440,,0,0,,0,0
0,-0.5,,1009.92,0,230535,,0,0,,0,0
-0.000122691,-0.000330445,,1009.81,4.10147,228068,,-0.00992815,-0.0167628,,-0.502634,9.35651
-9.26176e-05,0.499797,,1009.54,1.02356,221431,,-0.00726922,-0.00666902,,-0.333601,9.85363
-4.39261e-05,0.999784,,1009.33,2.04527,216405,,-0.00388395,-0.00867404,,-0.240348,9.64504
-2.14881e-05,1.49974,,1009.13,2.2561,211617,,-0.00273041,-0.0116444,,-0.266503,9.58061
-1.1222e-05,1.99974,,1008.9,1.0967,206340,,-0.00191348,-0.0110944,,-0.222229,9.70858
-8.14048e-08,2.49974,,1008.69,0.794175,201191,,-0.000694016,-0.0111114,,-0.129403,9.67794
8.26686e-06,2.99974,,1008.48,0.7374,196205,,0.000204057,-0.0117999,,-0.0708104,9.60421
1.2704e-05,3.49974,,1008.27,0.333969,191210,,0.000707298,-0.0120468,,-0.0309708,9.58839
1.52641e-05,3.99975,,1008.06,-0.0594547,186219,,0.00106011,-0.0119885,,0.011218,9.58106
1.69444e-05,4.49975,,1007.85,-0.282136,181264,,0.00132009,-0.0118972,,0.0469856,9.56136
1.7939e-05,4.99976,,1007.64,-0.434385,176332,,0.00148033,-0.0117586,,0.0703297,9.54606
1.84692e-05,5.49976,,1007.43,-0.558916,171409,,0.00156982,-0.0115462,,0.084921,9.54045
1.87584e-05,5.99977,,1007.22,-0.644176,166493,,0.00162141,-0.0112875,,0.0944904,9.53991
1.89283e-05,6.49977,,1007.01,-0.694041,161582,,0.00165202,-0.0110065,,0.100538,9.54195
1.90342e-05,6.99978,,1006.8,-0.723048,156673,,0.00167004,-0.0107122,,0.104083,9.54617
1.91067e-05,7.49979,,1006.59,-0.740588,151766,,0.00168104,-0.010409,,0.10612,9.55203
1.91633e-05,7.99979,,1006.39,-0.751128,146860,,0.00168855,-0.0101006,,0.107345,9.55882
1.92129e-05,8.4998,,1006.18,-0.757507,141955,,0.00169439,-0.00978917,,0.108138,9.56612
1.92594e-05,8.99981,,1005.97,-0.761682,137049,,0.00169945,-0.00947587,,0.108704,9.57371
1.93046e-05,9.49981,,1005.76,-0.764774,132143,,0.00170414,-0.00916121,,0.109155,9.58145
1.93493e-05,9.99982,,1005.55,-0.767333,127238,,0.00170868,-0.00884543,,0.109552,9.58929
1.9394e-05,10.4998,,1005.34,-0.769617,122333,,0.00171316,-0.00852867,,0.109923,9.59718
1.94387e-05,10.9998,,1005.12,-0.771717,117427,,0.00171762,-0.008211,,0.110278,9.60509
1.94834e-05,11.4998,,1004.91,-0.773587,112522,,0.00172204,-0.00789247,,0.110611,9.61301
1.9528e-05,11.9998,,1004.7,-0.774997,107616,,0.00172637,-0.00757318,,0.110903,9.62089
1.95719e-05,12.4999,,1004.49,-0.775375,102711,,0.00173046,-0.00725335,,0.111097,9.62868
1.96138e-05,12.9999,,1004.28,-0.773511,97805.8,,0.00173395,-0.00693348,,0.111074,9.63619
1.96505e-05,13.4999,,1004.07,-0.766973,92901,,0.00173598,-0.00661472,,0.110567,9.64311
1.96747e-05,13.9999,,1003.86,-0.750767,87997,,0.00173468,-0.00629934,,0.109036,9.64881
1.96705e-05,14.4999,,1003.64,-0.714863,83094.7,,0.00172626,-0.00599188,,0.105482,9.65227
1.96023e-05,14.9999,,1003.43,-0.642081,78195.8,,0.00170291,-0.00570222,,0.0981253,9.65155
1.93901e-05,15.4999,,1003.22,-0.508363,73303.3,,0.00164814,-0.00545059,,0.0836417,9.64287
1.8877e-05,15.9999,,1003.01,-0.276647,68423.2,,0.00153068,-0.00526818,,0.0560426,9.62057
1.77937e-05,16.4999,,1002.79,0.129488,63568,,0.00130202,-0.00519229,,0.0070881,9.58089
1.56429e-05,16.9999,,1002.58,0.822874,58754.9,,0.000890048,-0.00529815,,-0.0708277,9.52252
1.13355e-05,17.4999,,1002.38,1.81826,53995.7,,0.000151574,-0.00578116,,-0.187085,9.43029
2.95234e-06,17.9999,,1002.17,2.95618,49311.4,,-0.00117946,-0.00684454,,-0.365178,9.27434
-1.13804e-05,18.4999,,1001.97,4.35011,44790.9,,-0.00332912,-0.00826195,,-0.627565,9.0951
-3.33874e-05,18.9999,,1001.79,6.59881,40519.7,,-0.00620869,-0.00977594,,-0.920874,9.0471
-7.02597e-05,19.4998,,1001.6,8.99117,36301,,-0.00996953,-0.0128228,,-1.11865,9.11782
-0.000135651,19.9998,,1001.41,8.52225,31898.7,,-0.015884,-0.0185034,,-1.23789,8.96844
-0.000225312,20.4998,,1001.23,5.23551,27941.5,,-0.024007,-0.021381,,-1.45952,8.74611
-0.000315548,20.9997,,1001.1,5.1046,24811.5,,-0.0300935,-0.0168654,,-1.59126,9.4346
-0.000434447,21.4995,,1000.9,7.59487,20300.7,,-0.0314356,-0.0178145,,-1.00339,10.8867
-0.000692872,21.9994,,1000.62,2.71207,14059.2,,-0.0370503,-0.0274927,,0.124109,11.3898
-0.00102914,22.4997,,1000.36,-6.90365,8050.49,,-0.0524086,-0.0125001,,0.588495,10.5599
-0.00107022,22.9994,,1000.29,-31.9811,6475.07,,-0.0581593,0.0307256,,0.10514,9.66639
0.5,-1.5,,1010.33,0,240345,,0,0,,0,0
0.5,-1,,1010.12,0,235440,,0,0,,0,0
0.5,-0.5,,1009.92,0,230535,,0,0,,0,0
0.499942,-0.000333151,,1009.8,1.94497,227804,,-0.00391651,-0.0164932,,-0.0852345,9.44346
0.49996,0.499838,,1009.5,-1.91974,220612,,-0.00230595,-0.00359756,,0.0183728,9.97687
0.499983,0.999809,,1009.31,0.674313,216012,,-0.00109931,-0.00750584,,-0.00389905,9.58869
0.499988,1.49975,,1009.12,1.54463,211604,,-0.00134736,-0.0116138,,-0.0972571,9.5325
0.499991,1.99975,,1008.9,0.2774,206327,,-0.00129814,-0.010341,,-0.106129,9.76244
0.499997,2.49975,,1008.69,0.470298,201210,,-0.000694933,-0.0102563,,-0.0739436,9.7253
0.500001,2.99975,,1008.48,0.963299,196308,,-0.000259181,-0.0113353,,-0.0660043,9.62315
0.500004,3.49974,,1008.27,0.732313,191344,,-3.8643e-05,-0.0117552,,-0.0607232,9.61374
0.500005,3.99975,,1008.06,0.391528,186352,,0.000150404,-0.0117428,,-0.0420389,9.6118
0.500007,4.49975,,1007.85,0.242357,181397,,0.000312961,-0.0117259,,-0.0223236,9.5841
0.500007,4.99976,,1007.64,0.137308,176466,,0.000416613,-0.0116608,,-0.00921235,9.56015
0.500008,5.49976,,1007.43,0.0215222,171543,,0.000474885,-0.0114909,,-0.000697491,9.54981
0.500008,5.99977,,1007.23,-0.0667561,166625,,0.000509462,-0.0112545,,0.00537005,9.54621
0.500008,6.49977,,1007.02,-0.118484,161713,,0.000530425,-0.0109872,,0.00940238,9.54578
0.500008,6.99978,,1006.81,-0.148402,156804,,0.000542515,-0.0107011,,0.0117712,9.54833
0.500008,7.49979,,1006.6,-0.166623,151897,,0.000549432,-0.0104023,,0.0130898,9.55323
0.500008,7.99979,,1006.39,-0.17718,146991,,0.000553726,-0.010096,,0.0138323,9.55952
0.500008,8.4998,,1006.18,-0.182812,142085,,0.000556747,-0.00978556,,0.0142591,9.56655
0.500008,8.99981,,1005.97,-0.185738,137180,,0.000559147,-0.00947274,,0.0145124,9.57399
0.500008,9.49981,,1005.76,-0.187308,132274,,0.000561254,-0.00915828,,0.014676,9.58167
0.500008,9.99982,,1005.55,-0.188193,127369,,0.000563232,-0.00884258,,0.0147958,9.58947
0.500008,10.4998,,1005.34,-0.188706,122464,,0.000565156,-0.00852585,,0.0148938,9.59734
0.500008,10.9998,,1005.13,-0.188958,117559,,0.000567051,-0.0082082,,0.0149772,9.60524
0.500008,11.4998,,1004.92,-0.188887,112653,,0.000568911,-0.00788972,,0.0150424,9.61313
0.500008,11.9998,,1004.71,-0.188182,107748,,0.000570688,-0.00757056,,0.0150713,9.62096
0.500008,12.4999,,1004.5,-0.186092,102843,,0.00057226,-0.00725108,,0.0150204,9.62861
0.500008,12.9999,,1004.29,-0.181078,97938.1,,0.000573327,-0.00693206,,0.0147928,9.63583
0.500008,13.4999,,1004.07,-0.170139,93033.6,,0.000573197,-0.00661529,,0.0141803,9.64212
0.500008,13.9999,,1003.86,-0.147175,88130.2,,0.000570398,-0.00630428,,0.0127673,9.64653
0.500008,14.4999,,1003.65,-0.100057,83229,,0.000562025,-0.00600592,,0.00981839,9.64756
0.500008,14.9999,,1003.44,-0.00949017,78332,,0.000542258,-0.0057352,,0.00409658,9.6424
0.500008,15.4999,,1003.22,0.146948,73442.6,,0.000498899,-0.00552278,,-0.00666356,9.62545
0.500008,15.9999,,1003.01,0.401149,68567.6,,0.000409241,-0.00541398,,-0.0265196,9.58868
0.500007,16.4999,,1002.8,0.832814,63721.6,,0.00024144,-0.0054578,,-0.0604228,9.52832
0.500005,16.9999,,1002.59,1.55087,58921.8,,-4.43924e-05,-0.00575692,,-0.11052,9.44601
0.500002,17.4999,,1002.38,2.45491,54167.7,,-0.000531538,-0.00660011,,-0.177333,9.32104
0.499996,17.9999,,1002.18,3.13442,49465.8,,-0.0013901,-0.00826549,,-0.272034,9.10844
0.499987,18.4999,,1001.98,3.68885,44925,,-0.00271584,-0.0102793,,-0.405431,8.88086
0.499974,18.9999,,1001.79,5.09511,40626.4,,-0.00422107,-0.0120654,,-0.517724,8.9016
0.499955,19.4998,,1001.59,6.14004,36157.2,,-0.00568249,-0.0158514,,-0.472943,9.15104
0.499919,19.9997,,1001.37,1.88593,31051.2,,-0.00793805,-0.0235489,,-0.271082,9.03144
0.499874,20.4997,,1001.16,-6.97032,26355.8,,-0.0111914,-0.0265136,,-0.133998,8.68422
0.499848,20.9997,,1001.01,-8.80317,22879.3,,-0.0119662,-0.0167622,,-0.0578901,9.66555
0.499842,21.4994,,1000.76,-2.15311,17217.6,,-0.00692634,-0.0137807,,0.392827,11.8521
0.499797,21.9992,,1000.37,-4.99173,8328.24,,-0.00109406,-0.0326795,,1.21105,12.1129
0.499713,22.4994,,1000.03,-13.1535,741.981,,-0.00176713,-0.0405348,,1.55284,8.34311
0.499725,22.999,,1000.08,-15.7348,1893.68,,-0.00468855,-0.0238994,,1.03499,5.76485
1,-1.5,,1010.33,0,240345,,0,0,,0,0
1,-1,,1010.12,0,235440,,0,0,,0,0
1,-0.5,,1009.92,0,230535,,0,0,,0,0
0.999981,-0.000332652,,1009.8,1.85538,227752,,-0.00127251,-0.0161395,,-0.0385978,9.50259
0.999986,0.499855,,1009.5,-1.88891,220452,,-0.000888719,-0.00251481,,-0.0243133,9.99827
0.999991,0.999816,,1009.31,1.176,216063,,-0.000804385,-0.00761878,,-0.0553402,9.51225
0.999991,1.49975,,1009.13,1.67646,211712,,-0.00105413,-0.011919,,-0.0832973,9.49733
0.999993,1.99975,,1008.9,-0.0632581,206324,,-0.000844742,-0.00993948,,-0.0588524,9.7922
0.999997,2.49976,,1008.69,0.294861,201197,,-0.000415216,-0.00981409,,-0.0340772,9.73792
1,2.99975,,1008.48,0.978995,196328,,-0.000173861,-0.0111384,,-0.0322562,9.61984
1,3.49975,,1008.27,0.7073,191363,,-4.54976e-05,-0.0116118,,-0.0277666,9.62356
1,3.99975,,1008.06,0.317382,186358,,8.61983e-05,-0.0115934,,-0.0131215,9.6293
1,4.49975,,1007.85,0.177989,181397,,0.000199705,-0.0116175,,0.000801494,9.59715
1,4.99976,,1007.64,0.0782272,176465,,0.00027019,-0.0115992,,0.00967466,9.56826
1,5.49976,,1007.43,-0.0510432,171539,,0.000309997,-0.0114553,,0.0156271,9.55564
1,5.99977,,1007.23,-0.153098,166619,,0.00033415,-0.0112326,,0.0200312,9.55038
1,6.49977,,1007.02,-0.212701,161705,,0.000348749,-0.0109744,,0.0229748,9.54836
1,6.99978,,1006.81,-0.247454,156796,,0.000356845,-0.0106942,,0.0246917,9.54976
1,7.49979,,1006.6,-0.269161,151889,,0.000361122,-0.0103984,,0.0256391,9.55402
1,7.99979,,1006.39,-0.282013,146982,,0.000363455,-0.0100936,,0.0261624,9.55996
1,8.4998,,1006.18,-0.288983,142076,,0.000364827,-0.00978399,,0.0264481,9.56678
1,8.99981,,1005.97,-0.292685,137171,,0.00036572,-0.00947153,,0.0266008,9.57412
1,9.49981,,1005.76,-0.294742,132266,,0.000366381,-0.00915724,,0.0266837,9.58174
1,9.99982,,1005.55,-0.29596,127360,,0.000366935,-0.00884161,,0.0267322,9.58952
1,10.4998,,1005.34,-0.296717,122455,,0.000367442,-0.00852491,,0.026763,9.59737
1,10.9998,,1005.13,-0.297148,117550,,0.000367919,-0.00820728,,0.0267817,9.60526
1,11.4998,,1004.92,-0.297169,112644,,0.000368362,-0.00788885,,0.0267853,9.61313
1,11.9998,,1004.71,-0.296395,107739,,0.000368733,-0.0075698,,0.0267594,9.62091
1,12.4999,,1004.5,-0.29389,102834,,0.000368934,-0.00725059,,0.0266699,9.62845
1,12.9999,,1004.28,-0.287766,97929.4,,0.000368735,-0.00693224,,0.0264415,9.63545
1,13.4999,,1004.07,-0.274401,93025.2,,0.000367598,-0.00661702,,0.025914,9.64126
1,13.9999,,1003.86,-0.246445,88122.2,,0.000364392,-0.00630933,,0.0247685,9.64472
1,14.4999,,1003.65,-0.189279,83221.9,,0.000356925,-0.0060177,,0.0224493,9.64399
1,14.9999,,1003.44,-0.0802484,78326.8,,0.000340926,-0.00576068,,0.0180541,9.63572
1,15.4999,,1003.22,0.10454,73440.6,,0.000307524,-0.00557632,,0.00997253,9.61312
1,15.9999,,1003.01,0.397274,68571.3,,0.000240053,-0.00551933,,-0.0047315,9.56658
1,16.4999,,1002.8,0.890148,63736.4,,0.000115549,-0.00564271,,-0.0297265,9.49312
1,16.9999,,1002.59,1.71255,58955.5,,-9.09665e-05,-0.00605901,,-0.0662136,9.39864
1,17.4999,,1002.39,2.70924,54221.5,,-0.000428412,-0.00711795,,-0.112709,9.26032
0.999996,17.9999,,1002.18,3.29929,49532.7,,-0.00101234,-0.00915525,,-0.175408,9.01957
0.999989,18.4999,,1001.98,3.6062,45024,,-0.00193043,-0.0114824,,-0.266959,8.76875
0.999981,18.9999,,1001.8,5.07599,40808.5,,-0.00297215,-0.013148,,-0.356723,8.86156
0.99997,19.4998,,1001.6,6.4556,36352.8,,-0.00381472,-0.0168737,,-0.344803,9.29257
0.99995,19.9997,,1001.37,1.38887,31000.6,,-0.0048994,-0.0255535,,-0.202221,9.24082
0.999921,20.4997,,1001.15,-9.58573,26084,,-0.00692113,-0.0287627,,-0.104537,8.72843
0.999901,20.9997,,1001.02,-10.985,22993.1,,-0.00856384,-0.0156016,,-0.199133,9.67141
0.999903,21.4995,,1000.79,1.66109,17956.9,,-0.00755718,-0.0082305,,-0.327681,12.1653
0.999919,21.9991,,1000.41,5.96289,9283.93,,-0.00395545,-0.0282608,,-0.281292,12.5639
0.999942,22.4994,,1000.07,-0.962237,1488.98,,-0.000514493,-0.0410351,,-0.144269,8.54354
0.999981,22.9989,,1000.11,-5.04695,2501.17,,0.00161649,-0.0324523,,-0.0540418,5.83021
1.5,-1.5,,1010.33,0,240345,,0,0,,0,0
1.5,-1,,1010.12,0,235440,,0,0,,0,0
1.5,-0.5,,1009.92,0,230535,,0,0,,0,0
1.49999,-0.000334839,,1009.81,2.62089,227958,,-0.00125285,-0.0163468,,-0.114918,9.48343
1.49999,0.499858,,1009.5,-1.06079,220666,,-0.00143489,-0.00239601,,-0.13536,9.98983
1.49999,0.999817,,1009.32,1.83146,216269,,-0.00133321,-0.00765256,,-0.126274,9.50451
1.49999,1.49975,,1009.13,1.88033,211812,,-0.00104032,-0.011714,,-0.0937463,9.52503
1.5,1.99976,,1008.9,-0.0372103,206336,,-0.000587215,-0.00947919,,-0.0541614,9.82923
1.5,2.49976,,1008.69,0.425245,201199,,-0.000214101,-0.00949598,,-0.0318671,9.7505
1.5,2.99975,,1008.48,1.10123,196330,,-9.19796e-06,-0.0109842,,-0.0216188,9.62546
1.5,3.49975,,1008.27,0.706463,191344,,0.000136559,-0.0114776,,-0.00704658,9.63827
1.5,3.99975,,1008.06,0.243438,186320,,0.000271671,-0.0114676,,0.0106375,9.64557
1.5,4.49975,,1007.85,0.0825875,181351,,0.000372246,-0.0115331,,0.0240664,9.60807
1.5,4.99976,,1007.64,-0.0396174,176414,,0.000432144,-0.0115517,,0.0325361,9.57516
1.5,5.49976,,1007.43,-0.196027,171484,,0.000466921,-0.0114273,,0.0383727,9.56065
1.5,5.99977,,1007.22,-0.31753,166561,,0.000488404,-0.0112154,,0.0425647,9.55389
1.5,6.49977,,1007.01,-0.388295,161647,,0.000501344,-0.0109647,,0.0452813,9.5505
1.5,6.99978,,1006.81,-0.430057,156736,,0.000508628,-0.0106891,,0.0468782,9.55097
1.5,7.49979,,1006.6,-0.456575,151828,,0.000512698,-0.0103958,,0.0478036,9.5547
1.5,7.99979,,1006.39,-0.472609,146922,,0.000515143,-0.0100922,,0.0483589,9.56035
1.5,8.4998,,1006.18,-0.481658,142016,,0.000516777,-0.0097831,,0.0487059,9.56701
1.5,8.99981,,1005.97,-0.486834,137110,,0.000518005,-0.00947092,,0.0489372,9.57426
1.5,9.49981,,1005.76,-0.490061,132204,,0.000519038,-0.00915673,,0.0491086,9.58184
1.5,9.99982,,1005.55,-0.492294,127299,,0.000519982,-0.00884113,,0.0492509,9.5896
1.5,10.4998,,1005.34,-0.493979,122394,,0.000520886,-0.00852443,,0.0493783,9.59744
1.5,10.9998,,1005.13,-0.495275,117488,,0.000521767,-0.0082068,,0.0494957,9.60532
1.5,11.4998,,1004.92,-0.496085,112583,,0.00052262,-0.00788837,,0.0496004,9.61317
1.5,11.9998,,1004.71,-0.495943,107678,,0.000523413,-0.00756939,,0.0496802,9.62092
1.5,12.4999,,1004.49,-0.493732,102772,,0.000524063,-0.00725039,,0.0497054,9.62838
1.5,12.9999,,1004.28,-0.487197,97867.6,,0.000524376,-0.00693257,,0.0496116,9.6352
1.5,13.4999,,1004.07,-0.472039,92963.4,,0.0005239,-0.00661858,,0.0492614,9.64061
1.5,13.9999,,1003.86,-0.439567,88060.7,,0.000521675,-0.00631358,,0.0483787,9.64328
1.5,14.4999,,1003.65,-0.372433,83161.3,,0.00051583,-0.00602738,,0.0464714,9.64109
1.5,14.9999,,1003.43,-0.243631,78268,,0.000502783,-0.00578127,,0.0427374,9.63029
1.5,15.4999,,1003.22,-0.0250378,73385.1,,0.000475219,-0.00561911,,0.0357834,9.60311
1.5,15.9999,,1003.01,0.31966,68522,,0.000418997,-0.00560371,,0.0230379,9.54854
1.5,16.4999,,1002.8,0.897851,63699.3,,0.000312972,-0.0057921,,0.000817485,9.46367
1.5,16.9999,,1002.59,1.87092,58940.5,,0.000133108,-0.00630121,,-0.0334012,9.35773
1.5,17.4999,,1002.39,3.07685,54238.3,,-0.00015891,-0.00752139,,-0.0795655,9.20774
1.5,17.9999,,1002.18,3.82385,49585.5,,-0.000654727,-0.00985193,,-0.14197,8.94344
1.49999,18.4999,,1001.99,4.19659,45135.3,,-0.00147148,-0.0125018,,-0.234671,8.66015
1.49998,18.9998,,1001.81,5.96765,41045.8,,-0.00256166,-0.0142107,,-0.354185,8.76929
1.49997,19.4998,,1001.62,8.11656,36749.9,,-0.00368207,-0.0178376,,-0.443187,9.30541
1.49996,19.9997,,1001.39,3.48753,31443.7,,-0.0049089,-0.0270845,,-0.445348,9.3287
1.49993,20.4996,,1001.17,-8.34894,26487.4,,-0.00680213,-0.0312093,,-0.414863,8.71366
1.49991,20.9997,,1001.04,-10.9562,23608.2,,-0.00938199,-0.0176133,,-0.471431,9.48903
1.49988,21.4994,,1000.85,2.06587,19139.1,,-0.0118685,-0.00862016,,-0.639104,11.9709
1.49986,21.9992,,1000.5,8.88782,11261.2,,-0.0133788,-0.0258613,,-0.799793,12.6081
1.49987,22.4995,,1000.17,2.34529,3863.66,,-0.0122391,-0.0306091,,-0.766838,9.38836
1.49992,22.9991,,1000.16,-7.92557,3591.84,,-0.00793101,-0.0174593,,-0.487926,6.84684
2,-1.5,,1010.33,0,240345,,0,0,,0,0
2,-1,,1010.12,0,235440,,0,0,,0,0
2,-0.5,,1009.92,0,230535,,0,0,,0,0
1.99999,-0.000338472,,1009.81,2.74035,228065,,-0.000956629,-0.0167694,,-0.0850055,9.44635
1.99999,0.499858,,1009.51,-1.17495,220738,,-0.00111281,-0.00237845,,-0.0931921,9.9938
1.99999,0.999819,,1009.32,1.61849,216300,,-0.000938185,-0.00738652,,-0.0753132,9.53079
1.99999,1.49975,,1009.13,1.74935,211820,,-0.000640354,-0.0113281,,-0.054744,9.55624
2,1.99976,,1008.9,0.0258428,206349,,-0.000364575,-0.00912625,,-0.0422469,9.84987
2,2.49976,,1008.69,0.624441,201228,,-0.000176349,-0.00928286,,-0.0358263,9.76014
2,2.99975,,1008.48,1.28865,196356,,-4.46233e-05,-0.0108413,,-0.0266836,9.63777
2,3.49975,,1008.27,0.840803,191356,,7.89671e-05,-0.0113432,,-0.0121454,9.65536
2,3.99975,,1008.06,0.363103,186322,,0.000187426,-0.0113587,,0.00202149,9.66007
2,4.49975,,1007.85,0.199949,181349,,0.00026172,-0.0114647,,0.0119528,9.61745
2,4.99976,,1007.64,0.0627106,176409,,0.000306019,-0.011512,,0.0185685,9.58146
2,5.49976,,1007.43,-0.112403,171476,,0.00033312,-0.0114028,,0.0233993,9.56527
2,5.99977,,1007.22,-0.246513,166552,,0.00035024,-0.0112002,,0.0268322,9.55702
2,6.49977,,1007.01,-0.324535,161636,,0.00036049,-0.0109558,,0.029005,9.55239
2,6.99978,,1006.81,-0.371006,156725,,0.00036628,-0.0106841,,0.0302802,9.55207
2,7.49979,,1006.6,-0.400648,151816,,0.0003696,-0.0103928,,0.0310289,9.55536
2,7.99979,,1006.39,-0.418524,146909,,0.000371661,-0.0100902,,0.0314818,9.56076
2,8.4998,,1006.18,-0.428555,142003,,0.000373082,-0.00978162,,0.0317652,9.56728
2,8.99981,,1005.97,-0.434244,137097,,0.000374181,-0.00946968,,0.0319545,9.57445
2,9.49981,,1005.76,-0.437743,132192,,0.000375125,-0.00915561,,0.0320957,9.582
2,9.99982,,1005.55,-0.440119,127286,,0.000376,-0.00884006,,0.0322133,9.58973
2,10.4998,,1005.34,-0.441874,122381,,0.000376845,-0.00852339,,0.032319,9.59757
2,10.9998,,1005.13,-0.443187,117476,,0.000377671,-0.00820577,,0.0324166,9.60544
2,11.4998,,1004.92,-0.443948,112570,,0.000378476,-0.00788738,,0.0325039,9.61328
2,11.9998,,1004.7,-0.443627,107665,,0.000379234,-0.00756848,,0.0325709,9.62099
2,12.4999,,1004.49,-0.440959,102760,,0.000379877,-0.00724967,,0.0325933,9.62838
2,12.9999,,1004.28,-0.433391,97854.8,,0.000380252,-0.0069323,,0.0325189,9.63504
2,13.4999,,1004.07,-0.416086,92950.7,,0.000380001,-0.00661936,,0.0322375,9.64012
2,13.9999,,1003.86,-0.379331,88048.3,,0.000378358,-0.0063166,,0.031526,9.64212
2,14.4999,,1003.65,-0.303716,83149.6,,0.000373825,-0.00603494,,0.02998,9.63869
2,14.9999,,1003.43,-0.158792,78257.7,,0.000363602,-0.00579778,,0.0269433,9.62571
2,15.4999,,1003.22,0.0870057,73377.6,,0.000342164,-0.0056536,,0.021331,9.59469
2,15.9999,,1003.01,0.471912,68519.1,,0.000298686,-0.00567251,,0.0111772,9.53331
2,16.4999,,1002.8,1.1101,63705.1,,0.000215823,-0.00591689,,-0.00659585,9.43807
2,16.9999,,1002.59,2.18371,58962.5,,7.32038e-05,-0.0065059,,-0.0347642,9.32031
2,17.4999,,1002.39,3.5347,54284,,-0.000154306,-0.00785252,,-0.0736088,9.15871
2,17.9999,,1002.19,4.38842,49656.6,,-0.000521791,-0.0104124,,-0.123686,8.87602
1.99999,18.4999,,1001.99,4.71661,45234.5,,-0.00112348,-0.0133798,,-0.192606,8.56167
1.99999,18.9998,,1001.82,6.39046,41202.2,,-0.00199141,-0.0152932,,-0.286012,8.65511
1.99998,19.4998,,1001.63,8.63354,36996,,-0.00297579,-0.0189071,,-0.378815,9.23693
1.99997,19.9997,,1001.4,4.07791,31724.8,,-0.00390211,-0.0282819,,-0.416789,9.34433
1.99996,20.4996,,1001.18,-8.44521,26657.9,,-0.00481211,-0.0328664,,-0.368068,8.7663
1.99994,20.9996,,1001.04,-12.9235,23549.1,,-0.00575696,-0.0195545,,-0.250199,9.50718
1.99992,21.4994,,1000.83,-2.74274,18768.1,,-0.00670863,-0.0104886,,-0.120658,11.9294
1.99991,21.9992,,1000.47,1.79248,10697.9,,-0.00764469,-0.0267072,,-0.0463422,12.5486
1.99991,22.4996,,1000.16,-4.28943,3544.56,,-0.00765782,-0.0270364,,-0.0244559,9.39609
1.99993,22.9992,,1000.14,-13.4913,3187.12,,-0.00553127,-0.0102091,,0.00626142,6.75854
2.5,-1.5,,1010.33,0,240345,,0,0,,0,0
2.5,-1,,1010.12,0,235440,,0,0,,0,0
2.5,-0.5,,1009.92,0,230535,,0,0,,0,0
2.5,-0.000340846,,1009.82,2.70066,228090,,-0.000478567,-0.0170293,,-0.0402037,9.42887
2.5,0.499858,,1009.51,-1.39008,220730,,-0.000540822,-0.0023317,,-0.041206,10.0024
2.5,0.999821,,1009.32,1.44876,216287,,-0.000445676,-0.00718915,,-0.0340482,9.54399
2.5,1.49976,,1009.13,1.74657,211826,,-0.000331459,-0.011136,,-0.032475,9.5619
2.5,1.99976,,1008.91,0.132575,206373,,-0.000244122,-0.00898352,,-0.033784,9.85207
2.5,2.49976,,1008.69,0.740219,201255,,-0.000164737,-0.00917439,,-0.0305784,9.76594
2.5,2.99975,,1008.48,1.36633,196375,,-7.52839e-05,-0.0107336,,-0.0212284,9.6496
2.5,3.49975,,1008.27,0.899552,191366,,1.64077e-05,-0.0112407,,-0.00973102,9.66847
2.5,3.99975,,1008.06,0.424656,186328,,8.95758e-05,-0.0112831,,-0.000339377,9.66992
2.5,4.49975,,1007.85,0.258084,181353,,0.000137338,-0.0114181,,0.00618041,9.62405
2.5,4.99976,,1007.64,0.106764,176410,,0.000167008,-0.0114835,,0.0109534,9.5863
2.5,5.49976,,1007.43,-0.0819594,171475,,0.000186205,-0.0113844,,0.0145864,9.56885
2.5,5.99977,,1007.22,-0.224507,166549,,0.000198385,-0.0111889,,0.0171091,9.55939
2.5,6.49977,,1007.01,-0.307632,161632,,0.000205502,-0.0109494,,0.0186649,9.5538
2.5,6.99978,,1006.81,-0.357597,156721,,0.000209421,-0.0106805,,0.0195702,9.55288
2.5,7.49979,,1006.6,-0.389511,151813,,0.000211593,-0.0103907,,0.0200955,9.55584
2.5,7.99979,,1006.39,-0.408647,146906,,0.000212859,-0.0100888,,0.0204002,9.56105
2.5,8.4998,,1006.18,-0.41929,141999,,0.00021365,-0.00978066,,0.0205757,9.56746
2.5,8.99981,,1005.97,-0.425238,137093,,0.0002142,-0.00946892,,0.0206796,9.57457
2.5,9.49981,,1005.76,-0.428813,132188,,0.000214634,-0.00915494,,0.0207469,9.58208
2.5,9.99982,,1005.55,-0.431162,127282,,0.000215016,-0.00883943,,0.0207961,9.58981
2.5,10.4998,,1005.34,-0.432831,122377,,0.000215373,-0.00852277,,0.0208359,9.59764
2.5,10.9998,,1005.13,-0.434015,117472,,0.000215716,-0.00820517,,0.0208692,9.6055
2.5,11.4998,,1004.92,-0.434593,112566,,0.000216041,-0.0078868,,0.0208943,9.61332
2.5,11.9998,,1004.7,-0.433987,107661,,0.000216328,-0.00756797,,0.0209035,9.62101
2.5,12.4999,,1004.49,-0.430814,102756,,0.000216528,-0.00724931,,0.0208779,9.62835
2.5,12.9999,,1004.28,-0.42229,97850.9,,0.000216524,-0.00693229,,0.0207778,9.63488
2.5,13.4999,,1004.07,-0.40316,92946.9,,0.000216051,-0.00662015,,0.0205202,9.63971
2.5,13.9999,,1003.86,-0.362955,88044.8,,0.000214541,-0.00631912,,0.0199374,9.64118
2.5,14.4999,,1003.64,-0.280766,83146.6,,0.000210872,-0.00604095,,0.0187206,9.63677
2.5,14.9999,,1003.43,-0.123495,78255.8,,0.000202997,-0.00581053,,0.0163686,9.6221
2.5,15.4999,,1003.22,0.143413,73377.8,,0.000187071,-0.00567956,,0.0120972,9.58817
2.5,15.9999,,1003.01,0.559536,68522.9,,0.000155619,-0.00572374,,0.00455755,9.52173
2.5,16.4999,,1002.8,1.24119,63714.9,,9.59416e-05,-0.00601076,,-0.00848712,9.41844
2.5,16.9999,,1002.59,2.38249,58983.5,,-7.85958e-06,-0.0066606,,-0.0295235,9.2908
2.5,17.4999,,1002.39,3.83799,54322.8,,-0.000171661,-0.00809287,,-0.0592856,9.1201
2.5,17.9999,,1002.19,4.79517,49715.6,,-0.000421039,-0.0107957,,-0.0965387,8.82745
2.5,18.4999,,1002,5.12406,45311,,-0.000808552,-0.0139839,,-0.14248,8.49608
2.49999,18.9998,,1001.82,6.6644,41302.2,,-0.00138244,-0.0161039,,-0.201723,8.57255
2.49999,19.4998,,1001.64,8.78644,37141,,-0.00209582,-0.0197532,,-0.269823,9.16639
2.49998,19.9997,,1001.41,4.25113,31917.8,,-0.00278684,-0.028998,,-0.321591,9.33225
2.49997,20.4996,,1001.19,-8.21083,26849.9,,-0.00326272,-0.0333787,,-0.319042,8.84274
2.49997,20.9996,,1001.04,-12.8638,23643.2,,-0.00332922,-0.019774,,-0.228701,9.66749
2.49997,21.4994,,1000.82,-3.55704,18599.4,,-0.00295987,-0.0105836,,-0.0598055,12.1038
2.49996,21.9992,,1000.45,-0.497856,10168.9,,-0.00253812,-0.0269428,,0.0992657,12.6192
2.49996,22.4996,,1000.13,-6.65298,2999.67,,-0.00226411,-0.0269537,,0.155208,9.2414
2.49997,22.9992,,1000.13,-14.377,2885.63,,-0.00165408,-0.00895234,,0.117626,6.50649
3,-1.5,,1010.33,0,240345,,0,0,,0,0
3,-1,,1010.12,0,235440,,0,0,,0,0
3,-0.5,,1009.92,0,230535,,0,0,,0,0
3,-0.000341951,,1009.82,2.81373,228116,,-0.000243924,-0.0171522,,-0.0270609,9.41981
3,0.499859,,1009.51,-1.32625,220744,,-0.000285427,-0.00230991,,-0.0308874,10.0054
3,0.999822,,1009.32,1.54304,216304,,-0.00025877,-0.0071182,,-0.0298917,9.5459
3,1.49976,,1009.14,1.8727,211850,,-0.000222325,-0.0110785,,-0.0296417,9.56061
3,1.99976,,1008.91,0.225608,206395,,-0.00017835,-0.00892365,,-0.0270094,9.85446
3,2.49976,,1008.69,0.777074,201268,,-0.000114988,-0.00909848,,-0.019672,9.77403
3,2.99975,,1008.48,1.36984,196378,,-4.18556e-05,-0.0106507,,-0.010153,9.66009
3,3.49975,,1008.27,0.895508,191364,,2.27633e-05,-0.0111706,,-0.00173134,9.67747
3,3.99975,,1008.06,0.41666,186323,,6.91858e-05,-0.0112352,,0.00447974,9.67633
3,4.49975,,1007.85,0.237796,181346,,9.95633e-05,-0.0113878,,0.00908678,9.62876
3,4.99976,,1007.64,0.0714212,176400,,0.000119736,-0.0114636,,0.0127151,9.58997
3,5.49976,,1007.43,-0.128296,171464,,0.000133216,-0.0113715,,0.0154424,9.57151
3,5.99977,,1007.22,-0.27751,166537,,0.000141632,-0.0111811,,0.0172633,9.56108
3,6.49977,,1007.01,-0.365051,161620,,0.000146441,-0.010945,,0.0183703,9.5548
3,6.99978,,1006.8,-0.418145,156708,,0.000149064,-0.0106781,,0.0190221,9.55347
3,7.49979,,1006.6,-0.452106,151799,,0.000150498,-0.0103894,,0.0194043,9.55618
3,7.99979,,1006.39,-0.472464,146892,,0.000151295,-0.010088,,0.0196246,9.56124
3,8.4998,,1006.18,-0.48383,141986,,0.000151753,-0.00978015,,0.0197492,9.56757
3,8.99981,,1005.97,-0.490236,137080,,0.000152036,-0.00946855,,0.0198214,9.57464
3,9.49981,,1005.76,-0.494125,132174,,0.000152236,-0.00915463,,0.0198666,9.58213
3,9.99982,,1005.55,-0.49671,127269,,0.000152398,-0.00883915,,0.0198984,9.58985
3,10.4998,,1005.34,-0.49857,122363,,0.000152541,-0.00852251,,0.0199231,9.59767
3,10.9998,,1005.13,-0.499914,117458,,0.000152673,-0.00820492,,0.0199428,9.60552
3,11.4998,,1004.92,-0.500609,112553,,0.00015279,-0.00788658,,0.0199564,9.61334
3,11.9998,,1004.7,-0.500043,107647,,0.00015288,-0.00756779,,0.0199579,9.62101
3,12.4999,,1004.49,-0.496742,102742,,0.000152904,-0.00724924,,0.0199333,9.6283
3,12.9999,,1004.28,-0.48774,97837.5,,0.000152779,-0.00693248,,0.0198533,9.63475
3,13.4999,,1004.07,-0.46745,92933.6,,0.000152317,-0.00662093,,0.0196573,9.63938
3,13.9999,,1003.86,-0.424828,88031.7,,0.000151112,-0.00632117,,0.019224,9.64046
3,14.4999,,1003.64,-0.337863,83133.9,,0.000148358,-0.00604555,,0.0183259,9.63532
3,14.9999,,1003.43,-0.171393,78243.9,,0.00014259,-0.00581999,,0.0165869,9.61937
3,15.4999,,1003.22,0.111942,73367.4,,0.000131195,-0.00569822,,0.0134378,9.58334
3,15.9999,,1003.01,0.553668,68515.2,,0.000109264,-0.00575984,,0.00797085,9.51333
3,16.4999,,1002.8,1.27111,63711.8,,6.80736e-05,-0.00607718,,-0.00134223,9.40423
3,16.9999,,1002.59,2.46462,58988.3,,-4.55806e-06,-0.00677164,,-0.0165579,9.26876
3,17.4999,,1002.39,4.00304,54341.1,,-0.000120805,-0.00826233,,-0.0390491,9.09034
3,17.9999,,1002.19,5.07176,49752.6,,-0.000293009,-0.0110486,,-0.0681738,8.79143
3,18.4999,,1002,5.48895,45367.2,,-0.000543856,-0.0143663,,-0.102556,8.45249
2.99999,18.9998,,1001.82,7.02841,41377.2,,-0.000907258,-0.0166429,,-0.142977,8.5184
2.99999,19.4998,,1001.64,9.07623,37243.5,,-0.00139427,-0.0203896,,-0.191039,9.10711
2.99999,19.9996,,1001.42,4.51121,32064.9,,-0.00195343,-0.0295878,,-0.243557,9.28736
2.99998,20.4996,,1001.19,-7.77236,27059,,-0.00245922,-0.0337228,,-0.287693,8.84289
2.99998,20.9996,,1001.06,-11.9352,23920.8,,-0.0027084,-0.0196588,,-0.297557,9.74254
2.99998,21.4994,,1000.84,-2.09053,18895,,-0.00254742,-0.0100887,,-0.251653,12.2339
2.99998,21.9992,,1000.46,1.03226,10379.9,,-0.00212664,-0.0264426,,-0.173248,12.7285
2.99998,22.4996,,1000.14,-5.33948,3153.87,,-0.00168792,-0.0262895,,-0.109821,9.30985
2.99999,22.9992,,1000.13,-13.4444,3027.84,,-0.00115175,-0.00762654,,-0.0684025,6.5899
3.5,-1.5,,1010.33,0,240345,,0,0,,0,0
3.5,-1,,1010.12,0,235440,,0,0,,0,0
3.5,-0.5,,1009.92,0,230535,,0,0,,0,0
3.5,-0.000342519,,1009.82,2.92929,228140,,-0.000151087,-0.0172292,,-0.0214727,9.41063
3.5,0.499859,,1009.51,-1.22938,220765,,-0.000188416,-0.00231566,,-0.0265016,10.0043
3.5,0.999822,,1009.32,1.6356,216325,,-0.000181873,-0.00709347,,-0.0260548,9.5471
3.5,1.49976,,1009.14,1.94986,211869,,-0.000155635,-0.0110442,,-0.0232056,9.56328
3.5,1.99976,,1008.91,0.267846,206406,,-0.000114328,-0.0088715,,-0.0179491,9.86077
3.5,2.49976,,1008.69,0.795551,201272,,-6.2097e-05,-0.00903494,,-0.0109571,9.78245
3.5,2.99975,,1008.48,1.38311,196378,,-1.17502e-05,-0.0105921,,-0.00429351,9.66781
3.5,3.49975,,1008.27,0.907049,191361,,2.76823e-05,-0.0111267,,0.000983249,9.68334
3.5,3.99975,,1008.06,0.419378,186319,,5.54967e-05,-0.0112055,,0.00509388,9.68076
3.5,4.49975,,1007.85,0.227067,181339,,7.49449e-05,-0.0113677,,0.00846573,9.63231
3.5,4.99976,,1007.64,0.049112,176392,,8.86362e-05,-0.0114498,,0.0111652,9.59272
3.5,5.49976,,1007.43,-0.158147,171454,,9.77935e-05,-0.0113626,,0.0131124,9.57342
3.5,5.99977,,1007.22,-0.312223,166527,,0.000103392,-0.0111758,,0.0143738,9.56228
3.5,6.49977,,1007.01,-0.403244,161609,,0.000106581,-0.0109421,,0.0151454,9.55552
3.5,6.99978,,1006.8,-0.45879,156697,,0.000108354,-0.0106765,,0.0156113,9.5539
3.5,7.49979,,1006.6,-0.494315,151789,,0.000109344,-0.0103884,,0.0158898,9.55644
3.5,7.99979,,1006.39,-0.515615,146881,,0.000109902,-0.0100875,,0.0160526,9.56139
3.5,8.4998,,1006.18,-0.527566,141975,,0.000110225,-0.00977982,,0.0161473,9.56766
3.5,8.99981,,1005.97,-0.534364,137069,,0.000110429,-0.00946832,,0.016205,9.5747
3.5,9.49981,,1005.76,-0.53854,132163,,0.000110575,-0.00915445,,0.0162438,9.58217
3.5,9.99982,,1005.55,-0.541353,127258,,0.000110694,-0.00883899,,0.016273,9.58988
3.5,10.4998,,1005.34,-0.543409,122352,,0.000110801,-0.00852236,,0.0162971,9.5977
3.5,10.9998,,1005.13,-0.544924,117447,,0.000110899,-0.00820478,,0.0163177,9.60555
3.5,11.4998,,1004.91,-0.54576,112542,,0.000110987,-0.00788645,,0.0163339,9.61336
3.5,11.9998,,1004.7,-0.545277,107636,,0.000111056,-0.0075677,,0.0163413,9.62101
3.5,12.4999,,1004.49,-0.541937,102731,,0.000111078,-0.00724923,,0.01633,9.62827
3.5,12.9999,,1004.28,-0.532635,97826.4,,0.000110995,-0.00693266,,0.0162788,9.63465
3.5,13.4999,,1004.07,-0.511535,92922.6,,0.000110679,-0.00662152,,0.0161452,9.63914
3.5,13.9999,,1003.86,-0.467165,88020.8,,0.000109854,-0.00632265,,0.0158448,9.63995
3.5,14.4999,,1003.64,-0.376743,83123.3,,0.000107964,-0.00604882,,0.0152172,9.63427
3.5,14.9999,,1003.43,-0.203647,78233.9,,0.000103994,-0.00582668,,0.0139902,9.6174
3.5,15.4999,,1003.22,0.0917702,73358.6,,9.61961e-05,-0.00571116,,0.0117529,9.57984
3.5,15.9999,,1003.01,0.553215,68508.3,,8.14795e-05,-0.00578434,,0.0078987,9.50736
3.5,16.4999,,1002.8,1.29885,63708.1,,5.43111e-05,-0.00612213,,0.00145661,9.39426
3.5,16.9999,,1002.59,2.53087,58989.9,,6.15364e-06,-0.00684833,,-0.00903424,9.25293
3.5,17.4999,,1002.39,4.12614,54351.9,,-7.27308e-05,-0.00838095,,-0.0250595,9.06779
3.5,17.9999,,1002.19,5.27883,49777.2,,-0.000190431,-0.0112197,,-0.0469802,8.76322
3.5,18.4999,,1002,5.79357,45409,,-0.000354881,-0.0146087,,-0.0734876,8.4201
3.5,18.9998,,1001.83,7.3976,41435.5,,-0.000578368,-0.0169802,,-0.102744,8.48169
3.49999,19.4998,,1001.65,9.42699,37316.8,,-0.000873189,-0.020823,,-0.133919,9.06534
3.49999,19.9996,,1001.42,4.75322,32154.5,,-0.00123693,-0.0300727,,-0.167488,9.24224
3.49999,20.4996,,1001.2,-7.64871,27174,,-0.0016329,-0.0341475,,-0.203019,8.80406
3.49999,20.9996,,1001.06,-11.7851,24079.5,,-0.00196274,-0.019843,,-0.23259,9.73198
3.49999,21.4994,,1000.84,-1.75508,19100,,-0.00209619,-0.00994953,,-0.240739,12.2641
3.49999,21.9992,,1000.47,1.49961,10596.3,,-0.00199678,-0.0260541,,-0.221663,12.7875
3.49999,22.4996,,1000.15,-4.90213,3353.81,,-0.00168684,-0.0253783,,-0.180317,9.42112
3.49999,22.9992,,1000.14,-13.3616,3160.62,,-0.00113911,-0.0061437,,-0.11808,6.74351
4,-1.5,,1010.33,0,240345,,0,0,,0,0
4,-1,,1010.12,0,235440,,0,0,,0,0
4,-0.5,,1009.92,0,230535,,0,0,,0,0
4,-0.000342855,,1009.82,2.98543,228153,,-8.81286e-05,-0.0172815,,-0.0135246,9.40323
4,0.499858,,1009.51,-1.19335,220777,,-0.000112621,-0.00232607,,-0.0169119,10.0029
4,0.999822,,1009.32,1.66345,216334,,-0.000108854,-0.00707737,,-0.0162952,9.54908
4,1.49976,,1009.14,1.9756,211877,,-8.9772e-05,-0.0110147,,-0.0138388,9.567
4,1.99976,,1008.91,0.290491,206412,,-6.22082e-05,-0.0088316,,-0.0103463,9.86601
4,2.49976,,1008.69,0.819769,201275,,-3.16982e-05,-0.00899373,,-0.00643499,9.78786
4,2.99975,,1008.48,1.40894,196379,,-4.55086e-06,-0.0105579,,-0.00284284,9.67235
4,3.49975,,1008.27,0.927896,191361,,1.6793e-05,-0.0111015,,0.000276979,9.68702
4,3.99975,,1008.06,0.429997,186317,,3.30698e-05,-0.0111873,,0.00304545,9.68388
4,4.49975,,1007.85,0.227513,181336,,4.53713e-05,-0.0113545,,0.00542434,9.63489
4,4.99976,,1007.64,0.0422897,176388,,5.41971e-05,-0.0114407,,0.00727068,9.59466
4,5.49976,,1007.43,-0.169736,171450,,5.99868e-05,-0.0113568,,0.0085501,9.57471
4,5.99977,,1007.22,-0.327219,166522,,6.34787e-05,-0.0111724,,0.00937144,9.56309
4,6.49977,,1007.01,-0.420752,161604,,6.54892e-05,-0.0109402,,0.00988313,9.55602
4,6.99978,,1006.8,-0.477991,156692,,6.66317e-05,-0.0106754,,0.0101973,9.5542
4,7.49979,,1006.6,-0.514541,151783,,6.72765e-05,-0.0103878,,0.0103847,9.55662
4,7.99979,,1006.39,-0.536436,146876,,6.76381e-05,-0.0100871,,0.0104929,9.5615
4,8.4998,,1006.18,-0.548739,141969,,6.78456e-05,-0.0097796,,0.010555,9.56772
4,8.99981,,1005.97,-0.555754,137063,,6.79747e-05,-0.00946816,,0.0105922,9.57474
4,9.49981,,1005.76,-0.56007,132158,,6.80661e-05,-0.00915432,,0.0106165,9.5822
4,9.99982,,1005.55,-0.562982,127252,,6.81397e-05,-0.00883888,,0.0106344,9.58991
4,10.4998,,1005.34,-0.565112,122347,,6.82046e-05,-0.00852226,,0.0106487,9.59772
4,10.9998,,1005.13,-0.566684,117441,,6.8264e-05,-0.00820468,,0.0106605,9.60557
4,11.4998,,1004.91,-0.567555,112536,,6.83167e-05,-0.00788637,,0.0106692,9.61337
4,11.9998,,1004.7,-0.567066,107631,,6.83558e-05,-0.00756764,,0.010672,9.62101
4,12.4999,,1004.49,-0.563632,102725,,6.83636e-05,-0.00724923,,0.0106617,9.62825
4,12.9999,,1004.28,-0.554053,97820.7,,6.83008e-05,-0.00693278,,0.0106239,9.63458
4,13.4999,,1004.07,-0.532308,92916.9,,6.8083e-05,-0.00662192,,0.0105296,9.63898
4,13.9999,,1003.86,-0.48662,88015.2,,6.75311e-05,-0.00632364,,0.0103224,9.63959
4,14.4999,,1003.64,-0.393685,83117.9,,6.62828e-05,-0.00605103,,0.00989575,9.63355
4,14.9999,,1003.43,-0.215931,78228.9,,6.36657e-05,-0.00583118,,0.00906285,9.61602
4,15.4999,,1003.22,0.0879235,73354.3,,5.85406e-05,-0.0057198,,0.00753632,9.5774
4,15.9999,,1003.01,0.563572,68505.4,,4.90179e-05,-0.00580032,,0.00491216,9.50326
4,16.4999,,1002.8,1.33034,63707.4,,3.18628e-05,-0.006151,,0.00060588,9.38753
4,16.9999,,1002.59,2.59056,58992.7,,1.82409e-06,-0.00689804,,-0.00626501,9.24224
4,17.4999,,1002.39,4.22313,54360.2,,-4.79795e-05,-0.00845969,,-0.0168158,9.052
4,17.9999,,1002.19,5.42819,49794.5,,-0.000123878,-0.0113334,,-0.0318319,8.74237
4,18.4999,,1002,6.01301,45438.4,,-0.000229451,-0.0147623,,-0.0509353,8.39578
4,18.9998,,1001.83,7.69037,41478.8,,-0.000365545,-0.0171796,,-0.0722594,8.45616
4,19.4998,,1001.65,9.75903,37371.8,,-0.000531016,-0.0210714,,-0.0930723,9.04021
4,19.9996,,1001.42,5.0426,32215.5,,-0.000721811,-0.0303623,,-0.111158,9.21765
3.99999,20.4996,,1001.2,-7.50178,27235,,-0.000925463,-0.0344413,,-0.125601,8.78101
3.99999,20.9996,,1001.07,-11.8304,24139.1,,-0.00110678,-0.0200559,,-0.134727,9.71761
3.99999,21.4994,,1000.85,-1.98691,19156.5,,-0.00120983,-0.0100001,,-0.134762,12.2672
3.99999,21.9992,,1000.47,1.12706,10644.6,,-0.00119735,-0.0259025,,-0.124157,12.8102
3.99999,22.4996,,1000.15,-5.2502,3401.46,,-0.00103859,-0.0248468,,-0.102369,9.47499
3.99999,22.9992,,1000.14,-13.6493,3192.55,,-0.000700447,-0.00525853,,-0.0666855,6.82196
4.5,-1.5,,1010.33,0,240345,,0,0,,0,0
4.5,-1,,1010.12,0,235440,,0,0,,0,0
4.5,-0.5,,1009.92,0,230535,,0,0,,0,0
4.5,-0.000343035,,1009.82,3.01583,228159,,-4.44804e-05,-0.0173109,,-0.00727411,9.39886
4.5,0.499858,,1009.51,-1.17539,220782,,-5.72148e-05,-0.00233237,,-0.00913498,10.0021
4.5,0.999822,,1009.32,1.67909,216339,,-5.52777e-05,-0.00706737,,-0.00883989,9.55043
4.5,1.49976,,1009.14,1.99566,211881,,-4.5632e-05,-0.0109971,,-0.00766606,9.56914
4.5,1.99976,,1008.91,0.312835,206415,,-3.23278e-05,-0.00881008,,-0.00604323,9.86871
4.5,2.49976,,1008.69,0.84156,201278,,-1.77822e-05,-0.00897272,,-0.00410101,9.79064
4.5,2.99975,,1008.48,1.42612,196381,,-4.18881e-06,-0.0105402,,-0.00204903,9.67495
4.5,3.49975,,1008.27,0.936965,191362,,7.57347e-06,-0.0110873,,-1.22505e-05,9.68944
4.5,3.99975,,1008.06,0.430636,186316,,1.73143e-05,-0.0111761,,0.00187501,9.68603
4.5,4.49975,,1007.85,0.221695,181334,,2.48536e-05,-0.0113461,,0.00344482,9.63662
4.5,4.99976,,1007.64,0.0320468,176385,,3.01635e-05,-0.011435,,0.00460789,9.5959
4.5,5.49976,,1007.43,-0.183193,171447,,3.35771e-05,-0.0113533,,0.00539841,9.57553
4.5,5.99977,,1007.22,-0.343137,166519,,3.56404e-05,-0.0111703,,0.00591252,9.56361
4.5,6.49977,,1007.01,-0.438437,161600,,3.68506e-05,-0.010939,,0.00623938,9.55634
4.5,6.99978,,1006.8,-0.496808,156688,,3.75457e-05,-0.0106747,,0.00644054,9.5544
4.5,7.49979,,1006.59,-0.534026,151779,,3.79329e-05,-0.0103874,,0.00655847,9.55673
4.5,7.99979,,1006.39,-0.556306,146872,,3.81422e-05,-0.0100869,,0.00662455,9.56156
4.5,8.4998,,1006.18,-0.568833,141966,,3.82549e-05,-0.00977947,,0.00666086,9.56776
4.5,8.99981,,1005.97,-0.57598,137060,,3.83185e-05,-0.00946808,,0.00668109,9.57476
4.5,9.49981,,1005.76,-0.580374,132154,,3.83583e-05,-0.00915426,,0.00669293,9.58222
4.5,9.99982,,1005.55,-0.583335,127249,,3.83866e-05,-0.00883882,,0.00670041,9.58992
4.5,10.4998,,1005.34,-0.585498,122343,,3.84093e-05,-0.00852221,,0.00670554,9.59773
4.5,10.9998,,1005.13,-0.58709,117438,,3.84282e-05,-0.00820464,,0.00670899,9.60557
4.5,11.4998,,1004.91,-0.587967,112532,,3.84428e-05,-0.00788633,,0.00671035,9.61338
4.5,11.9998,,1004.7,-0.587453,107627,,3.84483e-05,-0.00756762,,0.00670768,9.62101
4.5,12.4999,,1004.49,-0.583936,102722,,3.84335e-05,-0.00724924,,0.00669635,9.62823
4.5,12.9999,,1004.28,-0.574147,97817.1,,3.83728e-05,-0.00693288,,0.00666666,9.63453
4.5,13.4999,,1004.07,-0.551941,92913.4,,3.82127e-05,-0.00662219,,0.00659957,9.63886
4.5,13.9999,,1003.86,-0.505321,88011.7,,3.78421e-05,-0.0063243,,0.00645886,9.63935
4.5,14.4999,,1003.64,-0.410636,83114.5,,3.70368e-05,-0.00605247,,0.00617673,9.63307
4.5,14.9999,,1003.43,-0.229713,78225.8,,3.53747e-05,-0.0058341,,0.00563269,9.61511
4.5,15.4999,,1003.22,0.0797819,73351.7,,3.21352e-05,-0.00572536,,0.0046347,9.57577
4.5,15.9999,,1003.01,0.565084,68503.7,,2.61735e-05,-0.00581041,,0.00291317,9.50052
4.5,16.4999,,1002.8,1.34694,63707.2,,1.56746e-05,-0.00616875,,0.000112515,9.38314
4.5,16.9999,,1002.59,2.62803,58994.8,,-2.25414e-06,-0.00692829,,-0.00425428,9.23541
4.5,17.4999,,1002.39,4.28703,54365.8,,-3.17535e-05,-0.00850826,,-0.0108424,9.04181
4.5,17.9999,,1002.19,5.52541,49805.2,,-7.73798e-05,-0.0114049,,-0.0203239,8.72834
4.5,18.4999,,1002,6.1539,45456.8,,-0.000142169,-0.0148584,,-0.0329337,8.37854
4.5,18.9998,,1001.83,7.88661,41507.2,,-0.00022564,-0.0172981,,-0.0479033,8.43772
4.5,19.4998,,1001.65,10.0136,37410.9,,-0.000322828,-0.0212066,,-0.0632177,9.02341
4.5,19.9996,,1001.42,5.33474,32263.1,,-0.000424786,-0.0305051,,-0.076111,9.20491
4.5,20.4996,,1001.2,-7.22131,27285.6,,-0.000519023,-0.0345751,,-0.0840033,8.77391
4.5,20.9996,,1001.07,-11.6207,24186.2,,-0.000587594,-0.020149,,-0.0848715,9.71803
4.5,21.4994,,1000.85,-1.90439,19192.3,,-0.0006118,-0.0100222,,-0.0781662,12.2756
4.5,21.9992,,1000.47,1.06633,10664.8,,-0.000586007,-0.0258323,,-0.0666521,12.825
4.5,22.4996,,1000.15,-5.33477,3417.72,,-0.000500886,-0.0246016,,-0.05264,9.50066
4.5,22.9992,,1000.14,-13.6822,3208.05,,-0.000335611,-0.00483641,,-0.0340688,6.86142
5,-1.5,,1010.33,0,240345,,0,0,,0,0
5,-1,,1010.12,0,235440,,0,0,,0,0
5,-0.5,,1009.92,0,230535,,0,0,,0,0
5,-0.000343121,,1009.82,3.03849,228162,,-2.14745e-05,-0.0173256,,-0.00396963,9.39647
5,0.499858,,1009.51,-1.15668,220785,,-2.79787e-05,-0.00233579,,-0.0050944,10.0016
5,0.999822,,1009.32,1.69769,216342,,-2.75884e-05,-0.00706286,,-0.00508162,9.551
5,1.49976,,1009.14,2.01566,211884,,-2.35147e-05,-0.0109891,,-0.00455376,9.57012
5,1.99976,,1008.91,0.330757,206417,,-1.74349e-05,-0.00880008,,-0.00367901,9.87007
5,2.49976,,1008.69,0.854557,201279,,-1.01753e-05,-0.00896231,,-0.00248294,9.79226
5,2.99975,,1008.48,1.43276,196382,,-2.73421e-06,-0.0105305,,-0.00111663,9.67666
5,3.49975,,1008.27,0.937248,191362,,4.11618e-06,-0.0110789,,0.000245381,9.69108
5,3.99975,,1008.06,0.425781,186315,,9.84906e-06,-0.0111694,,0.00144978,9.68744
5,4.49975,,1007.85,0.213081,181333,,1.4186e-05,-0.0113412,,0.00240172,9.6377
5,4.99976,,1007.64,0.0205803,176384,,1.71721e-05,-0.0114317,,0.003091,9.59665
5,5.49976,,1007.43,-0.196936,171444,,1.90908e-05,-0.0113512,,0.00356478,9.57603
5,5.99977,,1007.22,-0.358612,166516,,2.02745e-05,-0.0111691,,0.00388078,9.56393
5,6.49977,,1007.01,-0.455098,161598,,2.09833e-05,-0.0109383,,0.00408435,9.55655
5,6.99978,,1006.8,-0.514207,156686,,2.13917e-05,-0.0106743,,0.00420891,9.55452
5,7.49979,,1006.59,-0.551866,151777,,2.16153e-05,-0.0103872,,0.00428089,9.5568
5,7.99979,,1006.39,-0.574411,146869,,2.17321e-05,-0.0100868,,0.0043206,9.5616
5,8.4998,,1006.18,-0.587097,141963,,2.17912e-05,-0.0097794,,0.00434192,9.56778
5,8.99981,,1005.97,-0.59434,137057,,2.18209e-05,-0.00946804,,0.00435323,9.57478
5,9.49981,,1005.76,-0.598796,132151,,2.18359e-05,-0.00915423,,0.00435921,9.58223
5,9.99982,,1005.55,-0.601798,127246,,2.18439e-05,-0.0088388,,0.0043624,9.58992
5,10.4998,,1005.34,-0.603993,122340,,2.18482e-05,-0.00852219,,0.00436406,9.59773
5,10.9998,,1005.13,-0.605609,117435,,2.18502e-05,-0.00820462,,0.00436464,9.60558
5,11.4998,,1004.91,-0.606498,112530,,2.18493e-05,-0.00788632,,0.00436385,9.61338
5,11.9998,,1004.7,-0.605978,107624,,2.18427e-05,-0.00756762,,0.00436046,9.621
5,12.4999,,1004.49,-0.602414,102719,,2.18234e-05,-0.00724927,,0.00435152,9.62822
5,12.9999,,1004.28,-0.592497,97814.5,,2.17754e-05,-0.00693296,,0.00433082,9.6345
5,13.4999,,1004.07,-0.569996,92910.8,,2.16659e-05,-0.00662239,,0.00428623,9.63879
5,13.9999,,1003.86,-0.522769,88009.2,,2.14282e-05,-0.00632473,,0.0041951,9.63919
5,14.4999,,1003.64,-0.426925,83112,,2.09303e-05,-0.00605337,,0.004016,9.63276
5,14.9999,,1003.43,-0.24392,78223.5,,1.99217e-05,-0.00583591,,0.00367544,9.61452
5,15.4999,,1003.22,0.0692079,73349.7,,1.79663e-05,-0.0057288,,0.00305257,9.57472
5,15.9999,,1003.01,0.560709,68502.2,,1.4377e-05,-0.00581657,,0.00197192,9.49876
5,16.4999,,1002.8,1.35258,63706.7,,8.1328e-06,-0.00617934,,0.000208517,9.38035
5,16.9999,,1002.59,2.64834,58995.8,,-2.27274e-06,-0.00694591,,-0.00251013,9.23116
5,17.4999,,1002.39,4.32653,54368.9,,-1.89999e-05,-0.00853639,,-0.00651785,9.03558
5,17.9999,,1002.19,5.58791,49811.4,,-4.47242e-05,-0.0114471,,-0.0121951,8.71964
5,18.4999,,1002,6.24334,45467.4,,-8.18154e-05,-0.0149162,,-0.0198324,8.36734
5,18.9998,,1001.83,8.00848,41523.6,,-0.000130877,-0.0173698,,-0.0293366,8.42485
5,19.4998,,1001.65,10.1746,37434.5,,-0.000189273,-0.0212861,,-0.0399082,9.01075
5,19.9996,,1001.43,5.53784,32294.5,,-0.000250521,-0.0305825,,-0.0499689,9.19491
5,20.4996,,1001.21,-6.98195,27323.6,,-0.00030456,-0.0346368,,-0.0574126,8.76901
5,20.9996,,1001.07,-11.3628,24227.6,,-0.000338583,-0.0201789,,-0.0600019,9.72008
5,21.4994,,1000.85,-1.6648,19231.4,,-0.000342582,-0.0100128,,-0.0566115,12.2839
5,21.9992,,1000.47,1.24856,10695.9,,-0.000317775,-0.0257807,,-0.0488722,12.8371
5,22.4996,,1000.15,-5.19089,3443.56,,-0.000264841,-0.0244643,,-0.0386012,9.52144
5,22.9992,,1000.14,-13.573,3228.56,,-0.000175643,-0.00460816,,-0.0250441,6.89272
5.5,-1.5,,1010.33,0,240345,,0,0,,0,0
5.5,-1,,1010.12,0,235440,,0,0,,0,0
5.5,-0.5,,1009.92,0,230535,,0,0,,0,0
5.5,-0.00034316,,1009.82,3.05331,228164,,-1.06377e-05,-0.017333,,-0.00223175,9.39507
5.5,0.499858,,1009.51,-1.14266,220787,,-1.41431e-05,-0.0023379,,-0.00293884,10.0012
5.5,0.999822,,1009.32,1.71148,216344,,-1.42948e-05,-0.00706113,,-0.00299573,9.55123
5.5,1.49976,,1009.14,2.02888,211886,,-1.24369e-05,-0.0109855,,-0.00268984,9.57067
5.5,1.99976,,1008.91,0.341165,206419,,-9.29703e-06,-0.00879505,,-0.00212132,9.87093
5.5,2.49976,,1008.69,0.861051,201280,,-5.31419e-06,-0.00895664,,-0.00134259,9.79333
5.5,2.99975,,1008.48,1.43536,196382,,-1.13219e-06,-0.010525,,-0.000482732,9.67777
5.5,3.49975,,1008.27,0.936473,191361,,2.68661e-06,-0.0110741,,0.000332463,9.6921
5.5,3.99975,,1008.06,0.422256,186315,,5.80225e-06,-0.0111656,,0.00102274,9.68827
5.5,4.49975,,1007.85,0.207279,181332,,8.1137e-06,-0.0113385,,0.00155963,9.63832
5.5,4.99976,,1007.64,0.0128533,176382,,9.70902e-06,-0.01143,,0.00195416,9.59709
5.5,5.49976,,1007.43,-0.206208,171443,,1.07583e-05,-0.0113501,,0.00223318,9.57633
5.5,5.99977,,1007.22,-0.369006,166515,,1.14234e-05,-0.0111684,,0.00242282,9.56413
5.5,6.49977,,1007.01,-0.466227,161596,,1.18273e-05,-0.0109379,,0.00254508,9.55667
5.5,6.99978,,1006.8,-0.525793,156684,,1.20599e-05,-0.0106741,,0.00261932,9.55459
5.5,7.49979,,1006.59,-0.563731,151775,,1.21863e-05,-0.0103871,,0.00266204,9.55684
5.5,7.99979,,1006.39,-0.586445,146868,,1.22517e-05,-0.0100867,,0.00268567,9.56162
5.5,8.4998,,1006.18,-0.599234,141961,,1.22842e-05,-0.00977937,,0.00269837,9.5678
5.5,8.99981,,1005.97,-0.606541,137055,,1.22997e-05,-0.00946802,,0.00270503,9.57478
5.5,9.49981,,1005.76,-0.611037,132150,,1.23065e-05,-0.00915422,,0.00270843,9.58223
5.5,9.99982,,1005.55,-0.614069,127244,,1.23091e-05,-0.0088388,,0.00271011,9.58992
5.5,10.4998,,1005.34,-0.616285,122339,,1.23095e-05,-0.00852218,,0.00271085,9.59773
5.5,10.9998,,1005.13,-0.617917,117433,,1.23085e-05,-0.00820462,,0.00271092,9.60558
5.5,11.4998,,1004.91,-0.618816,112528,,1.23058e-05,-0.00788632,,0.00271013,9.61337
5.5,11.9998,,1004.7,-0.618293,107623,,1.22996e-05,-0.00756763,,0.00270772,9.621
5.5,12.4999,,1004.49,-0.614701,102718,,1.22856e-05,-0.00724929,,0.00270188,9.62821
5.5,12.9999,,1004.28,-0.604703,97812.9,,1.22546e-05,-0.00693301,,0.00268881,9.63447
5.5,13.4999,,1004.07,-0.582018,92909.2,,1.21868e-05,-0.00662251,,0.00266106,9.63874
5.5,13.9999,,1003.86,-0.534405,88007.6,,1.20436e-05,-0.00632499,,0.00260484,9.63909
5.5,14.4999,,1003.64,-0.437821,83110.5,,1.17501e-05,-0.00605391,,0.00249559,9.63256
5.5,14.9999,,1003.43,-0.253484,78222.1,,1.11656e-05,-0.00583698,,0.00229054,9.61416
5.5,15.4999,,1003.22,0.0619302,73348.4,,1.00415e-05,-0.00573083,,0.00191861,9.57408
5.5,15.9999,,1003.01,0.557253,68501.3,,7.97922e-06,-0.0058202,,0.00127236,9.49768
5.5,16.4999,,1002.8,1.35532,63706.3,,4.39993e-06,-0.0061855,,0.00021003,9.37862
5.5,16.9999,,1002.59,2.66052,58996.3,,-1.48457e-06,-0.0069559,,-0.00143157,9.22857
5.5,17.4999,,1002.39,4.35178,54370.8,,-1.07146e-05,-0.00855198,,-0.00382315,9.03186
5.5,17.9999,,1002.19,5.62934,49815.1,,-2.45746e-05,-0.0114702,,-0.0071324,8.71454
5.5,18.4999,,1002,6.30282,45473.5,,-4.43587e-05,-0.0149485,,-0.0114932,8.36072
5.5,18.9998,,1001.83,8.08684,41532.7,,-7.07672e-05,-0.0174109,,-0.0169169,8.41691
5.5,19.4998,,1001.65,10.2722,37447.5,,-0.000103046,-0.021333,,-0.0231488,9.00225
5.5,19.9996,,1001.43,5.65494,32311.7,,-0.000138273,-0.0306291,,-0.029553,9.18717
5.5,20.4996,,1001.21,-6.84551,27345,,-0.000170986,-0.0346739,,-0.0350646,8.76381
5.5,20.9996,,1001.07,-11.2097,24252.5,,-0.000193395,-0.0201958,,-0.0382311,9.71925
5.5,21.4994,,1000.85,-1.50934,19257.3,,-0.000198538,-0.0100048,,-0.0378628,12.2878
5.5,21.9992,,1000.47,1.38383,10719.2,,-0.000185414,-0.0257467,,-0.0341401,12.845
5.5,22.4996,,1000.15,-5.07811,3463.47,,-0.000153914,-0.0243796,,-0.0275669,9.537
5.5,22.9992,,1000.14,-13.4956,3243.17,,-0.000101308,-0.00447407,,-0.0178891,6.91572
6,-1.5,,1010.33,0,240345,,0,0,,0,0
6,-1,,1010.12,0,235440,,0,0,,0,0
6,-0.5,,1009.92,0,230535,,0,0,,0,0
6,-0.000343179,,1009.82,3.06124,228165,,-5.19228e-06,-0.0173368,,-0.00118631,9.39427
6,0.499858,,1009.51,-1.13501,220788,,-7.0143e-06,-0.00233919,,-0.00158662,10.001
6,0.999822,,1009.32,1.71886,216345,,-7.17856e-06,-0.00706041,,-0.00162794,9.55136
6,1.49976,,1009.14,2.03574,211886,,-6.2516e-06,-0.0109836,,-0.0014476,9.57102
6,1.99976,,1008.91,0.346539,206419,,-4.60666e-06,-0.00879234,,-0.00111373,9.87147
6,2.49976,,1008.69,0.86455,201280,,-2.52404e-06,-0.00895354,,-0.000674235,9.79397
6,2.99975,,1008.48,1.43701,196382,,-3.72656e-07,-0.010522,,-0.000205869,9.67841
6,3.49975,,1008.27,0.936379,191361,,1.55615e-06,-0.0110715,,0.000228874,9.69266
6,3.99975,,1008.06,0.420523,186314,,3.117e-06,-0.0111636,,0.000597463,9.68873
6,4.49975,,1007.85,0.204055,181331,,4.28761e-06,-0.0113371,,0.000890831,9.63867
6,4.99976,,1007.64,0.00836966,176382,,5.11771e-06,-0.011429,,0.00111308,9.59735
6,5.49976,,1007.43,-0.211653,171442,,5.67977e-06,-0.0113495,,0.00127336,9.57651
6,5.99977,,1007.22,-0.375114,166514,,6.04215e-06,-0.011168,,0.00138253,9.56425
6,6.49977,,1007.01,-0.472765,161596,,6.26291e-06,-0.0109376,,0.00145238,9.55675
6,6.99978,,1006.8,-0.5326,156683,,6.38962e-06,-0.0106739,,0.00149456,9.55464
6,7.49979,,1006.59,-0.570705,151774,,6.45851e-06,-0.010387,,0.00151887,9.55687
6,7.99979,,1006.39,-0.593521,146867,,6.49425e-06,-0.0100867,,0.00153236,9.56164
6,8.4998,,1006.18,-0.606369,141960,,6.51189e-06,-0.00977935,,0.00153957,9.5678
6,8.99981,,1005.97,-0.61371,137055,,6.51998e-06,-0.00946801,,0.00154325,9.57479
6,9.49981,,1005.76,-0.618228,132149,,6.52318e-06,-0.00915422,,0.001545,9.58223
6,9.99982,,1005.55,-0.621272,127243,,6.52393e-06,-0.0088388,,0.00154574,9.58993
6,10.4998,,1005.34,-0.623497,122338,,6.52342e-06,-0.00852218,,0.00154592,9.59773
6,10.9998,,1005.13,-0.625136,117432,,6.52208e-06,-0.00820462,,0.00154569,9.60558
6,11.4998,,1004.91,-0.626036,112527,,6.51971e-06,-0.00788632,,0.00154494,9.61337
6,11.9998,,1004.7,-0.625508,107622,,6.51534e-06,-0.00756764,,0.00154322,9.621
6,12.4999,,1004.49,-0.621894,102717,,6.5065e-06,-0.00724931,,0.00153947,9.6282
6,12.9999,,1004.28,-0.611842,97812,,6.4878e-06,-0.00693305,,0.00153143,9.63446
6,13.4999,,1004.07,-0.58904,92908.3,,6.44807e-06,-0.00662258,,0.00151472,9.63871
6,13.9999,,1003.86,-0.541188,88006.7,,6.36543e-06,-0.00632514,,0.00148121,9.63903
6,14.4999,,1003.64,-0.444145,83109.7,,6.19869e-06,-0.00605422,,0.00141669,9.63245
6,14.9999,,1003.43,-0.25898,78221.3,,5.87222e-06,-0.00583759,,0.00129709,9.61395
6,15.4999,,1003.22,0.057844,73347.8,,5.25282e-06,-0.00573197,,0.00108292,9.57371
6,15.9999,,1003.01,0.555472,68500.8,,4.12276e-06,-0.00582224,,0.000713298,9.49704
6,16.4999,,1002.8,1.3572,63706.2,,2.1615e-06,-0.00618895,,0.000104171,9.3776
6,16.9999,,1002.59,2.66803,58996.7,,-1.05376e-06,-0.00696143,,-0.000844046,9.22703
6,17.4999,,1002.39,4.3674,54371.9,,-6.03097e-06,-0.00856039,,-0.00222936,9.02968
6,17.9999,,1002.19,5.6556,49817.4,,-1.33289e-05,-0.0114824,,-0.00412763,8.71163
6,18.4999,,1002,6.34159,45477.1,,-2.34692e-05,-0.0149652,,-0.00657173,8.35702
6,18.9998,,1001.83,8.13858,41538,,-3.67323e-05,-0.0174324,,-0.00952398,8.41252
6,19.4998,,1001.65,10.3356,37454.6,,-5.28303e-05,-0.0213581,,-0.0128383,8.99744
6,19.9996,,1001.43,5.72719,32320.7,,-7.05667e-05,-0.030655,,-0.0162263,9.18252
6,20.4996,,1001.21,-6.76777,27355.9,,-8.7528e-05,-0.0346957,,-0.0192171,8.76022
6,20.9996,,1001.07,-11.1298,24264.8,,-9.99564e-05,-0.0202076,,-0.0211137,9.71784
6,21.4994,,1000.85,-1.43424,19269.9,,-0.000104014,-0.0100027,,-0.0212396,12.2891
6,21.9992,,1000.47,1.44526,10730.6,,-9.82562e-05,-0.0257289,,-0.0194797,12.8491
6,22.4996,,1000.15,-5.02751,3473.25,,-8.18207e-05,-0.0243334,,-0.0158734,9.54605
6,22.9992,,1000.14,-13.4596,3250.29,,-5.35752e-05,-0.00440254,,-0.010271,6.92908
6.5,-1.5,,1010.33,0,240345,,0,0,,0,0
6.5,-1,,1010.12,0,235440,,0,0,,0,0
6.5,-0.5,,1009.92,0,230535,,0,0,,0,0
6.5,-0.000343187,,1009.82,3.06525,228166,,-2.38687e-06,-0.0173386,,-0.000583707,9.39385
6.5,0.499858,,1009.51,-1.13108,220788,,-3.25525e-06,-0.00233986,,-0.000787724,10.0008
6.5,0.999822,,1009.32,1.72267,216345,,-3.35005e-06,-0.00706009,,-0.000811808,9.55142
6.5,1.49976,,1009.14,2.03936,211887,,-2.91535e-06,-0.0109827,,-0.000721203,9.57121
6.5,1.99976,,1008.91,0.349511,206420,,-2.13547e-06,-0.00879098,,-0.000553262,9.87176
6.5,2.49976,,1008.69,0.866605,201281,,-1.15499e-06,-0.00895201,,-0.000333861,9.79431
6.5,2.99975,,1008.48,1.43804,196382,,-1.45159e-07,-0.0105206,,-9.88828e-05,9.67874
6.5,3.49975,,1008.27,0.936319,191361,,7.67598e-07,-0.0110703,,0.000123621,9.69296
6.5,3.99975,,1008.06,0.419397,186314,,1.52225e-06,-0.0111626,,0.000317988,9.68897
6.5,4.49975,,1007.85,0.201986,181331,,2.10544e-06,-0.0113364,,0.000477151,9.63887
6.5,4.99976,,1007.64,0.0055485,176381,,2.5305e-06,-0.0114285,,0.000599635,9.59749
6.5,5.49976,,1007.43,-0.215021,171442,,2.82275e-06,-0.0113491,,0.000687998,9.57661
6.5,5.99977,,1007.22,-0.378855,166513,,3.01169e-06,-0.0111678,,0.00074771,9.56432
6.5,6.49977,,1007.01,-0.47675,161595,,3.12648e-06,-0.0109375,,0.000785693,9.55679
6.5,6.99978,,1006.8,-0.536742,156683,,3.19234e-06,-0.0106739,,0.000808652,9.55466
6.5,7.49979,,1006.59,-0.574944,151774,,3.22827e-06,-0.010387,,0.000821938,9.55688
6.5,7.99979,,1006.39,-0.597817,146866,,3.24686e-06,-0.0100867,,0.000829291,9.56164
6.5,8.4998,,1006.18,-0.610698,141960,,3.25582e-06,-0.00977934,,0.000833133,9.56781
6.5,8.99981,,1005.97,-0.618058,137054,,3.25959e-06,-0.009468,,0.000834975,9.57479
6.5,9.49981,,1005.76,-0.622585,132148,,3.26067e-06,-0.00915421,,0.000835724,9.58223
6.5,9.99982,,1005.55,-0.625635,127243,,3.26041e-06,-0.0088388,,0.000835894,9.58993
6.5,10.4998,,1005.34,-0.627863,122337,,3.25945e-06,-0.00852218,,0.000835743,9.59773
6.5,10.9998,,1005.13,-0.629503,117432,,3.25802e-06,-0.00820462,,0.000835355,9.60558
6.5,11.4998,,1004.91,-0.630402,112527,,3.256e-06,-0.00788632,,0.000834663,9.61337
6.5,11.9998,,1004.7,-0.629867,107621,,3.25285e-06,-0.00756764,,0.000833405,9.621
6.5,12.4999,,1004.49,-0.626238,102716,,3.2472e-06,-0.00724932,,0.000830973,9.6282
6.5,12.9999,,1004.28,-0.616151,97811.5,,3.23611e-06,-0.00693307,,0.000826101,9.63445
6.5,13.4999,,1004.07,-0.593277,92907.8,,3.21343e-06,-0.00662262,,0.000816302,9.63869
6.5,13.9999,,1003.86,-0.545283,88006.3,,3.16723e-06,-0.00632523,,0.000796971,9.639
6.5,14.4999,,1003.64,-0.447968,83109.2,,3.0754e-06,-0.00605439,,0.000760091,9.63238
6.5,14.9999,,1003.43,-0.262311,78220.9,,2.89854e-06,-0.00583792,,0.000692399,9.61383
6.5,15.4999,,1003.22,0.0553558,73347.4,,2.56866e-06,-0.00573258,,0.00057276,9.57349
6.5,15.9999,,1003.01,0.55435,68500.6,,1.97448e-06,-0.00582334,,0.000368884,9.49668
6.5,16.4999,,1002.8,1.3582,63706.1,,9.48796e-07,-0.00619081,,3.50467e-05,9.37703
6.5,16.9999,,1002.59,2.67223,58996.9,,-7.3206e-07,-0.00696438,,-0.000485795,9.22616
6.5,17.4999,,1002.39,4.37623,54372.6,,-3.3287e-06,-0.00856483,,-0.00125248,9.02844
6.5,17.9999,,1002.19,5.67074,49818.6,,-7.09821e-06,-0.0114887,,-0.00230909,8.70998
6.5,18.4999,,1002,6.36465,45479.2,,-1.2232e-05,-0.0149737,,-0.00366514,8.35498
6.5,18.9998,,1001.83,8.17052,41541.1,,-1.87644e-05,-0.0174429,,-0.0052764,8.41016
6.5,19.4998,,1001.65,10.3762,37458.7,,-2.64581e-05,-0.0213701,,-0.00703148,8.99495
6.5,19.9996,,1001.43,5.77466,32325.8,,-3.47002e-05,-0.0306674,,-0.00875215,9.18017
6.5,20.4996,,1001.21,-6.71651,27361.7,,-4.24021e-05,-0.0347064,,-0.010194,8.75841
6.5,20.9996,,1001.07,-11.0784,24271.1,,-4.7936e-05,-0.0202137,,-0.011036,9.71711
6.5,21.4994,,1000.85,-1.38786,19276.1,,-4.96243e-05,-0.0100022,,-0.0109867,12.2898
6.5,21.9992,,1000.48,1.48185,10736,,-4.67591e-05,-0.0257203,,-0.0100138,12.8513
6.5,22.4996,,1000.15,-4.99797,3477.84,,-3.88293e-05,-0.0243111,,-0.0081291,9.55074
6.5,22.9992,,1000.14,-13.4374,3253.69,,-2.52997e-05,-0.00436826,,-0.00524114,6.93601
7,-1.5,,1010.33,0,240345,,0,0,,0,0
7,-1,,1010.12,0,235440,,0,0,,0,0
7,-0.5,,1009.92,0,230535,,0,0,,0,0
7,-0.000343191,,1009.82,3.06735,228166,,-1.04533e-06,-0.0173395,,-0.000276325,9.39364
7,0.499858,,1009.51,-1.12893,220789,,-1.43684e-06,-0.00234018,,-0.000376432,10.0007
7,0.999822,,1009.32,1.72482,216345,,-1.48978e-06,-0.00705994,,-0.000391569,9.55145
7,1.49976,,1009.14,2.04142,211887,,-1.30566e-06,-0.0109822,,-0.000350776,9.5713
7,1.99976,,1008.91,0.351202,206420,,-9.64426e-07,-0.00879036,,-0.00027126,9.8719
7,2.49976,,1008.69,0.867738,201281,,-5.27914e-07,-0.00895131,,-0.000164545,9.79448
7,2.99975,,1008.48,1.43852,196382,,-6.83634e-08,-0.0105199,,-4.69395e-05,9.67891
7,3.49975,,1008.27,0.936115,191361,,3.58664e-07,-0.0110697,,6.7595e-05,9.69311
7,3.99975,,1008.06,0.418558,186314,,7.21845e-07,-0.0111622,,0.000169697,9.68911
7,4.49975,,1007.85,0.200615,181331,,1.00868e-06,-0.011336,,0.000253972,9.63897
7,4.99976,,1007.64,0.00376772,176381,,1.22001e-06,-0.0114282,,0.000318625,9.59757
7,5.49976,,1007.43,-0.217097,171442,,1.3655e-06,-0.011349,,0.000364923,9.57667
7,5.99977,,1007.22,-0.381136,166513,,1.45941e-06,-0.0111677,,0.000396086,9.56435
7,6.49977,,1007.01,-0.479169,161595,,1.51656e-06,-0.0109374,,0.000415979,9.55681
7,6.99978,,1006.8,-0.539249,156683,,1.54958e-06,-0.0106738,,0.000428104,9.55468
7,7.49979,,1006.59,-0.577506,151774,,1.56771e-06,-0.010387,,0.000435161,9.55689
7,7.99979,,1006.39,-0.600412,146866,,1.57704e-06,-0.0100867,,0.000439045,9.56165
7,8.4998,,1006.18,-0.613311,141960,,1.58138e-06,-0.00977934,,0.000441024,9.56781
7,8.99981,,1005.97,-0.62068,137054,,1.583e-06,-0.009468,,0.000441911,9.57479
7,9.49981,,1005.76,-0.625213,132148,,1.5832e-06,-0.00915421,,0.000442202,9.58224
7,9.99982,,1005.55,-0.628266,127243,,1.58269e-06,-0.0088388,,0.000442175,9.58993
7,10.4998,,1005.34,-0.630495,122337,,1.5818e-06,-0.00852218,,0.00044197,9.59773
7,10.9998,,1005.13,-0.632135,117432,,1.58066e-06,-0.00820462,,0.00044163,9.60558
7,11.4998,,1004.91,-0.633033,112526,,1.57919e-06,-0.00788633,,0.000441119,9.61337
7,11.9998,,1004.7,-0.632494,107621,,1.57709e-06,-0.00756764,,0.000440289,9.621
7,12.4999,,1004.49,-0.628855,102716,,1.57366e-06,-0.00724932,,0.000438803,9.62819
7,12.9999,,1004.28,-0.618748,97811.3,,1.56731e-06,-0.00693308,,0.000435972,9.63444
7,13.4999,,1004.07,-0.595832,92907.6,,1.55484e-06,-0.00662265,,0.000430445,9.63868
7,13.9999,,1003.86,-0.547756,88006,,1.52997e-06,-0.00632528,,0.00041972,9.63898
7,14.4999,,1003.64,-0.450287,83109,,1.48118e-06,-0.00605448,,0.000399431,9.63235
7,14.9999,,1003.43,-0.264351,78220.7,,1.38837e-06,-0.0058381,,0.000362422,9.61376
7,15.4999,,1003.22,0.0537968,73347.2,,1.21792e-06,-0.0057329,,0.00029759,9.57338
7,15.9999,,1003.01,0.553575,68500.5,,9.15867e-07,-0.0058239,,0.000188472,9.49649
7,16.4999,,1002.8,1.35864,63706,,4.00997e-07,-0.00619175,,1.19795e-05,9.37672
7,16.9999,,1002.59,2.67445,58997,,-4.37622e-07,-0.00696589,,-0.000261435,9.22569
7,17.4999,,1002.39,4.38098,54372.9,,-1.73191e-06,-0.0085671,,-0.000664191,9.02777
7,17.9999,,1002.19,5.67893,49819.3,,-3.61031e-06,-0.0114919,,-0.00122322,8.70908
7,18.4999,,1002,6.37724,45480.2,,-6.15727e-06,-0.0149779,,-0.00194744,8.35386
7,18.9998,,1001.83,8.18835,41542.7,,-9.36024e-06,-0.017448,,-0.00281359,8.40889
7,19.4998,,1001.65,10.3996,37460.9,,-1.30558e-05,-0.0213758,,-0.00375586,8.99364
7,19.9996,,1001.43,5.80319,32328.6,,-1.68972e-05,-0.030673,,-0.00466653,9.17898
7,20.4996,,1001.21,-6.68429,27365,,-2.03417e-05,-0.0347111,,-0.0054042,8.75756
7,20.9996,,1001.07,-11.0448,24274.6,,-2.26583e-05,-0.0202161,,-0.00580199,9.71684
7,21.4994,,1000.85,-1.35614,19279.5,,-2.31538e-05,-0.0100016,,-0.00572607,12.2902
7,21.9992,,1000.48,1.50826,10739,,-2.15884e-05,-0.0257161,,-0.00517912,12.8524
7,22.4996,,1000.15,-4.97647,3480.34,,-1.77868e-05,-0.0243006,,-0.00417905,9.55319
7,22.9992,,1000.14,-13.4215,3255.54,,-1.1531e-05,-0.00435237,,-0.00268596,6.93962
7.5,-1.5,,1010.33,0,240345,,0,0,,0,0
7.5,-1,,1010.12,0,235440,,0,0,,0,0
7.5,-0.5,,1009.92,0,230535,,0,0,,0,0
7.5,-0.000343192,,1009.82,3.06843,228166,,-4.49502e-07,-0.0173398,,-0.000129215,9.39354
7.5,0.499858,,1009.51,-1.12777,220789,,-6.23531e-07,-0.00234033,,-0.000178004,10.0007
7.5,0.999822,,1009.32,1.72599,216345,,-6.53276e-07,-0.00705989,,-0.0001872,9.55146
7.5,1.49976,,1009.14,2.04253,211887,,-5.78353e-07,-0.0109821,,-0.000168908,9.57134
7.5,1.99976,,1008.91,0.352089,206420,,-4.31055e-07,-0.00879009,,-0.000130768,9.87197
7.5,2.49976,,1008.69,0.868296,201281,,-2.36911e-07,-0.00895099,,-7.82153e-05,9.79456
7.5,2.99975,,1008.48,1.4387,196382,,-2.72663e-08,-0.0105196,,-1.9278e-05,9.679
7.5,3.49975,,1008.27,0.935925,191361,,1.71667e-07,-0.0110694,,3.86572e-05,9.69319
7.5,3.99975,,1008.06,0.418035,186314,,3.43149e-07,-0.0111619,,9.03273e-05,9.68917
7.5,4.49975,,1007.85,0.199817,181330,,4.7931e-07,-0.0113359,,0.000132751,9.63902
7.5,4.99976,,1007.64,0.00275822,176381,,5.79649e-07,-0.0114281,,0.00016512,9.59761
7.5,5.49976,,1007.43,-0.218263,171442,,6.48753e-07,-0.0113489,,0.000188288,9.57669
7.5,5.99977,,1007.22,-0.382413,166513,,6.9358e-07,-0.0111677,,0.00020399,9.56437
7.5,6.49977,,1007.01,-0.480522,161595,,7.21159e-07,-0.0109374,,0.000214129,9.55682
7.5,6.99978,,1006.8,-0.540651,156683,,7.37297e-07,-0.0106738,,0.000220375,9.55468
7.5,7.49979,,1006.59,-0.578938,151773,,7.46225e-07,-0.0103869,,0.000224026,9.55689
7.5,7.99979,,1006.39,-0.601861,146866,,7.50809e-07,-0.0100867,,0.000226027,9.56165
7.5,8.4998,,1006.18,-0.61477,141960,,7.52889e-07,-0.00977934,,0.00022703,9.56781
7.5,8.99981,,1005.97,-0.622144,137054,,7.53596e-07,-0.009468,,0.000227461,9.57479
7.5,9.49981,,1005.76,-0.626679,132148,,7.53583e-07,-0.00915421,,0.000227578,9.58224
7.5,9.99982,,1005.55,-0.629734,127243,,7.53204e-07,-0.0088388,,0.000227526,9.58993
7.5,10.4998,,1005.34,-0.631964,122337,,7.5263e-07,-0.00852218,,0.000227379,9.59773
7.5,10.9998,,1005.13,-0.633604,117432,,7.51919e-07,-0.00820462,,0.000227158,9.60558
7.5,11.4998,,1004.91,-0.634501,112526,,7.51035e-07,-0.00788633,,0.000226844,9.61337
7.5,11.9998,,1004.7,-0.633959,107621,,7.49823e-07,-0.00756764,,0.000226356,9.62099
7.5,12.4999,,1004.49,-0.630314,102716,,7.47908e-07,-0.00724932,,0.000225514,9.62819
7.5,12.9999,,1004.28,-0.620196,97811.1,,7.44491e-07,-0.00693308,,0.000223952,9.63444
7.5,13.4999,,1004.07,-0.597256,92907.4,,7.37947e-07,-0.00662266,,0.000220964,9.63867
7.5,13.9999,,1003.86,-0.549136,88005.9,,7.25123e-07,-0.0063253,,0.000215249,9.63897
7.5,14.4999,,1003.64,-0.451582,83108.9,,7.00234e-07,-0.00605453,,0.000204526,9.63233
7.5,14.9999,,1003.43,-0.265494,78220.6,,6.53283e-07,-0.00583819,,0.000185056,9.61373
7.5,15.4999,,1003.22,0.0529156,73347.1,,5.67938e-07,-0.00573306,,0.000151102,9.57332
7.5,15.9999,,1003.01,0.553124,68500.4,,4.18815e-07,-0.00582418,,9.44007e-05,9.49639
7.5,16.4999,,1002.8,1.35886,63706,,1.68568e-07,-0.00619222,,3.73961e-06,9.37656
7.5,16.9999,,1002.59,2.67565,58997,,-2.33676e-07,-0.00696663,,-0.000134983,9.22545
7.5,17.4999,,1002.39,4.38354,54373.1,,-8.49522e-07,-0.00856821,,-0.000337491,9.02743
7.5,17.9999,,1002.19,5.6833,49819.6,,-1.74081e-06,-0.0114935,,-0.000617793,8.70862
7.5,18.4999,,1002,6.38389,45480.8,,-2.94972e-06,-0.0149799,,-0.000982405,8.35328
7.5,18.9998,,1001.83,8.19771,41543.4,,-4.4708e-06,-0.0174504,,-0.00142274,8.40821
7.5,19.4998,,1001.65,10.412,37462,,-6.22209e-06,-0.0213785,,-0.00190814,8.99294
7.5,19.9996,,1001.43,5.81841,32329.9,,-8.02868e-06,-0.0306757,,-0.00238387,9.17835
7.5,20.4996,,1001.21,-6.66671,27366.6,,-9.62224e-06,-0.0347131,,-0.00277459,8.75712
7.5,20.9996,,1001.07,-11.0259,24276.4,,-1.06585e-05,-0.0202171,,-0.00299117,9.71671
7.5,21.4994,,1000.85,-1.3377,19281.4,,-1.08272e-05,-0.0100012,,-0.00296208,12.2904
7.5,21.9992,,1000.48,1.52424,10740.6,,-1.0033e-05,-0.025714,,-0.00268369,12.853
7.5,22.4996,,1000.15,-4.96335,3481.68,,-8.21451e-06,-0.0242957,,-0.00216253,9.55449
7.5,22.9992,,1000.14,-13.4121,3256.51,,-5.30027e-06,-0.00434499,,-0.0013858,6.9415
8,-1.5,,1010.33,0,240345,,0,0,,0,0
8,-1,,1010.12,0,235440,,0,0,,0,0
8,-0.5,,1009.92,0,230535,,0,0,,0,0
8,-0.000343193,,1009.82,3.06895,228166,,-1.90587e-07,-0.01734,,-5.8986e-05,9.39349
8,0.499858,,1009.51,-1.1272,220789,,-2.66835e-07,-0.0023404,,-8.20795e-05,10.0007
8,0.999822,,1009.32,1.72657,216346,,-2.82119e-07,-0.00705987,,-8.69938e-05,9.55147
8,1.49976,,1009.14,2.04307,211887,,-2.51265e-07,-0.010982,,-7.86222e-05,9.57136
8,1.99976,,1008.91,0.352514,206420,,-1.87361e-07,-0.00878997,,-6.04434e-05,9.872
8,2.49976,,1008.69,0.868553,201281,,-1.01477e-07,-0.00895085,,-3.51984e-05,9.7946
8,2.99975,,1008.48,1.43877,196382,,-7.63343e-09,-0.0105194,,-6.84833e-06,9.67904
8,3.49975,,1008.27,0.935814,191361,,8.19946e-08,-0.0110693,,2.09564e-05,9.69323
8,3.99975,,1008.06,0.417759,186314,,1.59429e-07,-0.0111618,,4.56659e-05,9.68921
8,4.49975,,1007.85,0.199404,181330,,2.20973e-07,-0.0113358,,6.59301e-05,9.63905
8,4.99976,,1007.64,0.00223658,176381,,2.66481e-07,-0.0114281,,8.14566e-05,9.59763
8,5.49976,,1007.43,-0.218867,171442,,2.9809e-07,-0.0113488,,9.26813e-05,9.57671
8,5.99977,,1007.22,-0.383075,166513,,3.1887e-07,-0.0111676,,0.000100388,9.56438
8,6.49977,,1007.01,-0.481224,161595,,3.31848e-07,-0.0109374,,0.000105422,9.55683
8,6.99978,,1006.8,-0.541379,156682,,3.39535e-07,-0.0106738,,0.000108543,9.55469
8,7.49979,,1006.59,-0.579681,151773,,3.43814e-07,-0.0103869,,0.000110369,9.55689
8,7.99979,,1006.39,-0.602613,146866,,3.46007e-07,-0.0100867,,0.000111366,9.56165
8,8.4998,,1006.18,-0.615527,141960,,3.46991e-07,-0.00977933,,0.000111861,9.56781
8,8.99981,,1005.97,-0.622904,137054,,3.47308e-07,-0.009468,,0.000112067,9.57479
8,9.49981,,1005.76,-0.62744,132148,,3.47273e-07,-0.00915421,,0.000112115,9.58224
8,9.99982,,1005.55,-0.630495,127242,,3.47057e-07,-0.0088388,,0.000112075,9.58993
8,10.4998,,1005.34,-0.632726,122337,,3.46743e-07,-0.00852219,,0.000111985,9.59773
8,10.9998,,1005.13,-0.634365,117432,,3.46358e-07,-0.00820462,,0.000111857,9.60558
8,11.4998,,1004.91,-0.635261,112526,,3.45886e-07,-0.00788633,,0.00011168,9.61337
8,11.9998,,1004.7,-0.634719,107621,,3.45245e-07,-0.00756765,,0.000111411,9.62099
8,12.4999,,1004.49,-0.63107,102716,,3.44249e-07,-0.00724933,,0.000110957,9.62819
8,12.9999,,1004.28,-0.620945,97811.1,,3.425e-07,-0.00693309,,0.000110129,9.63444
8,13.4999,,1004.07,-0.597993,92907.4,,3.39208e-07,-0.00662267,,0.000108571,9.63867
8,13.9999,,1003.86,-0.549848,88005.8,,3.32851e-07,-0.00632532,,0.000105628,9.63896
8,14.4999,,1003.64,-0.452249,83108.8,,3.20643e-07,-0.00605456,,0.000100163,9.63232
8,14.9999,,1003.43,-0.266081,78220.5,,2.97784e-07,-0.00583823,,9.03024e-05,9.61371
8,15.4999,,1003.22,0.0524651,73347.1,,2.56513e-07,-0.00573314,,7.31698e-05,9.57328
8,15.9999,,1003.01,0.552899,68500.4,,1.85065e-07,-0.00582432,,4.46693e-05,9.49634
8,16.4999,,1002.8,1.35898,63706,,6.66976e-08,-0.00619244,,-5.94883e-07,9.37648
8,16.9999,,1002.59,2.6763,58997.1,,-1.20722e-07,-0.00696698,,-6.91426e-05,9.22533
8,17.4999,,1002.39,4.38491,54373.1,,-4.03587e-07,-0.00856872,,-0.000167981,9.02726
8,17.9999,,1002.19,5.68562,49819.7,,-8.08493e-07,-0.0114942,,-0.000303229,8.70839
8,18.4999,,1002,6.38738,45481,,-1.35412e-06,-0.0149808,,-0.00047779,8.35299
8,18.9998,,1001.83,8.20256,41543.8,,-2.03907e-06,-0.0174516,,-0.000688118,8.40788
8,19.4998,,1001.65,10.4183,37462.5,,-2.82839e-06,-0.0213798,,-0.000920887,8.99259
8,19.9996,,1001.43,5.82608,32330.6,,-3.64464e-06,-0.0306769,,-0.00115137,9.17803
8,20.4996,,1001.21,-6.6579,27367.4,,-4.36663e-06,-0.0347141,,-0.00134408,8.75689
8,20.9996,,1001.07,-11.0164,24277.3,,-4.83811e-06,-0.0202176,,-0.00145563,9.71663
8,21.4994,,1000.85,-1.32843,19282.2,,-4.91674e-06,-0.0100009,,-0.00144923,12.2906
8,21.9992,,1000.48,1.53235,10741.4,,-4.55288e-06,-0.025713,,-0.00131843,12.8533
8,22.4996,,1000.15,-4.95669,3482.32,,-3.71688e-06,-0.0242934,,-0.00106292,9.55515
8,22.9992,,1000.14,-13.4074,3256.97,,-2.38807e-06,-0.00434164,,-0.000679008,6.94244
8.5,-1.5,,1010.33,0,240345,,0,0,,0,0
8.5,-1,,1010.12,0,235440,,0,0,,0,0
8.5,-0.5,,1009.92,0,230535,,0,0,,0,0
8.5,-0.000343193,,1009.82,3.06918,228166,,-7.84176e-08,-0.01734,,-2.58395e-05,9.39347
8.5,0.499858,,1009.51,-1.12694,220789,,-1.1062e-07,-0.00234043,,-3.62295e-05,10.0007
8.5,0.999822,,1009.32,1.72684,216346,,-1.17655e-07,-0.00705987,,-3.85855e-05,9.55147
8.5,1.49976,,1009.14,2.04332,211887,,-1.04998e-07,-0.010982,,-3.48634e-05,9.57137
8.5,1.99976,,1008.91,0.35271,206420,,-7.79818e-08,-0.00878991,,-2.66175e-05,9.87202
8.5,2.49976,,1008.69,0.86867,201281,,-4.13914e-08,-0.00895079,,-1.51513e-05,9.79462
8.5,2.99975,,1008.48,1.4388,196382,,-1.25434e-09,-0.0105194,,-2.27236e-06,9.67906
8.5,3.49975,,1008.27,0.935756,191361,,3.71985e-08,-0.0110692,,1.03803e-05,9.69325
8.5,3.99975,,1008.06,0.417622,186314,,7.05608e-08,-0.0111618,,2.16774e-05,9.68922
8.5,4.49975,,1007.85,0.199198,181330,,9.72755e-08,-0.0113358,,3.10237e-05,9.63906
8.5,4.99976,,1007.64,0.00197533,176381,,1.1726e-07,-0.011428,,3.82722e-05,9.59764
8.5,5.49976,,1007.43,-0.21917,171442,,1.31347e-07,-0.0113488,,4.35802e-05,9.57671
8.5,5.99977,,1007.22,-0.383408,166513,,1.40746e-07,-0.0111676,,4.72623e-05,9.56438
8.5,6.49977,,1007.01,-0.481577,161595,,1.46686e-07,-0.0109374,,4.9682e-05,9.55683
8.5,6.99978,,1006.8,-0.541744,156682,,1.50229e-07,-0.0106738,,5.11848e-05,9.55469
8.5,7.49979,,1006.59,-0.580054,151773,,1.52206e-07,-0.0103869,,5.20632e-05,9.55689
8.5,7.99979,,1006.39,-0.60299,146866,,1.53219e-07,-0.0100867,,5.25414e-05,9.56165
8.5,8.4998,,1006.18,-0.615907,141960,,1.53669e-07,-0.00977933,,5.27767e-05,9.56781
8.5,8.99981,,1005.97,-0.623285,137054,,1.53807e-07,-0.009468,,5.28715e-05,9.57479
8.5,9.49981,,1005.76,-0.627822,132148,,1.53778e-07,-0.00915421,,5.28877e-05,9.58224
8.5,9.99982,,1005.55,-0.630877,127242,,1.53662e-07,-0.0088388,,5.28606e-05,9.58993
8.5,10.4998,,1005.34,-0.633107,122337,,1.53499e-07,-0.00852219,,5.28082e-05,9.59773
8.5,10.9998,,1005.13,-0.634746,117432,,1.53301e-07,-0.00820462,,5.27362e-05,9.60558
8.5,11.4998,,1004.91,-0.635642,112526,,1.53059e-07,-0.00788633,,5.2639e-05,9.61337
8.5,11.9998,,1004.7,-0.635099,107621,,1.52734e-07,-0.00756765,,5.24954e-05,9.62099
8.5,12.4999,,1004.49,-0.631449,102716,,1.52235e-07,-0.00724933,,5.22582e-05,9.62819
8.5,12.9999,,1004.28,-0.62132,97811,,1.51372e-07,-0.00693309,,5.18333e-05,9.63444
8.5,13.4999,,1004.07,-0.598361,92907.4,,1.49768e-07,-0.00662267,,5.10445e-05,9.63867
8.5,13.9999,,1003.86,-0.550203,88005.8,,1.46716e-07,-0.00632532,,4.95743e-05,9.63896
8.5,14.4999,,1003.64,-0.452581,83108.8,,1.4093e-07,-0.00605457,,4.68759e-05,9.63231
8.5,14.9999,,1003.43,-0.266372,78220.5,,1.30199e-07,-0.00583825,,4.20526e-05,9.6137
8.5,15.4999,,1003.22,0.0522436,73347.1,,1.10961e-07,-0.00573318,,3.37232e-05,9.57327
8.5,15.9999,,1003.01,0.552791,68500.3,,7.7869e-08,-0.00582438,,1.9918e-05,9.49631
8.5,16.4999,,1002.8,1.35905,63706,,2.34917e-08,-0.00619255,,-1.93435e-06,9.37644
8.5,16.9999,,1002.59,2.67663,58997.1,,-6.16479e-08,-0.00696714,,-3.48551e-05,9.22527
8.5,17.4999,,1002.39,4.38561,54373.2,,-1.88383e-07,-0.00856895,,-8.19315e-05,9.02717
8.5,17.9999,,1002.19,5.68681,49819.8,,-3.67144e-07,-0.0114945,,-0.000145638,8.70828
8.5,18.4999,,1002,6.38917,45481.1,,-6.0475e-07,-0.0149813,,-0.000226839,8.35286
8.5,18.9998,,1001.83,8.20503,41544,,-8.997e-07,-0.0174521,,-0.000323504,8.40772
8.5,19.4998,,1001.65,10.4214,37462.7,,-1.23687e-06,-0.0213803,,-0.000429427,8.99243
8.5,19.9996,,1001.43,5.82994,32330.9,,-1.58378e-06,-0.0306774,,-0.000533583,9.17788
8.5,20.4996,,1001.21,-6.65354,27367.7,,-1.88978e-06,-0.0347145,,-0.000620335,8.75678
8.5,20.9996,,1001.07,-11.0118,24277.7,,-2.08924e-06,-0.0202178,,-0.000670486,9.71659
8.5,21.4994,,1000.85,-1.32393,19282.6,,-2.12133e-06,-0.0100008,,-0.000667387,12.2906
8.5,21.9992,,1000.48,1.53626,10741.7,,-1.96243e-06,-0.0257126,,-0.000607206,12.8535
8.5,22.4996,,1000.15,-4.95349,3482.61,,-1.59832e-06,-0.0242924,,-0.000488933,9.55545
8.5,22.9992,,1000.14,-13.4051,3257.18,,-1.02291e-06,-0.00434018,,-0.000311352,6.94287
9,-1.5,,1010.33,0,240345,,0,0,,0,0
9,-1,,1010.12,0,235440,,0,0,,0,0
9,-0.5,,1009.92,0,230535,,0,0,,0,0
9,-0.000343193,,1009.82,3.06928,228166,,-3.1081e-08,-0.0173401,,-1.08811e-05,9.39346
9,0.499858,,1009.51,-1.12682,220789,,-4.41031e-08,-0.00234044,,-1.53505e-05,10.0007
9,0.999822,,1009.32,1.72696,216346,,-4.71216e-08,-0.00705986,,-1.64224e-05,9.55147
9,1.49976,,1009.14,2.04343,211887,,-4.21316e-08,-0.0109819,,-1.48596e-05,9.57138
9,1.99976,,1008.91,0.352799,206420,,-3.1227e-08,-0.00878989,,-1.13145e-05,9.87202
9,2.49976,,1008.69,0.868724,201281,,-1.63478e-08,-0.00895076,,-6.34937e-06,9.79463
9,2.99975,,1008.48,1.43881,196382,,8.45584e-11,-0.0105193,,-7.308e-07,9.67907
9,3.49975,,1008.27,0.935726,191361,,1.59627e-08,-0.0110692,,4.84188e-06,9.69326
9,3.99975,,1008.06,0.417553,186314,,2.98921e-08,-0.0111618,,9.87443e-06,9.68923
9,4.49975,,1007.85,0.199096,181330,,4.11966e-08,-0.0113357,,1.40888e-05,9.63907
9,4.99976,,1007.64,0.00184594,176381,,4.97761e-08,-0.011428,,1.73935e-05,9.59764
9,5.49976,,1007.43,-0.21932,171442,,5.59038e-08,-0.0113488,,1.98334e-05,9.57672
9,5.99977,,1007.22,-0.383572,166513,,6.00338e-08,-0.0111676,,2.15337e-05,9.56439
9,6.49977,,1007.01,-0.48175,161595,,6.26605e-08,-0.0109374,,2.26533e-05,9.55683
9,6.99978,,1006.8,-0.541924,156682,,6.42327e-08,-0.0106738,,2.33494e-05,9.55469
9,7.49979,,1006.59,-0.580237,151773,,6.5112e-08,-0.0103869,,2.37568e-05,9.5569
9,7.99979,,1006.39,-0.603176,146866,,6.55623e-08,-0.0100867,,2.39785e-05,9.56165
9,8.4998,,1006.18,-0.616093,141960,,6.57607e-08,-0.00977933,,2.40868e-05,9.56781
9,8.99981,,1005.97,-0.623472,137054,,6.58178e-08,-0.009468,,2.41286e-05,9.57479
9,9.49981,,1005.76,-0.628009,132148,,6.57984e-08,-0.00915421,,2.41329e-05,9.58224
9,9.99982,,1005.55,-0.631065,127242,,6.57384e-08,-0.0088388,,2.41162e-05,9.58993
9,10.4998,,1005.34,-0.633295,122337,,6.56559e-08,-0.00852219,,2.40872e-05,9.59773
9,10.9998,,1005.13,-0.634934,117432,,6.55568e-08,-0.00820462,,2.40485e-05,9.60558
9,11.4998,,1004.91,-0.635829,112526,,6.54368e-08,-0.00788633,,2.39973e-05,9.61337
9,11.9998,,1004.7,-0.635285,107621,,6.52773e-08,-0.00756765,,2.39234e-05,9.62099
9,12.4999,,1004.49,-0.631634,102716,,6.50354e-08,-0.00724933,,2.38038e-05,9.62819
9,12.9999,,1004.28,-0.621503,97811,,6.46224e-08,-0.00693309,,2.35931e-05,9.63444
9,13.4999,,1004.07,-0.598541,92907.3,,6.38657e-08,-0.00662267,,2.32069e-05,9.63867
9,13.9999,,1003.86,-0.550376,88005.8,,6.24444e-08,-0.00632532,,2.24952e-05,9.63896
9,14.4999,,1003.64,-0.452743,83108.8,,5.97857e-08,-0.00605457,,2.12034e-05,9.63231
9,14.9999,,1003.43,-0.266514,78220.5,,5.49149e-08,-0.00583826,,1.89189e-05,9.6137
9,15.4999,,1003.22,0.0521362,73347.1,,4.62664e-08,-0.0057332,,1.50093e-05,9.57326
9,15.9999,,1003.01,0.552738,68500.3,,3.14962e-08,-0.00582441,,8.57061e-06,9.4963
9,16.4999,,1002.8,1.35909,63706,,7.37371e-09,-0.00619259,,-1.5808e-06,9.37642
9,16.9999,,1002.59,2.67679,58997.1,,-3.01371e-08,-0.00696721,,-1.68301e-05,9.22524
9,17.4999,,1002.39,4.38595,54373.2,,-8.54775e-08,-0.00856906,,-3.85606e-05,9.02714
9,17.9999,,1002.19,5.68739,49819.8,,-1.62652e-07,-0.0114947,,-6.78076e-05,8.70823
9,18.4999,,1002,6.39005,45481.2,,-2.6387e-07,-0.0149814,,-0.000104786,8.35279
9,18.9998,,1001.83,8.20624,41544.1,,-3.87722e-07,-0.0174523,,-0.000148339,8.40765
9,19.4998,,1001.65,10.423,37462.8,,-5.27253e-07,-0.0213806,,-0.000195456,8.99235
9,19.9996,,1001.43,5.83183,32331,,-6.68738e-07,-0.0306776,,-0.000241103,9.17781
9,20.4996,,1001.21,-6.65138,27367.9,,-7.91563e-07,-0.0347147,,-0.000278422,8.75673
9,20.9996,,1001.07,-11.0095,24277.8,,-8.69603e-07,-0.0202178,,-0.000299244,9.71657
9,21.4994,,1000.85,-1.32173,19282.8,,-8.78848e-07,-0.0100008,,-0.000296614,12.2906
9,21.9992,,1000.48,1.53818,10741.9,,-8.09958e-07,-0.0257124,,-0.000268991,12.8536
9,22.4996,,1000.15,-4.95193,3482.73,,-6.57313e-07,-0.024292,,-0.000215947,9.55559
9,22.9992,,1000.14,-13.404,3257.26,,-4.19146e-07,-0.00433958,,-0.00013711,6.94307
9.5,-1.5,,1010.33,0,240345,,0,0,,0,0
9.5,-1,,1010.12,0,235440,,0,0,,0,0
9.5,-0.5,,1009.92,0,230535,,0,0,,0,0
9.5,-0.000343193,,1009.82,3.06933,228166,,-1.19168e-08,-0.0173401,,-4.43782e-06,9.39346
9.5,0.499858,,1009.51,-1.12676,220789,,-1.69994e-08,-0.00234045,,-6.29778e-06,10.0007
9.5,0.999822,,1009.32,1.72702,216346,,-1.82509e-08,-0.00705986,,-6.77208e-06,9.55147
9.5,1.49976,,1009.14,2.04349,211887,,-1.6373e-08,-0.0109819,,-6.14499e-06,9.57138
9.5,1.99976,,1008.91,0.352839,206420,,-1.21445e-08,-0.00878988,,-4.67466e-06,9.87203
9.5,2.49976,,1008.69,0.868747,201281,,-6.30251e-09,-0.00895075,,-2.5895e-06,9.79463
9.5,2.99975,,1008.48,1.43882,196382,,2.24213e-10,-0.0105193,,-2.03839e-07,9.67907
9.5,3.49975,,1008.27,0.935711,191361,,6.60962e-09,-0.0110692,,2.1881e-06,9.69326
9.5,3.99975,,1008.06,0.417519,186314,,1.22836e-08,-0.0111618,,4.36951e-06,9.68923
9.5,4.49975,,1007.85,0.199046,181330,,1.69448e-08,-0.0113357,,6.21078e-06,9.63907
9.5,4.99976,,1007.64,0.0017842,176381,,2.05193e-08,-0.011428,,7.66257e-06,9.59764
9.5,5.49976,,1007.43,-0.219391,171442,,2.30921e-08,-0.0113488,,8.73799e-06,9.57672
9.5,5.99977,,1007.22,-0.38365,166513,,2.48358e-08,-0.0111676,,9.48919e-06,9.56439
9.5,6.49977,,1007.01,-0.481832,161595,,2.59495e-08,-0.0109374,,9.98516e-06,9.55683
9.5,6.99978,,1006.8,-0.542008,156682,,2.66193e-08,-0.0106738,,1.02948e-05,9.55469
9.5,7.49979,,1006.59,-0.580324,151773,,2.69957e-08,-0.0103869,,1.0477e-05,9.5569
9.5,7.99979,,1006.39,-0.603263,146866,,2.71893e-08,-0.0100867,,1.05764e-05,9.56165
9.5,8.4998,,1006.18,-0.616181,141960,,2.72742e-08,-0.00977933,,1.06247e-05,9.56781
9.5,8.99981,,1005.97,-0.62356,137054,,2.72972e-08,-0.009468,,1.06428e-05,9.57479
9.5,9.49981,,1005.76,-0.628098,132148,,2.72864e-08,-0.00915421,,1.06436e-05,9.58224
9.5,9.99982,,1005.55,-0.631153,127242,,2.72574e-08,-0.0088388,,1.06346e-05,9.58993
9.5,10.4998,,1005.34,-0.633383,122337,,2.72182e-08,-0.00852219,,1.06199e-05,9.59773
9.5,10.9998,,1005.13,-0.635022,117432,,2.71714e-08,-0.00820462,,1.06006e-05,9.60558
9.5,11.4998,,1004.91,-0.635917,112526,,2.7115e-08,-0.00788633,,1.05754e-05,9.61337
9.5,11.9998,,1004.7,-0.635373,107621,,2.70405e-08,-0.00756765,,1.05394e-05,9.62099
9.5,12.4999,,1004.49,-0.631722,102716,,2.69287e-08,-0.00724933,,1.04821e-05,9.62819
9.5,12.9999,,1004.28,-0.62159,97811,,2.67398e-08,-0.00693309,,1.03825e-05,9.63444
9.5,13.4999,,1004.07,-0.598626,92907.3,,2.63973e-08,-0.00662267,,1.02017e-05,9.63867
9.5,13.9999,,1003.86,-0.550458,88005.8,,2.57608e-08,-0.00632533,,9.87126e-06,9.63896
9.5,14.4999,,1003.64,-0.452819,83108.8,,2.45835e-08,-0.00605457,,9.27657e-06,9.63231
9.5,14.9999,,1003.43,-0.26658,78220.5,,2.24524e-08,-0.00583827,,8.23467e-06,9.61369
9.5,15.4999,,1003.22,0.052086,73347.1,,1.87113e-08,-0.00573321,,6.46878e-06,9.57326
9.5,15.9999,,1003.01,0.552714,68500.3,,1.2383e-08,-0.00582442,,3.58592e-06,9.49629
9.5,16.4999,,1002.8,1.3591,63706,,2.12412e-09,-0.00619261,,-9.28544e-07,9.37641
9.5,16.9999,,1002.59,2.67687,58997.1,,-1.37343e-08,-0.00696724,,-7.67933e-06,9.22523
9.5,17.4999,,1002.39,4.38611,54373.2,,-3.69992e-08,-0.0085691,,-1.72718e-05,9.02712
9.5,17.9999,,1002.19,5.68766,49819.9,,-6.92339e-08,-0.0114947,,-3.01534e-05,8.70821
9.5,18.4999,,1002,6.39045,45481.2,,-1.11171e-07,-0.0149815,,-4.63958e-05,8.35277
9.5,18.9998,,1001.83,8.20681,41544.1,,-1.61975e-07,-0.0174524,,-6.54475e-05,8.40762
9.5,19.4998,,1001.65,10.4237,37462.9,,-2.18523e-07,-0.0213807,,-8.59293e-05,8.99232
9.5,19.9996,,1001.43,5.83272,32331.1,,-2.75033e-07,-0.0306777,,-0.00010559,9.17779
9.5,20.4996,,1001.21,-6.65037,27368,,-3.2317e-07,-0.0347148,,-0.000121438,8.75671
9.5,20.9996,,1001.07,-11.0084,24277.9,,-3.52718e-07,-0.0202179,,-0.000130018,9.71657
9.5,21.4994,,1000.85,-1.32068,19282.8,,-3.54527e-07,-0.0100008,,-0.00012846,12.2906
9.5,21.9992,,1000.48,1.53909,10741.9,,-3.25224e-07,-0.0257123,,-0.000116164,12.8536
9.5,22.4996,,1000.15,-4.95118,3482.78,,-2.62855e-07,-0.0242918,,-9.29855e-05,9.55565
9.5,22.9992,,1000.14,-13.4034,3257.3,,-1.67053e-07,-0.00433934,,-5.88798e-05,6.94315
10,-1.5,,1010.33,0,240345,,0,0,,0,0
10,-1,,1010.12,0,235440,,0,0,,0,0
10,-0.5,,1009.92,0,230535,,0,0,,0,0
10,-0.000343193,,1009.82,3.06935,228166,,-4.31792e-09,-0.0173401,,-1.6994e-06,9.39346
10,0.499858,,1009.51,-1.12674,220789,,-6.19005e-09,-0.00234045,,-2.42476e-06,10.0007
10,0.999822,,1009.32,1.72704,216346,,-6.67753e-09,-0.00705986,,-2.61941e-06,9.55147
10,1.49976,,1009.14,2.04351,211887,,-6.0107e-09,-0.0109819,,-2.38177e-06,9.57138
10,1.99976,,1008.91,0.352855,206420,,-4.46054e-09,-0.00878988,,-1.80758e-06,9.87203
10,2.49976,,1008.69,0.868757,201281,,-2.29087e-09,-0.00895075,,-9.84858e-07,9.79463
10,2.99975,,1008.48,1.43882,196382,,1.59302e-10,-0.0105193,,-3.62629e-08,9.67907
10,3.49975,,1008.27,0.935703,191361,,2.58024e-09,-0.0110692,,9.20824e-07,9.69326
10,3.99975,,1008.06,0.417504,186314,,4.74996e-09,-0.0111618,,1.79768e-06,9.68924
10,4.49975,,1007.85,0.199024,181330,,6.54472e-09,-0.0113357,,2.54006e-06,9.63907
10,4.99976,,1007.64,0.00175679,176381,,7.92826e-09,-0.011428,,3.12669e-06,9.59764
10,5.49976,,1007.43,-0.219422,171442,,8.92837e-09,-0.0113488,,3.56225e-06,9.57672
10,5.99977,,1007.22,-0.383684,166513,,9.6091e-09,-0.0111676,,3.86758e-06,9.56439
10,6.49977,,1007.01,-0.481868,161595,,1.00463e-08,-0.0109374,,4.07026e-06,9.55683
10,6.99978,,1006.8,-0.542046,156682,,1.03111e-08,-0.0106738,,4.19765e-06,9.55469
10,7.49979,,1006.59,-0.580362,151773,,1.04611e-08,-0.0103869,,4.27306e-06,9.5569
10,7.99979,,1006.39,-0.603302,146866,,1.05387e-08,-0.0100867,,4.31441e-06,9.56165
10,8.4998,,1006.18,-0.616221,141960,,1.05728e-08,-0.00977933,,4.33447e-06,9.56781
10,8.99981,,1005.97,-0.6236,137054,,1.05818e-08,-0.009468,,4.34181e-06,9.57479
10,9.49981,,1005.76,-0.628137,132148,,1.05769e-08,-0.00915421,,4.34184e-06,9.58224
10,9.99982,,1005.55,-0.631192,127242,,1.05645e-08,-0.0088388,,4.33775e-06,9.58993
10,10.4998,,1005.34,-0.633422,122337,,1.05479e-08,-0.00852219,,4.33118e-06,9.59773
10,10.9998,,1005.13,-0.635061,117432,,1.05281e-08,-0.00820462,,4.32264e-06,9.60558
10,11.4998,,1004.91,-0.635956,112526,,1.05042e-08,-0.00788633,,4.31152e-06,9.61337
10,11.9998,,1004.7,-0.635412,107621,,1.04727e-08,-0.00756765,,4.29577e-06,9.62099
10,12.4999,,1004.49,-0.63176,102716,,1.04256e-08,-0.00724933,,4.27087e-06,9.62819
10,12.9999,,1004.28,-0.621628,97811,,1.03467e-08,-0.00693309,,4.22795e-06,9.63444
10,13.4999,,1004.07,-0.598663,92907.3,,1.02045e-08,-0.00662267,,4.15064e-06,9.63867
10,13.9999,,1003.86,-0.550494,88005.8,,9.94219e-09,-0.00632533,,4.0102e-06,9.63896
10,14.4999,,1003.64,-0.452853,83108.8,,9.46071e-09,-0.00605458,,3.75885e-06,9.63231
10,14.9999,,1003.43,-0.26661,78220.5,,8.59705e-09,-0.00583827,,3.32125e-06,9.61369
10,15.4999,,1003.22,0.0520642,73347.1,,7.0962e-09,-0.00573321,,2.58514e-06,9.57326
10,15.9999,,1003.01,0.552704,68500.3,,4.58281e-09,-0.00582443,,1.39334e-06,9.49629
10,16.4999,,1002.8,1.35911,63706,,5.44393e-10,-0.00619262,,-4.58092e-07,9.37641
10,16.9999,,1002.59,2.6769,58997.1,,-5.65377e-09,-0.00696725,,-3.20806e-06,9.22522
10,17.4999,,1002.39,4.38618,54373.2,,-1.46966e-08,-0.00856912,,-7.09645e-06,9.02711
10,17.9999,,1002.19,5.68777,49819.9,,-2.71696e-08,-0.0114948,,-1.23021e-05,8.7082
10,18.4999,,1002,6.39063,45481.2,,-4.33279e-08,-0.0149816,,-1.88546e-05,8.35275
10,18.9998,,1001.83,8.20705,41544.1,,-6.28097e-08,-0.0174524,,-2.6533e-05,8.40761
10,19.4998,,1001.65,10.4241,37462.9,,-8.4367e-08,-0.0213807,,-3.47797e-05,8.99231
10,19.9996,,1001.43,5.83311,32331.1,,-1.05742e-07,-0.0306778,,-4.26818e-05,9.17777
10,20.4996,,1001.21,-6.64993,27368,,-1.23745e-07,-0.0347148,,-4.90298e-05,8.7567
10,20.9996,,1001.07,-11.008,24277.9,,-1.34552e-07,-0.0202179,,-5.24411e-05,9.71656
10,21.4994,,1000.85,-1.32022,19282.9,,-1.34798e-07,-0.0100008,,-5.17739e-05,12.2906
10,21.9992,,1000.48,1.5395,10742,,-1.23275e-07,-0.0257123,,-4.6773e-05,12.8536
10,22.4996,,1000.15,-4.95085,3482.81,,-9.93201e-08,-0.0242918,,-3.73737e-05,9.55567
10,22.9992,,1000.14,-13.4032,3257.32,,-6.29394e-08,-0.00433924,,-2.36095e-05,6.94319
10.5,-1.5,,1010.33,0,240345,,0,0,,0,0
10.5,-1,,1010.12,0,235440,,0,0,,0,0
10.5,-0.5,,1009.92,0,230535,,0,0,,0,0
10.5,-0.000343193,,1009.82,3.06936,228166,,-1.07192e-09,-0.0173401,,-4.3664e-07,9.39346
10.5,0.499858,,1009.51,-1.12673,220789,,-1.54178e-09,-0.00234045,,-6.2516e-07,10.0007
10.5,0.999822,,1009.32,1.72705,216346,,-1.66826e-09,-0.00705986,,-6.77127e-07,9.55147
10.5,1.49976,,1009.14,2.04351,211887,,-1.50431e-09,-0.0109819,,-6.16082e-07,9.57138
10.5,1.99976,,1008.91,0.352861,206420,,-1.11546e-09,-0.00878988,,-4.66237e-07,9.87203
10.5,2.49976,,1008.69,0.86876,201281,,-5.67132e-10,-0.00895075,,-2.50545e-07,9.79463
10.5,2.99975,,1008.48,1.43882,196382,,5.55429e-11,-0.0105193,,-1.12704e-09,9.67908
10.5,3.49975,,1008.27,0.935701,191361,,6.73572e-10,-0.0110692,,2.5103e-07,9.69326
10.5,3.99975,,1008.06,0.417498,186314,,1.2294e-09,-0.0111617,,4.82337e-07,9.68924
10.5,4.49975,,1007.85,0.199016,181330,,1.69037e-09,-0.0113357,,6.78364e-07,9.63907
10.5,4.99976,,1007.64,0.00174661,176381,,2.04654e-09,-0.011428,,8.33475e-07,9.59764
10.5,5.49976,,1007.43,-0.219434,171442,,2.3047e-09,-0.0113488,,9.48921e-07,9.57672
10.5,5.99977,,1007.22,-0.383697,166513,,2.48107e-09,-0.0111676,,1.03015e-06,9.56439
10.5,6.49977,,1007.01,-0.481882,161595,,2.59492e-09,-0.0109374,,1.08434e-06,9.55683
10.5,6.99978,,1006.8,-0.54206,156682,,2.66427e-09,-0.0106738,,1.11857e-06,9.55469
10.5,7.49979,,1006.59,-0.580377,151773,,2.7038e-09,-0.0103869,,1.13892e-06,9.5569
10.5,7.99979,,1006.39,-0.603317,146866,,2.72435e-09,-0.0100867,,1.1501e-06,9.56165
10.5,8.4998,,1006.18,-0.616235,141960,,2.73339e-09,-0.00977933,,1.15552e-06,9.56781
10.5,8.99981,,1005.97,-0.623614,137054,,2.73576e-09,-0.009468,,1.15749e-06,9.57479
10.5,9.49981,,1005.76,-0.628152,132148,,2.73442e-09,-0.00915421,,1.15746e-06,9.58224
10.5,9.99982,,1005.55,-0.631207,127242,,2.73107e-09,-0.0088388,,1.1563e-06,9.58993
10.5,10.4998,,1005.34,-0.633437,122337,,2.72657e-09,-0.00852219,,1.15447e-06,9.59773
10.5,10.9998,,1005.13,-0.635076,117432,,2.72119e-09,-0.00820462,,1.15208e-06,9.60558
10.5,11.4998,,1004.91,-0.635971,112526,,2.7147e-09,-0.00788633,,1.14899e-06,9.61337
10.5,11.9998,,1004.7,-0.635426,107621,,2.70616e-09,-0.00756765,,1.14461e-06,9.62099
10.5,12.4999,,1004.49,-0.631775,102716,,2.69341e-09,-0.00724933,,1.13771e-06,9.62819
10.5,12.9999,,1004.28,-0.621643,97811,,2.67207e-09,-0.00693309,,1.12588e-06,9.63444
10.5,13.4999,,1004.07,-0.598677,92907.3,,2.63381e-09,-0.00662267,,1.10466e-06,9.63867
10.5,13.9999,,1003.86,-0.550508,88005.8,,2.56343e-09,-0.00632533,,1.06626e-06,9.63896
10.5,14.4999,,1003.64,-0.452865,83108.8,,2.43478e-09,-0.00605458,,9.97725e-07,9.63231
10.5,14.9999,,1003.43,-0.26662,78220.5,,2.20512e-09,-0.00583827,,8.78783e-07,9.61369
10.5,15.4999,,1003.22,0.0520563,73347.1,,1.80837e-09,-0.00573321,,6.79485e-07,9.57326
10.5,15.9999,,1003.01,0.552701,68500.3,,1.14833e-09,-0.00582443,,3.58371e-07,9.49629
10.5,16.4999,,1002.8,1.35911,63706,,9.47962e-11,-0.00619262,,-1.37761e-07,9.3764
10.5,16.9999,,1002.59,2.67691,58997.1,,-1.51268e-09,-0.00696726,,-8.70731e-07,9.22522
10.5,17.4999,,1002.39,4.38621,54373.2,,-3.84687e-09,-0.00856913,,-1.90235e-06,9.02711
10.5,17.9999,,1002.19,5.68782,49819.9,,-7.05511e-09,-0.0114948,,-3.2787e-06,8.70819
10.5,18.4999,,1002,6.39069,45481.2,,-1.12005e-08,-0.0149816,,-5.00744e-06,8.35275
10.5,18.9998,,1001.83,8.20714,41544.1,,-1.61882e-08,-0.0174524,,-7.03126e-06,8.4076
10.5,19.4998,,1001.65,10.4242,37462.9,,-2.16964e-08,-0.0213807,,-9.20472e-06,8.9923
10.5,19.9996,,1001.43,5.83325,32331.1,,-2.71446e-08,-0.0306778,,-1.12882e-05,9.17777
10.5,20.4996,,1001.21,-6.64977,27368,,-3.17164e-08,-0.0347148,,-1.29631e-05,8.7567
10.5,20.9996,,1001.07,-11.0078,24278,,-3.44399e-08,-0.0202179,,-1.38649e-05,9.71656
10.5,21.4994,,1000.85,-1.32005,19282.9,,-3.44635e-08,-0.0100008,,-1.36911e-05,12.2906
10.5,21.9992,,1000.48,1.53965,10742,,-3.14784e-08,-0.0257123,,-1.23679e-05,12.8536
10.5,22.4996,,1000.15,-4.95073,3482.81,,-2.53207e-08,-0.0242917,,-9.87464e-06,9.55568
10.5,22.9992,,1000.14,-13.4031,3257.32,,-1.60162e-08,-0.00433921,,-6.22837e-06,6.9432
11,-1.5,,1010.33,0,240345,,0,0,,0,0
11,-1,,1010.12,0,235440,,0,0,,0,0
11,-0.5,,1009.92,0,230535,,0,0,,0,0
11,-0.000343193,,1009.82,3.06936,228166,,1.07192e-09,-0.0173401,,4.3664e-07,9.39346
11,0.499858,,1009.51,-1.12673,220789,,1.54177e-09,-0.00234045,,6.2516e-07,10.0007
11,0.999822,,1009.32,1.72705,216346,,1.66825e-09,-0.00705986,,6.77127e-07,9.55147
11,1.49976,,1009.14,2.04351,211887,,1.50431e-09,-0.0109819,,6.16082e-07,9.57138
11,1.99976,,1008.91,0.352861,206420,,1.11546e-09,-0.00878988,,4.66236e-07,9.87203
11,2.49976,,1008.69,0.86876,201281,,5.67132e-10,-0.00895075,,2.50545e-07,9.79463
11,2.99975,,1008.48,1.43882,196382,,-5.55436e-11,-0.0105193,,1.12707e-09,9.67908
11,3.49975,,1008.27,0.935701,191361,,-6.73574e-10,-0.0110692,,-2.5103e-07,9.69326
11,3.99975,,1008.06,0.417498,186314,,-1.2294e-09,-0.0111617,,-4.82337e-07,9.68924
11,4.49975,,1007.85,0.199016,181330,,-1.69037e-09,-0.0113357,,-6.78363e-07,9.63907
11,4.99976,,1007.64,0.00174661,176381,,-2.04654e-09,-0.011428,,-8.33475e-07,9.59764
11,5.49976,,1007.43,-0.219434,171442,,-2.3047e-09,-0.0113488,,-9.48921e-07,9.57672
11,5.99977,,1007.22,-0.383697,166513,,-2.48107e-09,-0.0111676,,-1.03015e-06,9.56439
11,6.49977,,1007.01,-0.481882,161595,,-2.59492e-09,-0.0109374,,-1.08434e-06,9.55683
11,6.99978,,1006.8,-0.54206,156682,,-2.66427e-09,-0.0106738,,-1.11857e-06,9.55469
11,7.49979,,1006.59,-0.580377,151773,,-2.7038e-09,-0.0103869,,-1.13892e-06,9.5569
11,7.99979,,1006.39,-0.603317,146866,,-2.72435e-09,-0.0100867,,-1.1501e-06,9.56165
11,8.4998,,1006.18,-0.616235,141960,,-2.73339e-09,-0.00977933,,-1.15552e-06,9.56781
11,8.99981,,1005.97,-0.623614,137054,,-2.73575e-09,-0.009468,,-1.15749e-06,9.57479
11,9.49981,,1005.76,-0.628152,132148,,-2.73442e-09,-0.00915421,,-1.15746e-06,9.58224
11,9.99982,,1005.55,-0.631207,127242,,-2.73107e-09,-0.0088388,,-1.1563e-06,9.58993
11,10.4998,,1005.34,-0.633437,122337,,-2.72657e-09,-0.00852219,,-1.15447e-06,9.59773
11,10.9998,,1005.13,-0.635076,117432,,-2.72119e-09,-0.00820462,,-1.15208e-06,9.60558
11,11.4998,,1004.91,-0.635971,112526,,-2.7147e-09,-0.00788633,,-1.14899e-06,9.61337
11,11.9998,,1004.7,-0.635426,107621,,-2.70616e-09,-0.00756765,,-1.14461e-06,9.62099
11,12.4999,,1004.49,-0.631775,102716,,-2.69341e-09,-0.00724933,,-1.13771e-06,9.62819
11,12.9999,,1004.28,-0.621643,97811,,-2.67207e-09,-0.00693309,,-1.12588e-06,9.63444
11,13.4999,,1004.07,-0.598677,92907.3,,-2.6338e-09,-0.00662267,,-1.10466e-06,9.63867
11,13.9999,,1003.86,-0.550508,88005.8,,-2.56343e-09,-0.00632533,,-1.06626e-06,9.63896
11,14.4999,,1003.64,-0.452865,83108.8,,-2.43478e-09,-0.00605458,,-9.97723e-07,9.63231
11,14.9999,,1003.43,-0.26662,78220.5,,-2.20512e-09,-0.00583827,,-8.78782e-07,9.61369
11,15.4999,,1003.22,0.0520563,73347.1,,-1.80837e-09,-0.00573321,,-6.79484e-07,9.57326
11,15.9999,,1003.01,0.552701,68500.3,,-1.14833e-09,-0.00582443,,-3.5837e-07,9.49629
11,16.4999,,1002.8,1.35911,63706,,-9.4794e-11,-0.00619262,,1.37761e-07,9.3764
11,16.9999,,1002.59,2.67691,58997.1,,1.51268e-09,-0.00696726,,8.70731e-07,9.22522
11,17.4999,,1002.39,4.38621,54373.2,,3.84687e-09,-0.00856913,,1.90235e-06,9.02711
11,17.9999,,1002.19,5.68782,49819.9,,7.05511e-09,-0.0114948,,3.2787e-06,8.70819
11,18.4999,,1002,6.39069,45481.2,,1.12005e-08,-0.0149816,,5.00744e-06,8.35275
11,18.9998,,1001.83,8.20714,41544.1,,1.61882e-08,-0.0174524,,7.03126e-06,8.4076
11,19.4998,,1001.65,10.4242,37462.9,,2.16964e-08,-0.0213807,,9.20472e-06,8.9923
11,19.9996,,1001.43,5.83325,32331.1,,2.71446e-08,-0.0306778,,1.12882e-05,9.17777
11,20.4996,,1001.21,-6.64977,27368,,3.17164e-08,-0.0347148,,1.29631e-05,8.7567
11,20.9996,,1001.07,-11.0078,24278,,3.44399e-08,-0.0202179,,1.38649e-05,9.71656
11,21.4994,,1000.85,-1.32005,19282.9,,3.44635e-08,-0.0100008,,1.36911e-05,12.2906
11,21.9992,,1000.48,1.53965,10742,,3.14784e-08,-0.0257123,,1.23679e-05,12.8536
11,22.4996,,1000.15,-4.95073,3482.81,,2.53207e-08,-0.0242917,,9.87464e-06,9.55568
11,22.9992,,1000.14,-13.4031,3257.32,,1.60162e-08,-0.00433921,,6.22837e-06,6.9432
11.5,-1.5,,1010.33,0,240345,,0,0,,0,0
11.5,-1,,1010.12,0,235440,,0,0,,0,0
11.5,-0.5,,1009.92,0,230535,,0,0,,0,0
11.5,-0.000343193,,1009.82,3.06935,228166,,4.31793e-09,-0.0173401,,1.6994e-06,9.39346
11.5,0.499858,,1009.51,-1.12674,220789,,6.19005e-09,-0.00234045,,2.42476e-06,10.0007
11.5,0.999822,,1009.32,1.72704,216346,,6.67753e-09,-0.00705986,,2.61941e-06,9.55147
11.5,1.49976,,1009.14,2.04351,211887,,6.01071e-09,-0.0109819,,2.38177e-06,9.57138
11.5,1.99976,,1008.91,0.352855,206420,,4.46054e-09,-0.00878988,,1.80758e-06,9.87203
11.5,2.49976,,1008.69,0.868757,201281,,2.29087e-09,-0.00895075,,9.84858e-07,9.79463
11.5,2.99975,,1008.48,1.43882,196382,,-1.59304e-10,-0.0105193,,3.62627e-08,9.67907
11.5,3.49975,,1008.27,0.935703,191361,,-2.58024e-09,-0.0110692,,-9.20824e-07,9.69326
11.5,3.99975,,1008.06,0.417504,186314,,-4.74996e-09,-0.0111618,,-1.79768e-06,9.68924
11.5,4.49975,,1007.85,0.199024,181330,,-6.54472e-09,-0.0113357,,-2.54006e-06,9.63907
11.5,4.99976,,1007.64,0.00175679,176381,,-7.92826e-09,-0.011428,,-3.12669e-06,9.59764
11.5,5.49976,,1007.43,-0.219422,171442,,-8.92837e-09,-0.0113488,,-3.56225e-06,9.57672
11.5,5.99977,,1007.22,-0.383684,166513,,-9.6091e-09,-0.0111676,,-3.86758e-06,9.56439
11.5,6.49977,,1007.01,-0.481868,161595,,-1.00463e-08,-0.0109374,,-4.07026e-06,9.55683
11.5,6.99978,,1006.8,-0.542046,156682,,-1.03111e-08,-0.0106738,,-4.19765e-06,9.55469
11.5,7.49979,,1006.59,-0.580362,151773,,-1.04611e-08,-0.0103869,,-4.27306e-06,9.5569
11.5,7.99979,,1006.39,-0.603302,146866,,-1.05387e-08,-0.0100867,,-4.31441e-06,9.56165
11.5,8.4998,,1006.18,-0.616221,141960,,-1.05728e-08,-0.00977933,,-4.33447e-06,9.56781
11.5,8.99981,,1005.97,-0.6236,137054,,-1.05818e-08,-0.009468,,-4.34181e-06,9.57479
11.5,9.49981,,1005.76,-0.628137,132148,,-1.05769e-08,-0.00915421,,-4.34184e-06,9.58224
11.5,9.99982,,1005.55,-0.631192,127242,,-1.05645e-08,-0.0088388,,-4.33775e-06,9.58993
11.5,10.4998,,1005.34,-0.633422,122337,,-1.05479e-08,-0.00852219,,-4.33118e-06,9.59773
11.5,10.9998,,1005.13,-0.635061,117432,,-1.05281e-08,-0.00820462,,-4.32264e-06,9.60558
11.5,11.4998,,1004.91,-0.635956,112526,,-1.05042e-08,-0.00788633,,-4.31152e-06,9.61337
11.5,11.9998,,1004.7,-0.635412,107621,,-1.04727e-08,-0.00756765,,-4.29577e-06,9.62099
11.5,12.4999,,1004.49,-0.63176,102716,,-1.04256e-08,-0.00724933,,-4.27087e-06,9.62819
11.5,12.9999,,1004.28,-0.621628,97811,,-1.03467e-08,-0.00693309,,-4.22795e-06,9.63444
11.5,13.4999,,1004.07,-0.598663,92907.3,,-1.02045e-08,-0.00662267,,-4.15064e-06,9.63867
11.5,13.9999,,1003.86,-0.550494,88005.8,,-9.94219e-09,-0.00632533,,-4.0102e-06,9.63896
11.5,14.4999,,1003.64,-0.452853,83108.8,,-9.46071e-09,-0.00605458,,-3.75885e-06,9.63231
11.5,14.9999,,1003.43,-0.26661,78220.5,,-8.59705e-09,-0.00583827,,-3.32125e-06,9.61369
11.5,15.4999,,1003.22,0.0520642,73347.1,,-7.09619e-09,-0.00573321,,-2.58514e-06,9.57326
11.5,15.9999,,1003.01,0.552704,68500.3,,-4.5828e-09,-0.00582443,,-1.39334e-06,9.49629
11.5,16.4999,,1002.8,1.35911,63706,,-5.44389e-10,-0.00619262,,4.58092e-07,9.37641
11.5,16.9999,,1002.59,2.6769,58997.1,,5.65377e-09,-0.00696725,,3.20806e-06,9.22522
11.5,17.4999,,1002.39,4.38618,54373.2,,1.46966e-08,-0.00856912,,7.09645e-06,9.02711
11.5,17.9999,,1002.19,5.68777,49819.9,,2.71696e-08,-0.0114948,,1.23021e-05,8.7082
11.5,18.4999,,1002,6.39063,45481.2,,4.33279e-08,-0.0149816,,1.88546e-05,8.35275
11.5,18.9998,,1001.83,8.20705,41544.1,,6.28097e-08,-0.0174524,,2.6533e-05,8.40761
11.5,19.4998,,1001.65,10.4241,37462.9,,8.4367e-08,-0.0213807,,3.47797e-05,8.99231
11.5,19.9996,,1001.43,5.83311,32331.1,,1.05742e-07,-0.0306778,,4.26818e-05,9.17777
11.5,20.4996,,1001.21,-6.64993,27368,,1.23745e-07,-0.0347148,,4.90298e-05,8.7567
11.5,20.9996,,1001.07,-11.008,24277.9,,1.34552e-07,-0.0202179,,5.24411e-05,9.71656
11.5,21.4994,,1000.85,-1.32022,19282.9,,1.34798e-07,-0.0100008,,5.17739e-05,12.2906
11.5,21.9992,,1000.48,1.5395,10742,,1.23275e-07,-0.0257123,,4.6773e-05,12.8536
11.5,22.4996,,1000.15,-4.95085,3482.81,,9.93201e-08,-0.0242918,,3.73737e-05,9.55567
11.5,22.9992,,1000.14,-13.4032,3257.32,,6.29394e-08,-0.00433924,,2.36095e-05,6.94319
12,-1.5,,1010.33,0,240345,,0,0,,0,0
12,-1,,1010.12,0,235440,,0,0,,0,0
12,-0.5,,1009.92,0,230535,,0,0,,0,0
12,-0.000343193,,1009.82,3.06933,228166,,1.19168e-08,-0.0173401,,4.43782e-06,9.39346
12,0.499858,,1009.51,-1.12676,220789,,1.69994e-08,-0.00234045,,6.29778e-06,10.0007
12,0.999822,,1009.32,1.72702,216346,,1.82509e-08,-0.00705986,,6.77208e-06,9.55147
12,1.49976,,1009.14,2.04349,211887,,1.6373e-08,-0.0109819,,6.14499e-06,9.57138
12,1.99976,,1008.91,0.352839,206420,,1.21445e-08,-0.00878988,,4.67465e-06,9.87203
12,2.49976,,1008.69,0.868747,201281,,6.30251e-09,-0.00895075,,2.5895e-06,9.79463
12,2.99975,,1008.48,1.43882,196382,,-2.24215e-10,-0.0105193,,2.03839e-07,9.67907
12,3.49975,,1008.27,0.935711,191361,,-6.60962e-09,-0.0110692,,-2.1881e-06,9.69326
12,3.99975,,1008.06,0.417519,186314,,-1.22836e-08,-0.0111618,,-4.36951e-06,9.68923
12,4.49975,,1007.85,0.199046,181330,,-1.69448e-08,-0.0113357,,-6.21078e-06,9.63907
12,4.99976,,1007.64,0.0017842,176381,,-2.05193e-08,-0.011428,,-7.66257e-06,9.59764
12,5.49976,,1007.43,-0.219391,171442,,-2.30921e-08,-0.0113488,,-8.73799e-06,9.57672
12,5.99977,,1007.22,-0.38365,166513,,-2.48358e-08,-0.0111676,,-9.48919e-06,9.56439
12,6.49977,,1007.01,-0.481832,161595,,-2.59495e-08,-0.0109374,,-9.98516e-06,9.55683
12,6.99978,,1006.8,-0.542008,156682,,-2.66193e-08,-0.0106738,,-1.02948e-05,9.55469
12,7.49979,,1006.59,-0.580324,151773,,-2.69957e-08,-0.0103869,,-1.0477e-05,9.5569
12,7.99979,,1006.39,-0.603263,146866,,-2.71893e-08,-0.0100867,,-1.05764e-05,9.56165
12,8.4998,,1006.18,-0.616181,141960,,-2.72742e-08,-0.00977933,,-1.06247e-05,9.56781
12,8.99981,,1005.97,-0.62356,137054,,-2.72972e-08,-0.009468,,-1.06428e-05,9.57479
12,9.49981,,1005.76,-0.628098,132148,,-2.72864e-08,-0.00915421,,-1.06436e-05,9.58224
12,9.99982,,1005.55,-0.631153,127242,,-2.72574e-08,-0.0088388,,-1.06346e-05,9.58993
12,10.4998,,1005.34,-0.633383,122337,,-2.72182e-08,-0.00852219,,-1.06199e-05,9.59773
12,10.9998,,1005.13,-0.635022,117432,,-2.71714e-08,-0.00820462,,-1.06006e-05,9.60558
12,11.4998,,1004.91,-0.635917,112526,,-2.7115e-08,-0.00788633,,-1.05754e-05,9.61337
12,11.9998,,1004.7,-0.635373,107621,,-2.70405e-08,-0.00756765,,-1.05394e-05,9.62099
12,12.4999,,1004.49,-0.631722,102716,,-2.69287e-08,-0.00724933,,-1.04821e-05,9.62819
12,12.9999,,1004.28,-0.62159,97811,,-2.67398e-08,-0.00693309,,-1.03825e-05,9.63444
12,13.4999,,1004.07,-0.598626,92907.3,,-2.63973e-08,-0.00662267,,-1.02017e-05,9.63867
12,13.9999,,1003.86,-0.550458,88005.8,,-2.57608e-08,-0.00632533,,-9.87127e-06,9.63896
12,14.4999,,1003.64,-0.452819,83108.8,,-2.45835e-08,-0.00605457,,-9.27657e-06,9.63231
12,14.9999,,1003.43,-0.26658,78220.5,,-2.24524e-08,-0.00583827,,-8.23467e-06,9.61369
12,15.4999,,1003.22,0.052086,73347.1,,-1.87113e-08,-0.00573321,,-6.46878e-06,9.57326
12,15.9999,,1003.01,0.552714,68500.3,,-1.2383e-08,-0.00582442,,-3.58592e-06,9.49629
12,16.4999,,1002.8,1.3591,63706,,-2.12412e-09,-0.00619261,,9.28544e-07,9.37641
12,16.9999,,1002.59,2.67687,58997.1,,1.37343e-08,-0.00696724,,7.67933e-06,9.22523
12,17.4999,,1002.39,4.38611,54373.2,,3.69992e-08,-0.0085691,,1.72718e-05,9.02712
12,17.9999,,1002.19,5.68766,49819.9,,6.92339e-08,-0.0114947,,3.01534e-05,8.70821
12,18.4999,,1002,6.39045,45481.2,,1.11171e-07,-0.0149815,,4.63958e-05,8.35277
12,18.9998,,1001.83,8.20681,41544.1,,1.61975e-07,-0.0174524,,6.54475e-05,8.40762
12,19.4998,,1001.65,10.4237,37462.9,,2.18523e-07,-0.0213807,,8.59293e-05,8.99232
12,19.9996,,1001.43,5.83272,32331.1,,2.75033e-07,-0.0306777,,0.00010559,9.17779
12,20.4996,,1001.21,-6.65037,27368,,3.2317e-07,-0.0347148,,0.000121438,8.75671
12,20.9996,,1001.07,-11.0084,24277.9,,3.52718e-07,-0.0202179,,0.000130018,9.71657
12,21.4994,,1000.85,-1.32068,19282.8,,3.54527e-07,-0.0100008,,0.00012846,12.2906
12,21.9992,,1000.48,1.53909,10741.9,,3.25224e-07,-0.0257123,,0.000116164,12.8536
12,22.4996,,1000.15,-4.95118,3482.78,,2.62855e-07,-0.0242918,,9.29855e-05,9.55565
12,22.9992,,1000.14,-13.4034,3257.3,,1.67053e-07,-0.00433934,,5.88798e-05,6.94315
12.5,-1.5,,1010.33,0,240345,,0,0,,0,0
12.5,-1,,1010.12,0,235440,,0,0,,0,0
12.5,-0.5,,1009.92,0,230535,,0,0,,0,0
12.5,-0.000343193,,1009.82,3.06928,228166,,3.1081e-08,-0.0173401,,1.08811e-05,9.39346
12.5,0.499858,,1009.51,-1.12682,220789,,4.41031e-08,-0.00234044,,1.53505e-05,10.0007
12.5,0.999822,,1009.32,1.72696,216346,,4.71216e-08,-0.00705986,,1.64224e-05,9.55147
12.5,1.49976,,1009.14,2.04343,211887,,4.21316e-08,-0.0109819,,1.48596e-05,9.57138
12.5,1.99976,,1008.91,0.352799,206420,,3.1227e-08,-0.00878989,,1.13145e-05,9.87202
12.5,2.49976,,1008.69,0.868724,201281,,1.63478e-08,-0.00895076,,6.34937e-06,9.79463
12.5,2.99975,,1008.48,1.43881,196382,,-8.45606e-11,-0.0105193,,7.308e-07,9.67907
12.5,3.49975,,1008.27,0.935726,191361,,-1.59627e-08,-0.0110692,,-4.84188e-06,9.69326
12.5,3.99975,,1008.06,0.417553,186314,,-2.98921e-08,-0.0111618,,-9.87443e-06,9.68923
12.5,4.49975,,1007.85,0.199096,181330,,-4.11966e-08,-0.0113357,,-1.40888e-05,9.63907
12.5,4.99976,,1007.64,0.00184594,176381,,-4.97761e-08,-0.011428,,-1.73935e-05,9.59764
12.5,5.49976,,1007.43,-0.21932,171442,,-5.59038e-08,-0.0113488,,-1.98334e-05,9.57672
12.5,5.99977,,1007.22,-0.383572,166513,,-6.00338e-08,-0.0111676,,-2.15337e-05,9.56439
12.5,6.49977,,1007.01,-0.48175,161595,,-6.26605e-08,-0.0109374,,-2.26533e-05,9.55683
12.5,6.99978,,1006.8,-0.541924,156682,,-6.42327e-08,-0.0106738,,-2.33494e-05,9.55469
12.5,7.49979,,1006.59,-0.580237,151773,,-6.5112e-08,-0.0103869,,-2.37568e-05,9.5569
12.5,7.99979,,1006.39,-0.603176,146866,,-6.55623e-08,-0.0100867,,-2.39785e-05,9.56165
12.5,8.4998,,1006.18,-0.616093,141960,,-6.57607e-08,-0.00977933,,-2.40868e-05,9.56781
12.5,8.99981,,1005.97,-0.623472,137054,,-6.58178e-08,-0.009468,,-2.41286e-05,9.57479
12.5,9.49981,,1005.76,-0.628009,132148,,-6.57984e-08,-0.00915421,,-2.41329e-05,9.58224
12.5,9.99982,,1005.55,-0.631065,127242,,-6.57384e-08,-0.0088388,,-2.41162e-05,9.58993
12.5,10.4998,,1005.34,-0.633295,122337,,-6.56559e-08,-0.00852219,,-2.40872e-05,9.59773
12.5,10.9998,,1005.13,-0.634934,117432,,-6.55568e-08,-0.00820462,,-2.40485e-05,9.60558
12.5,11.4998,,1004.91,-0.635829,112526,,-6.54368e-08,-0.00788633,,-2.39973e-05,9.61337
12.5,11.9998,,1004.7,-0.635285,107621,,-6.52773e-08,-0.00756765,,-2.39234e-05,9.62099
12.5,12.4999,,1004.49,-0.631634,102716,,-6.50354e-08,-0.00724933,,-2.38038e-05,9.62819
12.5,12.9999,,1004.28,-0.621503,97811,,-6.46224e-08,-0.00693309,,-2.35931e-05,9.63444
12.5,13.4999,,1004.07,-0.598541,92907.3,,-6.38657e-08,-0.00662267,,-2.32069e-05,9.63867
12.5,13.9999,,1003.86,-0.550376,88005.8,,-6.24444e-08,-0.00632532,,-2.24952e-05,9.63896
12.5,14.4999,,1003.64,-0.452743,83108.8,,-5.97857e-08,-0.00605457,,-2.12034e-05,9.63231
12.5,14.9999,,1003.43,-0.266514,78220.5,,-5.49149e-08,-0.00583826,,-1.89189e-05,9.6137
12.5,15.4999,,1003.22,0.0521362,73347.1,,-4.62664e-08,-0.0057332,,-1.50093e-05,9.57326
12.5,15.9999,,1003.01,0.552738,68500.3,,-3.14962e-08,-0.00582441,,-8.57061e-06,9.4963
12.5,16.4999,,1002.8,1.35909,63706,,-7.3737e-09,-0.00619259,,1.5808e-06,9.37642
12.5,16.9999,,1002.59,2.67679,58997.1,,3.01371e-08,-0.00696721,,1.68301e-05,9.22524
12.5,17.4999,,1002.39,4.38595,54373.2,,8.54775e-08,-0.00856906,,3.85606e-05,9.02714
12.5,17.9999,,1002.19,5.68739,49819.8,,1.62652e-07,-0.0114947,,6.78076e-05,8.70823
12.5,18.4999,,1002,6.39005,45481.2,,2.6387e-07,-0.0149814,,0.000104786,8.35279
12.5,18.9998,,1001.83,8.20624,41544.1,,3.87722e-07,-0.0174523,,0.000148339,8.40765
12.5,19.4998,,1001.65,10.423,37462.8,,5.27253e-07,-0.0213806,,0.000195456,8.99235
12.5,19.9996,,1001.43,5.83183,32331,,6.68738e-07,-0.0306776,,0.000241103,9.17781
12.5,20.4996,,1001.21,-6.65138,27367.9,,7.91563e-07,-0.0347147,,0.000278422,8.75673
12.5,20.9996,,1001.07,-11.0095,24277.8,,8.69603e-07,-0.0202178,,0.000299244,9.71657
12.5,21.4994,,1000.85,-1.32173,19282.8,,8.78848e-07,-0.0100008,,0.000296614,12.2906
12.5,21.9992,,1000.48,1.53818,10741.9,,8.09958e-07,-0.0257124,,0.000268991,12.8536
12.5,22.4996,,1000.15,-4.95193,3482.73,,6.57313e-07,-0.024292,,0.000215947,9.55559
12.5,22.9992,,1000.14,-13.404,3257.26,,4.19146e-07,-0.00433958,,0.00013711,6.94307
13,-1.5,,1010.33,0,240345,,0,0,,0,0
13,-1,,1010.12,0,235440,,0,0,,0,0
13,-0.5,,1009.92,0,230535,,0,0,,0,0
13,-0.000343193,,1009.82,3.06918,228166,,7.84176e-08,-0.01734,,2.58395e-05,9.39347
13,0.499858,,1009.51,-1.12694,220789,,1.1062e-07,-0.00234043,,3.62295e-05,10.0007
13,0.999822,,1009.32,1.72684,216346,,1.17655e-07,-0.00705987,,3.85855e-05,9.55147
13,1.49976,,1009.14,2.04332,211887,,1.04998e-07,-0.010982,,3.48634e-05,9.57137
13,1.99976,,1008.91,0.35271,206420,,7.79818e-08,-0.00878991,,2.66175e-05,9.87202
13,2.49976,,1008.69,0.86867,201281,,4.13914e-08,-0.00895079,,1.51513e-05,9.79462
13,2.99975,,1008.48,1.4388,196382,,1.25434e-09,-0.0105194,,2.27236e-06,9.67906
13,3.49975,,1008.27,0.935756,191361,,-3.71985e-08,-0.0110692,,-1.03803e-05,9.69325
13,3.99975,,1008.06,0.417622,186314,,-7.05608e-08,-0.0111618,,-2.16774e-05,9.68922
13,4.49975,,1007.85,0.199198,181330,,-9.72755e-08,-0.0113358,,-3.10237e-05,9.63906
13,4.99976,,1007.64,0.00197533,176381,,-1.1726e-07,-0.011428,,-3.82722e-05,9.59764
13,5.49976,,1007.43,-0.21917,171442,,-1.31347e-07,-0.0113488,,-4.35802e-05,9.57671
13,5.99977,,1007.22,-0.383408,166513,,-1.40746e-07,-0.0111676,,-4.72623e-05,9.56438
13,6.49977,,1007.01,-0.481577,161595,,-1.46686e-07,-0.0109374,,-4.9682e-05,9.55683
13,6.99978,,1006.8,-0.541744,156682,,-1.50229e-07,-0.0106738,,-5.11848e-05,9.55469
13,7.49979,,1006.59,-0.580054,151773,,-1.52206e-07,-0.0103869,,-5.20632e-05,9.55689
13,7.99979,,1006.39,-0.60299,146866,,-1.53219e-07,-0.0100867,,-5.25414e-05,9.56165
13,8.4998,,1006.18,-0.615907,141960,,-1.53669e-07,-0.00977933,,-5.27767e-05,9.56781
13,8.99981,,1005.97,-0.623285,137054,,-1.53807e-07,-0.009468,,-5.28715e-05,9.57479
13,9.49981,,1005.76,-0.627822,132148,,-1.53778e-07,-0.00915421,,-5.28877e-05,9.58224
13,9.99982,,1005.55,-0.630877,127242,,-1.53662e-07,-0.0088388,,-5.28606e-05,9.58993
13,10.4998,,1005.34,-0.633107,122337,,-1.53499e-07,-0.00852219,,-5.28082e-05,9.59773
13,10.9998,,1005.13,-0.634746,117432,,-1.53301e-07,-0.00820462,,-5.27362e-05,9.60558
13,11.4998,,1004.91,-0.635642,112526,,-1.53059e-07,-0.00788633,,-5.2639e-05,9.61337
13,11.9998,,1004.7,-0.635099,107621,,-1.52734e-07,-0.00756765,,-5.24954e-05,9.62099
13,12.4999,,1004.49,-0.631449,102716,,-1.52235e-07,-0.00724933,,-5.22582e-05,9.62819
13,12.9999,,1004.28,-0.62132,97811,,-1.51372e-07,-0.00693309,,-5.18333e-05,9.63444
13,13.4999,,1004.07,-0.598361,92907.4,,-1.49768e-07,-0.00662267,,-5.10445e-05,9.63867
13,13.9999,,1003.86,-0.550203,88005.8,,-1.46716e-07,-0.00632532,,-4.95743e-05,9.63896
13,14.4999,,1003.64,-0.452581,83108.8,,-1.4093e-07,-0.00605457,,-4.68759e-05,9.63231
13,14.9999,,1003.43,-0.266372,78220.5,,-1.30199e-07,-0.00583825,,-4.20526e-05,9.6137
13,15.4999,,1003.22,0.0522436,73347.1,,-1.10961e-07,-0.00573318,,-3.37232e-05,9.57327
13,15.9999,,1003.01,0.552791,68500.3,,-7.7869e-08,-0.00582438,,-1.9918e-05,9.49631
13,16.4999,,1002.8,1.35905,63706,,-2.34916e-08,-0.00619255,,1.93435e-06,9.37644
13,16.9999,,1002.59,2.67663,58997.1,,6.16479e-08,-0.00696714,,3.48551e-05,9.22527
13,17.4999,,1002.39,4.38561,54373.2,,1.88383e-07,-0.00856895,,8.19315e-05,9.02717
13,17.9999,,1002.19,5.68681,49819.8,,3.67144e-07,-0.0114945,,0.000145638,8.70828
13,18.4999,,1002,6.38917,45481.1,,6.0475e-07,-0.0149813,,0.000226839,8.35286
13,18.9998,,1001.83,8.20503,41544,,8.997e-07,-0.0174521,,0.000323504,8.40772
13,19.4998,,1001.65,10.4214,37462.7,,1.23687e-06,-0.0213803,,0.000429427,8.99243
13,19.9996,,1001.43,5.82994,32330.9,,1.58378e-06,-0.0306774,,0.000533583,9.17788
13,20.4996,,1001.21,-6.65354,27367.7,,1.88978e-06,-0.0347145,,0.000620335,8.75678
13,20.9996,,1001.07,-11.0118,24277.7,,2.08924e-06,-0.0202178,,0.000670486,9.71659
13,21.4994,,1000.85,-1.32393,19282.6,,2.12133e-06,-0.0100008,,0.000667387,12.2906
13,21.9992,,1000.48,1.53626,10741.7,,1.96243e-06,-0.0257126,,0.000607206,12.8535
13,22.4996,,1000.15,-4.95349,3482.61,,1.59832e-06,-0.0242924,,0.000488933,9.55545
13,22.9992,,1000.14,-13.4051,3257.18,,1.02291e-06,-0.00434018,,0.000311352,6.94287
13.5,-1.5,,1010.33,0,240345,,0,0,,0,0
13.5,-1,,1010.12,0,235440,,0,0,,0,0
13.5,-0.5,,1009.92,0,230535,,0,0,,0,0
13.5,-0.000343193,,1009.82,3.06895,228166,,1.90587e-07,-0.01734,,5.8986e-05,9.39349
13.5,0.499858,,1009.51,-1.1272,220789,,2.66835e-07,-0.0023404,,8.20795e-05,10.0007
13.5,0.999822,,1009.32,1.72657,216346,,2.82119e-07,-0.00705987,,8.69938e-05,9.55147
13.5,1.49976,,1009.14,2.04307,211887,,2.51265e-07,-0.010982,,7.86222e-05,9.57136
13.5,1.99976,,1008.91,0.352514,206420,,1.87361e-07,-0.00878997,,6.04434e-05,9.872
13.5,2.49976,,1008.69,0.868553,201281,,1.01477e-07,-0.00895085,,3.51984e-05,9.7946
13.5,2.99975,,1008.48,1.43877,196382,,7.63343e-09,-0.0105194,,6.84833e-06,9.67904
13.5,3.49975,,1008.27,0.935814,191361,,-8.19946e-08,-0.0110693,,-2.09564e-05,9.69323
13.5,3.99975,,1008.06,0.417759,186314,,-1.59429e-07,-0.0111618,,-4.56659e-05,9.68921
13.5,4.49975,,1007.85,0.199404,181330,,-2.20973e-07,-0.0113358,,-6.59301e-05,9.63905
13.5,4.99976,,1007.64,0.00223658,176381,,-2.66481e-07,-0.0114281,,-8.14566e-05,9.59763
13.5,5.49976,,1007.43,-0.218867,171442,,-2.9809e-07,-0.0113488,,-9.26813e-05,9.57671
13.5,5.99977,,1007.22,-0.383075,166513,,-3.1887e-07,-0.0111676,,-0.000100388,9.56438
13.5,6.49977,,1007.01,-0.481224,161595,,-3.31848e-07,-0.0109374,,-0.000105422,9.55683
13.5,6.99978,,1006.8,-0.541379,156682,,-3.39535e-07,-0.0106738,,-0.000108543,9.55469
13.5,7.49979,,1006.59,-0.579681,151773,,-3.43814e-07,-0.0103869,,-0.000110369,9.55689
13.5,7.99979,,1006.39,-0.602613,146866,,-3.46007e-07,-0.0100867,,-0.000111366,9.56165
13.5,8.4998,,1006.18,-0.615527,141960,,-3.46991e-07,-0.00977933,,-0.000111861,9.56781
13.5,8.99981,,1005.97,-0.622904,137054,,-3.47308e-07,-0.009468,,-0.000112067,9.57479
13.5,9.49981,,1005.76,-0.62744,132148,,-3.47273e-07,-0.00915421,,-0.000112115,9.58224
13.5,9.99982,,1005.55,-0.630495,127242,,-3.47057e-07,-0.0088388,,-0.000112075,9.58993
13.5,10.4998,,1005.34,-0.632726,122337,,-3.46743e-07,-0.00852219,,-0.000111985,9.59773
13.5,10.9998,,1005.13,-0.634365,117432,,-3.46358e-07,-0.00820462,,-0.000111857,9.60558
13.5,11.4998,,1004.91,-0.635261,112526,,-3.45886e-07,-0.00788633,,-0.00011168,9.61337
13.5,11.9998,,1004.7,-0.634719,107621,,-3.45245e-07,-0.00756765,,-0.000111411,9.62099
13.5,12.4999,,1004.49,-0.63107,102716,,-3.44249e-07,-0.00724933,,-0.000110957,9.62819
13.5,12.9999,,1004.28,-0.620945,97811.1,,-3.425e-07,-0.00693309,,-0.000110129,9.63444
13.5,13.4999,,1004.07,-0.597993,92907.4,,-3.39208e-07,-0.00662267,,-0.000108571,9.63867
13.5,13.9999,,1003.86,-0.549848,88005.8,,-3.32851e-07,-0.00632532,,-0.000105628,9.63896
13.5,14.4999,,1003.64,-0.452249,83108.8,,-3.20643e-07,-0.00605456,,-0.000100163,9.63232
13.5,14.9999,,1003.43,-0.266081,78220.5,,-2.97784e-07,-0.00583823,,-9.03024e-05,9.61371
13.5,15.4999,,1003.22,0.0524651,73347.1,,-2.56513e-07,-0.00573314,,-7.31698e-05,9.57328
13.5,15.9999,,1003.01,0.552899,68500.4,,-1.85065e-07,-0.00582432,,-4.46693e-05,9.49634
13.5,16.4999,,1002.8,1.35898,63706,,-6.66976e-08,-0.00619244,,5.94883e-07,9.37648
13.5,16.9999,,1002.59,2.6763,58997.1,,1.20722e-07,-0.00696698,,6.91426e-05,9.22533
13.5,17.4999,,1002.39,4.38491,54373.1,,4.03587e-07,-0.00856872,,0.000167981,9.02726
13.5,17.9999,,1002.19,5.68562,49819.7,,8.08493e-07,-0.0114942,,0.000303229,8.70839
13.5,18.4999,,1002,6.38738,45481,,1.35412e-06,-0.0149808,,0.00047779,8.35299
13.5,18.9998,,1001.83,8.20256,41543.8,,2.03907e-06,-0.0174516,,0.000688118,8.40788
13.5,19.4998,,1001.65,10.4183,37462.5,,2.82839e-06,-0.0213798,,0.000920887,8.99259
13.5,19.9996,,1001.43,5.82608,32330.6,,3.64464e-06,-0.0306769,,0.00115137,9.17803
13.5,20.4996,,1001.21,-6.6579,27367.4,,4.36663e-06,-0.0347141,,0.00134408,8.75689
13.5,20.9996,,1001.07,-11.0164,24277.3,,4.83811e-06,-0.0202176,,0.00145563,9.71663
13.5,21.4994,,1000.85,-1.32843,19282.2,,4.91674e-06,-0.0100009,,0.00144923,12.2906
13.5,21.9992,,1000.48,1.53235,10741.4,,4.55288e-06,-0.025713,,0.00131843,12.8533
13.5,22.4996,,1000.15,-4.95669,3482.32,,3.71688e-06,-0.0242934,,0.00106292,9.55515
13.5,22.9992,,1000.14,-13.4074,3256.97,,2.38807e-06,-0.00434164,,0.000679008,6.94244
14,-1.5,,1010.33,0,240345,,0,0,,0,0
14,-1,,1010.12,0,235440,,0,0,,0,0
14,-0.5,,1009.92,0,230535,,0,0,,0,0
14,-0.000343192,,1009.82,3.06843,228166,,4.49502e-07,-0.0173398,,0.000129215,9.39354
14,0.499858,,1009.51,-1.12777,220789,,6.23531e-07,-0.00234033,,0.000178004,10.0007
14,0.999822,,1009.32,1.72599,216345,,6.53276e-07,-0.00705989,,0.0001872,9.55146
14,1.49976,,1009.14,2.04253,211887,,5.78353e-07,-0.0109821,,0.000168908,9.57134
14,1.99976,,1008.91,0.352089,206420,,4.31055e-07,-0.00879009,,0.000130768,9.87197
14,2.49976,,1008.69,0.868296,201281,,2.36912e-07,-0.00895099,,7.82153e-05,9.79456
14,2.99975,,1008.48,1.4387,196382,,2.72663e-08,-0.0105196,,1.9278e-05,9.679
14,3.49975,,1008.27,0.935925,191361,,-1.71667e-07,-0.0110694,,-3.86572e-05,9.69319
14,3.99975,,1008.06,0.418035,186314,,-3.43149e-07,-0.0111619,,-9.03273e-05,9.68917
14,4.49975,,1007.85,0.199817,181330,,-4.7931e-07,-0.0113359,,-0.000132751,9.63902
14,4.99976,,1007.64,0.00275822,176381,,-5.79649e-07,-0.0114281,,-0.00016512,9.59761
14,5.49976,,1007.43,-0.218263,171442,,-6.48753e-07,-0.0113489,,-0.000188288,9.57669
14,5.99977,,1007.22,-0.382413,166513,,-6.9358e-07,-0.0111677,,-0.00020399,9.56437
14,6.49977,,1007.01,-0.480522,161595,,-7.21159e-07,-0.0109374,,-0.000214129,9.55682
14,6.99978,,1006.8,-0.540651,156683,,-7.37297e-07,-0.0106738,,-0.000220375,9.55468
14,7.49979,,1006.59,-0.578938,151773,,-7.46225e-07,-0.0103869,,-0.000224026,9.55689
14,7.99979,,1006.39,-0.601861,146866,,-7.50809e-07,-0.0100867,,-0.000226027,9.56165
14,8.4998,,1006.18,-0.61477,141960,,-7.52889e-07,-0.00977934,,-0.00022703,9.56781
14,8.99981,,1005.97,-0.622144,137054,,-7.53596e-07,-0.009468,,-0.000227461,9.57479
14,9.49981,,1005.76,-0.626679,132148,,-7.53583e-07,-0.00915421,,-0.000227578,9.58224
14,9.99982,,1005.55,-0.629734,127243,,-7.53204e-07,-0.0088388,,-0.000227526,9.58993
14,10.4998,,1005.34,-0.631964,122337,,-7.5263e-07,-0.00852218,,-0.000227379,9.59773
14,10.9998,,1005.13,-0.633604,117432,,-7.51919e-07,-0.00820462,,-0.000227158,9.60558
14,11.4998,,1004.91,-0.634501,112526,,-7.51035e-07,-0.00788633,,-0.000226844,9.61337
14,11.9998,,1004.7,-0.633959,107621,,-7.49823e-07,-0.00756764,,-0.000226356,9.62099
14,12.4999,,1004.49,-0.630314,102716,,-7.47908e-07,-0.00724932,,-0.000225514,9.62819
14,12.9999,,1004.28,-0.620196,97811.1,,-7.44491e-07,-0.00693308,,-0.000223952,9.63444
14,13.4999,,1004.07,-0.597256,92907.4,,-7.37947e-07,-0.00662266,,-0.000220964,9.63867
14,13.9999,,1003.86,-0.549136,88005.9,,-7.25123e-07,-0.0063253,,-0.000215249,9.63897
14,14.4999,,1003.64,-0.451582,83108.9,,-7.00234e-07,-0.00605453,,-0.000204526,9.63233
14,14.9999,,1003.43,-0.265494,78220.6,,-6.53283e-07,-0.00583819,,-0.000185056,9.61373
14,15.4999,,1003.22,0.0529156,73347.1,,-5.67938e-07,-0.00573306,,-0.000151102,9.57332
14,15.9999,,1003.01,0.553124,68500.4,,-4.18815e-07,-0.00582418,,-9.44007e-05,9.49639
14,16.4999,,1002.8,1.35886,63706,,-1.68568e-07,-0.00619222,,-3.7396e-06,9.37656
14,16.9999,,1002.59,2.67565,58997,,2.33676e-07,-0.00696663,,0.000134983,9.22545
14,17.4999,,1002.39,4.38354,54373.1,,8.49522e-07,-0.00856821,,0.000337491,9.02743
14,17.9999,,1002.19,5.6833,49819.6,,1.74081e-06,-0.0114935,,0.000617793,8.70862
14,18.4999,,1002,6.38389,45480.8,,2.94972e-06,-0.0149799,,0.000982405,8.35328
14,18.9998,,1001.83,8.19771,41543.4,,4.4708e-06,-0.0174504,,0.00142274,8.40821
14,19.4998,,1001.65,10.412,37462,,6.22209e-06,-0.0213785,,0.00190814,8.99294
14,19.9996,,1001.43,5.81841,32329.9,,8.02868e-06,-0.0306757,,0.00238387,9.17835
14,20.4996,,1001.21,-6.66671,27366.6,,9.62224e-06,-0.0347131,,0.00277459,8.75712
14,20.9996,,1001.07,-11.0259,24276.4,,1.06585e-05,-0.0202171,,0.00299117,9.71671
14,21.4994,,1000.85,-1.3377,19281.4,,1.08272e-05,-0.0100012,,0.00296208,12.2904
14,21.9992,,1000.48,1.52424,10740.6,,1.0033e-05,-0.025714,,0.00268369,12.853
14,22.4996,,1000.15,-4.96335,3481.68,,8.21451e-06,-0.0242957,,0.00216253,9.55449
14,22.9992,,1000.14,-13.4121,3256.51,,5.30027e-06,-0.00434499,,0.0013858,6.9415
14.5,-1.5,,1010.33,0,240345,,0,0,,0,0
14.5,-1,,1010.12,0,235440,,0,0,,0,0
14.5,-0.5,,1009.92,0,230535,,0,0,,0,0
14.5,-0.000343191,,1009.82,3.06735,228166,,1.04533e-06,-0.0173395,,0.000276325,9.39364
14.5,0.499858,,1009.51,-1.12893,220789,,1.43684e-06,-0.00234018,,0.000376432,10.0007
14.5,0.999822,,1009.32,1.72482,216345,,1.48978e-06,-0.00705994,,0.000391569,9.55145
14.5,1.49976,,1009.14,2.04142,211887,,1.30566e-06,-0.0109822,,0.000350776,9.5713
14.5,1.99976,,1008.91,0.351202,206420,,9.64426e-07,-0.00879036,,0.00027126,9.8719
14.5,2.49976,,1008.69,0.867738,201281,,5.27914e-07,-0.00895131,,0.000164545,9.79448
14.5,2.99975,,1008.48,1.43852,196382,,6.83634e-08,-0.0105199,,4.69395e-05,9.67891
14.5,3.49975,,1008.27,0.936115,191361,,-3.58664e-07,-0.0110697,,-6.7595e-05,9.69311
14.5,3.99975,,1008.06,0.418558,186314,,-7.21845e-07,-0.0111622,,-0.000169697,9.68911
14.5,4.49975,,1007.85,0.200615,181331,,-1.00868e-06,-0.011336,,-0.000253972,9.63897
14.5,4.99976,,1007.64,0.00376772,176381,,-1.22001e-06,-0.0114282,,-0.000318625,9.59757
14.5,5.49976,,1007.43,-0.217097,171442,,-1.3655e-06,-0.011349,,-0.000364923,9.57667
14.5,5.99977,,1007.22,-0.381136,166513,,-1.45941e-06,-0.0111677,,-0.000396086,9.56435
14.5,6.49977,,1007.01,-0.479169,161595,,-1.51656e-06,-0.0109374,,-0.000415979,9.55681
14.5,6.99978,,1006.8,-0.539249,156683,,-1.54958e-06,-0.0106738,,-0.000428104,9.55468
14.5,7.49979,,1006.59,-0.577506,151774,,-1.56771e-06,-0.010387,,-0.000435161,9.55689
14.5,7.99979,,1006.39,-0.600412,146866,,-1.57704e-06,-0.0100867,,-0.000439045,9.56165
14.5,8.4998,,1006.18,-0.613311,141960,,-1.58138e-06,-0.00977934,,-0.000441024,9.56781
14.5,8.99981,,1005.97,-0.62068,137054,,-1.583e-06,-0.009468,,-0.000441911,9.57479
14.5,9.49981,,1005.76,-0.625213,132148,,-1.5832e-06,-0.00915421,,-0.000442202,9.58224
14.5,9.99982,,1005.55,-0.628266,127243,,-1.58269e-06,-0.0088388,,-0.000442175,9.58993
14.5,10.4998,,1005.34,-0.630495,122337,,-1.5818e-06,-0.00852218,,-0.00044197,9.59773
14.5,10.9998,,1005.13,-0.632135,117432,,-1.58066e-06,-0.00820462,,-0.00044163,9.60558
14.5,11.4998,,1004.91,-0.633033,112526,,-1.57919e-06,-0.00788633,,-0.000441119,9.61337
14.5,11.9998,,1004.7,-0.632494,107621,,-1.57709e-06,-0.00756764,,-0.000440289,9.621
14.5,12.4999,,1004.49,-0.628855,102716,,-1.57366e-06,-0.00724932,,-0.000438803,9.62819
14.5,12.9999,,1004.28,-0.618748,97811.3,,-1.56731e-06,-0.00693308,,-0.000435972,9.63444
14.5,13.4999,,1004.07,-0.595832,92907.6,,-1.55484e-06,-0.00662265,,-0.000430445,9.63868
14.5,13.9999,,1003.86,-0.547756,88006,,-1.52997e-06,-0.00632528,,-0.00041972,9.63898
14.5,14.4999,,1003.64,-0.450287,83109,,-1.48118e-06,-0.00605448,,-0.000399431,9.63235
14.5,14.9999,,1003.43,-0.264351,78220.7,,-1.38837e-06,-0.0058381,,-0.000362422,9.61376
14.5,15.4999,,1003.22,0.0537968,73347.2,,-1.21792e-06,-0.0057329,,-0.00029759,9.57338
14.5,15.9999,,1003.01,0.553575,68500.5,,-9.15867e-07,-0.0058239,,-0.000188472,9.49649
14.5,16.4999,,1002.8,1.35864,63706,,-4.00997e-07,-0.00619175,,-1.19795e-05,9.37672
14.5,16.9999,,1002.59,2.67445,58997,,4.37622e-07,-0.00696589,,0.000261435,9.22569
14.5,17.4999,,1002.39,4.38098,54372.9,,1.73191e-06,-0.0085671,,0.000664191,9.02777
14.5,17.9999,,1002.19,5.67893,49819.3,,3.61031e-06,-0.0114919,,0.00122322,8.70908
14.5,18.4999,,1002,6.37724,45480.2,,6.15727e-06,-0.0149779,,0.00194744,8.35386
14.5,18.9998,,1001.83,8.18835,41542.7,,9.36024e-06,-0.017448,,0.00281359,8.40889
14.5,19.4998,,1001.65,10.3996,37460.9,,1.30558e-05,-0.0213758,,0.00375586,8.99364
14.5,19.9996,,1001.43,5.80319,32328.6,,1.68972e-05,-0.030673,,0.00466653,9.17898
14.5,20.4996,,1001.21,-6.68429,27365,,2.03417e-05,-0.0347111,,0.0054042,8.75756
14.5,20.9996,,1001.07,-11.0448,24274.6,,2.26583e-05,-0.0202161,,0.00580199,9.71684
14.5,21.4994,,1000.85,-1.35614,19279.5,,2.31538e-05,-0.0100016,,0.00572607,12.2902
14.5,21.9992,,1000.48,1.50826,10739,,2.15884e-05,-0.0257161,,0.00517912,12.8524
14.5,22.4996,,1000.15,-4.97647,3480.34,,1.77868e-05,-0.0243006,,0.00417905,9.55319
14.5,22.9992,,1000.14,-13.4215,3255.54,,1.1531e-05,-0.00435237,,0.00268596,6.93962
15,-1.5,,1010.33,0,240345,,0,0,,0,0
15,-1,,1010.12,0,235440,,0,0,,0,0
15,-0.5,,1009.92,0,230535,,0,0,,0,0
15,-0.000343187,,1009.82,3.06525,228166,,2.38687e-06,-0.0173386,,0.000583707,9.39385
15,0.499858,,1009.51,-1.13108,220788,,3.25525e-06,-0.00233986,,0.000787724,10.0008
15,0.999822,,1009.32,1.72267,216345,,3.35005e-06,-0.00706009,,0.000811808,9.55142
15,1.49976,,1009.14,2.03936,211887,,2.91535e-06,-0.0109827,,0.000721203,9.57121
15,1.99976,,1008.91,0.349511,206420,,2.13547e-06,-0.00879098,,0.000553262,9.87176
15,2.49976,,1008.69,0.866605,201281,,1.15499e-06,-0.00895201,,0.000333861,9.79431
15,2.99975,,1008.48,1.43804,196382,,1.45159e-07,-0.0105206,,9.88828e-05,9.67874
15,3.49975,,1008.27,0.936319,191361,,-7.67598e-07,-0.0110703,,-0.000123621,9.69296
15,3.99975,,1008.06,0.419397,186314,,-1.52225e-06,-0.0111626,,-0.000317988,9.68897
15,4.49975,,1007.85,0.201986,181331,,-2.10544e-06,-0.0113364,,-0.000477151,9.63887
15,4.99976,,1007.64,0.0055485,176381,,-2.5305e-06,-0.0114285,,-0.000599635,9.59749
15,5.49976,,1007.43,-0.215021,171442,,-2.82275e-06,-0.0113491,,-0.000687998,9.57661
15,5.99977,,1007.22,-0.378855,166513,,-3.01169e-06,-0.0111678,,-0.00074771,9.56432
15,6.49977,,1007.01,-0.47675,161595,,-3.12648e-06,-0.0109375,,-0.000785693,9.55679
15,6.99978,,1006.8,-0.536742,156683,,-3.19234e-06,-0.0106739,,-0.000808652,9.55466
15,7.49979,,1006.59,-0.574944,151774,,-3.22827e-06,-0.010387,,-0.000821938,9.55688
15,7.99979,,1006.39,-0.597817,146866,,-3.24686e-06,-0.0100867,,-0.000829291,9.56164
15,8.4998,,1006.18,-0.610698,141960,,-3.25582e-06,-0.00977934,,-0.000833133,9.56781
15,8.99981,,1005.97,-0.618058,137054,,-3.25959e-06,-0.009468,,-0.000834975,9.57479
15,9.49981,,1005.76,-0.622585,132148,,-3.26067e-06,-0.00915421,,-0.000835724,9.58223
15,9.99982,,1005.55,-0.625635,127243,,-3.26041e-06,-0.0088388,,-0.000835894,9.58993
15,10.4998,,1005.34,-0.627863,122337,,-3.25945e-06,-0.00852218,,-0.000835743,9.59773
15,10.9998,,1005.13,-0.629503,117432,,-3.25802e-06,-0.00820462,,-0.000835355,9.60558
15,11.4998,,1004.91,-0.630402,112527,,-3.256e-06,-0.00788632,,-0.000834663,9.61337
15,11.9998,,1004.7,-0.629867,107621,,-3.25285e-06,-0.00756764,,-0.000833405,9.621
15,12.4999,,1004.49,-0.626238,102716,,-3.2472e-06,-0.00724932,,-0.000830973,9.6282
15,12.9999,,1004.28,-0.616151,97811.5,,-3.23611e-06,-0.00693307,,-0.000826101,9.63445
15,13.4999,,1004.07,-0.593277,92907.8,,-3.21343e-06,-0.00662262,,-0.000816302,9.63869
15,13.9999,,1003.86,-0.545283,88006.3,,-3.16723e-06,-0.00632523,,-0.000796971,9.639
15,14.4999,,1003.64,-0.447968,83109.2,,-3.0754e-06,-0.00605439,,-0.000760091,9.63238
15,14.9999,,1003.43,-0.262311,78220.9,,-2.89854e-06,-0.00583792,,-0.000692399,9.61383
15,15.4999,,1003.22,0.0553558,73347.4,,-2.56866e-06,-0.00573258,,-0.00057276,9.57349
15,15.9999,,1003.01,0.55435,68500.6,,-1.97448e-06,-0.00582334,,-0.000368884,9.49668
15,16.4999,,1002.8,1.3582,63706.1,,-9.48796e-07,-0.00619081,,-3.50467e-05,9.37703
15,16.9999,,1002.59,2.67223,58996.9,,7.3206e-07,-0.00696438,,0.000485795,9.22616
15,17.4999,,1002.39,4.37623,54372.6,,3.3287e-06,-0.00856483,,0.00125248,9.02844
15,17.9999,,1002.19,5.67074,49818.6,,7.09821e-06,-0.0114887,,0.00230909,8.70998
15,18.4999,,1002,6.36465,45479.2,,1.2232e-05,-0.0149737,,0.00366514,8.35498
15,18.9998,,1001.83,8.17052,41541.1,,1.87644e-05,-0.0174429,,0.0052764,8.41016
15,19.4998,,1001.65,10.3762,37458.7,,2.64581e-05,-0.0213701,,0.00703148,8.99495
15,19.9996,,1001.43,5.77466,32325.8,,3.47002e-05,-0.0306674,,0.00875215,9.18017
15,20.4996,,1001.21,-6.71651,27361.7,,4.24021e-05,-0.0347064,,0.010194,8.75841
15,20.9996,,1001.07,-11.0784,24271.1,,4.7936e-05,-0.0202137,,0.011036,9.71711
15,21.4994,,1000.85,-1.38786,19276.1,,4.96243e-05,-0.0100022,,0.0109867,12.2898
15,21.9992,,1000.48,1.48185,10736,,4.67591e-05,-0.0257203,,0.0100138,12.8513
15,22.4996,,1000.15,-4.99797,3477.84,,3.88293e-05,-0.0243111,,0.0081291,9.55074
15,22.9992,,1000.14,-13.4374,3253.69,,2.52997e-05,-0.00436826,,0.00524114,6.93601
15.5,-1.5,,1010.33,0,240345,,0,0,,0,0
15.5,-1,,1010.12,0,235440,,0,0,,0,0
15.5,-0.5,,1009.92,0,230535,,0,0,,0,0
15.5,-0.000343179,,1009.82,3.06124,228165,,5.19228e-06,-0.0173368,,0.00118631,9.39427
15.5,0.499858,,1009.51,-1.13501,220788,,7.0143e-06,-0.00233919,,0.00158662,10.001
15.5,0.999822,,1009.32,1.71886,216345,,7.17856e-06,-0.00706041,,0.00162794,9.55136
15.5,1.49976,,1009.14,2.03574,211886,,6.2516e-06,-0.0109836,,0.0014476,9.57102
15.5,1.99976,,1008.91,0.346539,206419,,4.60666e-06,-0.00879234,,0.00111373,9.87147
15.5,2.49976,,1008.69,0.86455,201280,,2.52404e-06,-0.00895354,,0.000674235,9.79397
15.5,2.99975,,1008.48,1.43701,196382,,3.72656e-07,-0.010522,,0.000205869,9.67841
15.5,3.49975,,1008.27,0.936379,191361,,-1.55615e-06,-0.0110715,,-0.000228874,9.69266
15.5,3.99975,,1008.06,0.420523,186314,,-3.117e-06,-0.0111636,,-0.000597463,9.68873
15.5,4.49975,,1007.85,0.204055,181331,,-4.28761e-06,-0.0113371,,-0.000890831,9.63867
15.5,4.99976,,1007.64,0.00836966,176382,,-5.11771e-06,-0.011429,,-0.00111308,9.59735
15.5,5.49976,,1007.43,-0.211653,171442,,-5.67977e-06,-0.0113495,,-0.00127336,9.57651
15.5,5.99977,,1007.22,-0.375114,166514,,-6.04215e-06,-0.011168,,-0.00138253,9.56425
15.5,6.49977,,1007.01,-0.472765,161596,,-6.26291e-06,-0.0109376,,-0.00145238,9.55675
15.5,6.99978,,1006.8,-0.5326,156683,,-6.38962e-06,-0.0106739,,-0.00149456,9.55464
15.5,7.49979,,1006.59,-0.570705,151774,,-6.45851e-06,-0.010387,,-0.00151887,9.55687
15.5,7.99979,,1006.39,-0.593521,146867,,-6.49425e-06,-0.0100867,,-0.00153236,9.56164
15.5,8.4998,,1006.18,-0.606369,141960,,-6.51189e-06,-0.00977935,,-0.00153957,9.5678
15.5,8.99981,,1005.97,-0.61371,137055,,-6.51998e-06,-0.00946801,,-0.00154325,9.57479
15.5,9.49981,,1005.76,-0.618228,132149,,-6.52318e-06,-0.00915422,,-0.001545,9.58223
15.5,9.99982,,1005.55,-0.621272,127243,,-6.52393e-06,-0.0088388,,-0.00154574,9.58993
15.5,10.4998,,1005.34,-0.623497,122338,,-6.52342e-06,-0.00852218,,-0.00154592,9.59773
15.5,10.9998,,1005.13,-0.625136,117432,,-6.52208e-06,-0.00820462,,-0.00154569,9.60558
15.5,11.4998,,1004.91,-0.626036,112527,,-6.51971e-06,-0.00788632,,-0.00154494,9.61337
15.5,11.9998,,1004.7,-0.625508,107622,,-6.51534e-06,-0.00756764,,-0.00154322,9.621
15.5,12.4999,,1004.49,-0.621894,102717,,-6.5065e-06,-0.00724931,,-0.00153947,9.6282
15.5,12.9999,,1004.28,-0.611842,97812,,-6.4878e-06,-0.00693305,,-0.00153143,9.63446
15.5,13.4999,,1004.07,-0.58904,92908.3,,-6.44807e-06,-0.00662258,,-0.00151472,9.63871
15.5,13.9999,,1003.86,-0.541188,88006.7,,-6.36543e-06,-0.00632514,,-0.00148121,9.63903
15.5,14.4999,,1003.64,-0.444145,83109.7,,-6.19869e-06,-0.00605422,,-0.00141669,9.63245
15.5,14.9999,,1003.43,-0.25898,78221.3,,-5.87222e-06,-0.00583759,,-0.00129709,9.61395
15.5,15.4999,,1003.22,0.057844,73347.8,,-5.25282e-06,-0.00573197,,-0.00108292,9.57371
15.5,15.9999,,1003.01,0.555472,68500.8,,-4.12276e-06,-0.00582224,,-0.000713298,9.49704
15.5,16.4999,,1002.8,1.3572,63706.2,,-2.1615e-06,-0.00618895,,-0.000104171,9.3776
15.5,16.9999,,1002.59,2.66803,58996.7,,1.05376e-06,-0.00696143,,0.000844046,9.22703
15.5,17.4999,,1002.39,4.3674,54371.9,,6.03097e-06,-0.00856039,,0.00222936,9.02968
15.5,17.9999,,1002.19,5.6556,49817.4,,1.33289e-05,-0.0114824,,0.00412763,8.71163
15.5,18.4999,,1002,6.34159,45477.1,,2.34692e-05,-0.0149652,,0.00657173,8.35702
15.5,18.9998,,1001.83,8.13858,41538,,3.67323e-05,-0.0174324,,0.00952398,8.41252
15.5,19.4998,,1001.65,10.3356,37454.6,,5.28303e-05,-0.0213581,,0.0128383,8.99744
15.5,19.9996,,1001.43,5.72719,32320.7,,7.05667e-05,-0.030655,,0.0162263,9.18252
15.5,20.4996,,1001.21,-6.76777,27355.9,,8.7528e-05,-0.0346957,,0.0192171,8.76022
15.5,20.9996,,1001.07,-11.1298,24264.8,,9.99564e-05,-0.0202076,,0.0211137,9.71784
15.5,21.4994,,1000.85,-1.43424,19269.9,,0.000104014,-0.0100027,,0.0212396,12.2891
15.5,21.9992,,1000.47,1.44526,10730.6,,9.82562e-05,-0.0257289,,0.0194797,12.8491
15.5,22.4996,,1000.15,-5.02751,3473.25,,8.18207e-05,-0.0243334,,0.0158734,9.54605
15.5,22.9992,,1000.14,-13.4596,3250.29,,5.35752e-05,-0.00440254,,0.010271,6.92908
16,-1.5,,1010.33,0,240345,,0,0,,0,0
16,-1,,1010.12,0,235440,,0,0,,0,0
16,-0.5,,1009.92,0,230535,,0,0,,0,0
16,-0.00034316,,1009.82,3.05331,228164,,1.06377e-05,-0.017333,,0.00223175,9.39507
16,0.499858,,1009.51,-1.14266,220787,,1.41431e-05,-0.0023379,,0.00293884,10.0012
16,0.999822,,1009.32,1.71148,216344,,1.42948e-05,-0.00706113,,0.00299573,9.55123
16,1.49976,,1009.14,2.02888,211886,,1.24369e-05,-0.0109855,,0.00268984,9.57067
16,1.99976,,1008.91,0.341165,206419,,9.29703e-06,-0.00879505,,0.00212132,9.87093
16,2.49976,,1008.69,0.861051,201280,,5.31419e-06,-0.00895664,,0.00134259,9.79333
16,2.99975,,1008.48,1.43536,196382,,1.13219e-06,-0.010525,,0.000482732,9.67777
16,3.49975,,1008.27,0.936473,191361,,-2.68661e-06,-0.0110741,,-0.000332463,9.6921
16,3.99975,,1008.06,0.422256,186315,,-5.80225e-06,-0.0111656,,-0.00102274,9.68827
16,4.49975,,1007.85,0.207279,181332,,-8.1137e-06,-0.0113385,,-0.00155963,9.63832
16,4.99976,,1007.64,0.0128533,176382,,-9.70902e-06,-0.01143,,-0.00195416,9.59709
16,5.49976,,1007.43,-0.206208,171443,,-1.07583e-05,-0.0113501,,-0.00223318,9.57633
16,5.99977,,1007.22,-0.369006,166515,,-1.14234e-05,-0.0111684,,-0.00242282,9.56413
16,6.49977,,1007.01,-0.466227,161596,,-1.18273e-05,-0.0109379,,-0.00254508,9.55667
16,6.99978,,1006.8,-0.525793,156684,,-1.20599e-05,-0.0106741,,-0.00261932,9.55459
16,7.49979,,1006.59,-0.563731,151775,,-1.21863e-05,-0.0103871,,-0.00266204,9.55684
16,7.99979,,1006.39,-0.586445,146868,,-1.22517e-05,-0.0100867,,-0.00268567,9.56162
16,8.4998,,1006.18,-0.599234,141961,,-1.22842e-05,-0.00977937,,-0.00269837,9.5678
16,8.99981,,1005.97,-0.606541,137055,,-1.22997e-05,-0.00946802,,-0.00270503,9.57478
16,9.49981,,1005.76,-0.611037,132150,,-1.23065e-05,-0.00915422,,-0.00270843,9.58223
16,9.99982,,1005.55,-0.614069,127244,,-1.23091e-05,-0.0088388,,-0.00271011,9.58992
16,10.4998,,1005.34,-0.616285,122339,,-1.23095e-05,-0.00852218,,-0.00271085,9.59773
16,10.9998,,1005.13,-0.617917,117433,,-1.23085e-05,-0.00820462,,-0.00271092,9.60558
16,11.4998,,1004.91,-0.618816,112528,,-1.23058e-05,-0.00788632,,-0.00271013,9.61337
16,11.9998,,1004.7,-0.618293,107623,,-1.22996e-05,-0.00756763,,-0.00270772,9.621
16,12.4999,,1004.49,-0.614701,102718,,-1.22856e-05,-0.00724929,,-0.00270188,9.62821
16,12.9999,,1004.28,-0.604703,97812.9,,-1.22546e-05,-0.00693301,,-0.00268881,9.63447
16,13.4999,,1004.07,-0.582018,92909.2,,-1.21868e-05,-0.00662251,,-0.00266106,9.63874
16,13.9999,,1003.86,-0.534405,88007.6,,-1.20436e-05,-0.00632499,,-0.00260484,9.63909
16,14.4999,,1003.64,-0.437821,83110.5,,-1.17501e-05,-0.00605391,,-0.00249559,9.63256
16,14.9999,,1003.43,-0.253484,78222.1,,-1.11656e-05,-0.00583698,,-0.00229054,9.61416
16,15.4999,,1003.22,0.0619302,73348.4,,-1.00415e-05,-0.00573083,,-0.00191861,9.57408
16,15.9999,,1003.01,0.557253,68501.3,,-7.97922e-06,-0.0058202,,-0.00127236,9.49768
16,16.4999,,1002.8,1.35532,63706.3,,-4.39993e-06,-0.0061855,,-0.00021003,9.37862
16,16.9999,,1002.59,2.66052,58996.3,,1.48457e-06,-0.0069559,,0.00143157,9.22857
16,17.4999,,1002.39,4.35178,54370.8,,1.07146e-05,-0.00855198,,0.00382315,9.03186
16,17.9999,,1002.19,5.62934,49815.1,,2.45746e-05,-0.0114702,,0.0071324,8.71454
16,18.4999,,1002,6.30282,45473.5,,4.43587e-05,-0.0149485,,0.0114932,8.36072
16,18.9998,,1001.83,8.08684,41532.7,,7.07672e-05,-0.0174109,,0.0169169,8.41691
16,19.4998,,1001.65,10.2722,37447.5,,0.000103046,-0.021333,,0.0231488,9.00225
16,19.9996,,1001.43,5.65494,32311.7,,0.000138273,-0.0306291,,0.029553,9.18717
16,20.4996,,1001.21,-6.84551,27345,,0.000170986,-0.0346739,,0.0350646,8.76381
16,20.9996,,1001.07,-11.2097,24252.5,,0.000193395,-0.0201958,,0.0382311,9.71925
16,21.4994,,1000.85,-1.50934,19257.3,,0.000198538,-0.0100048,,0.0378628,12.2878
16,21.9992,,1000.47,1.38383,10719.2,,0.000185414,-0.0257467,,0.0341401,12.845
16,22.4996,,1000.15,-5.07811,3463.47,,0.000153914,-0.0243796,,0.0275669,9.537
16,22.9992,,1000.14,-13.4956,3243.17,,0.000101308,-0.00447407,,0.0178891,6.91572
16.5,-1.5,,1010.33,0,240345,,0,0,,0,0
16.5,-1,,1010.12,0,235440,,0,0,,0,0
16.5,-0.5,,1009.92,0,230535,,0,0,,0,0
16.5,-0.000343121,,1009.82,3.03849,228162,,2.14745e-05,-0.0173256,,0.00396963,9.39647
16.5,0.499858,,1009.51,-1.15668,220785,,2.79787e-05,-0.00233579,,0.0050944,10.0016
16.5,0.999822,,1009.32,1.69769,216342,,2.75884e-05,-0.00706286,,0.00508162,9.551
16.5,1.49976,,1009.14,2.01566,211884,,2.35147e-05,-0.0109891,,0.00455376,9.57012
16.5,1.99976,,1008.91,0.330757,206417,,1.74349e-05,-0.00880008,,0.00367901,9.87007
16.5,2.49976,,1008.69,0.854557,201279,,1.01753e-05,-0.00896231,,0.00248294,9.79226
16.5,2.99975,,1008.48,1.43276,196382,,2.73421e-06,-0.0105305,,0.00111663,9.67666
16.5,3.49975,,1008.27,0.937248,191362,,-4.11618e-06,-0.0110789,,-0.000245381,9.69108
16.5,3.99975,,1008.06,0.425781,186315,,-9.84906e-06,-0.0111694,,-0.00144978,9.68744
16.5,4.49975,,1007.85,0.213081,181333,,-1.4186e-05,-0.0113412,,-0.00240172,9.6377
16.5,4.99976,,1007.64,0.0205803,176384,,-1.71721e-05,-0.0114317,,-0.003091,9.59665
16.5,5.49976,,1007.43,-0.196936,171444,,-1.90908e-05,-0.0113512,,-0.00356478,9.57603
16.5,5.99977,,1007.22,-0.358612,166516,,-2.02745e-05,-0.0111691,,-0.00388078,9.56393
16.5,6.49977,,1007.01,-0.455098,161598,,-2.09833e-05,-0.0109383,,-0.00408435,9.55655
16.5,6.99978,,1006.8,-0.514207,156686,,-2.13917e-05,-0.0106743,,-0.00420891,9.55452
16.5,7.49979,,1006.59,-0.551866,151777,,-2.16153e-05,-0.0103872,,-0.00428089,9.5568
16.5,7.99979,,1006.39,-0.574411,146869,,-2.17321e-05,-0.0100868,,-0.0043206,9.5616
16.5,8.4998,,1006.18,-0.587097,141963,,-2.17912e-05,-0.0097794,,-0.00434192,9.56778
16.5,8.99981,,1005.97,-0.59434,137057,,-2.18209e-05,-0.00946804,,-0.00435323,9.57478
16.5,9.49981,,1005.76,-0.598796,132151,,-2.18359e-05,-0.00915423,,-0.00435921,9.58223
16.5,9.99982,,1005.55,-0.601798,127246,,-2.18439e-05,-0.0088388,,-0.0043624,9.58992
16.5,10.4998,,1005.34,-0.603993,122340,,-2.18482e-05,-0.00852219,,-0.00436406,9.59773
16.5,10.9998,,1005.13,-0.605609,117435,,-2.18502e-05,-0.00820462,,-0.00436464,9.60558
16.5,11.4998,,1004.91,-0.606498,112530,,-2.18493e-05,-0.00788632,,-0.00436385,9.61338
16.5,11.9998,,1004.7,-0.605978,107624,,-2.18427e-05,-0.00756762,,-0.00436046,9.621
16.5,12.4999,,1004.49,-0.602414,102719,,-2.18234e-05,-0.00724927,,-0.00435152,9.62822
16.5,12.9999,,1004.28,-0.592497,97814.5,,-2.17754e-05,-0.00693296,,-0.00433082,9.6345
16.5,13.4999,,1004.07,-0.569996,92910.8,,-2.16659e-05,-0.00662239,,-0.00428623,9.63879
16.5,13.9999,,1003.86,-0.522769,88009.2,,-2.14282e-05,-0.00632473,,-0.0041951,9.63919
16.5,14.4999,,1003.64,-0.426925,83112,,-2.09303e-05,-0.00605337,,-0.004016,9.63276
16.5,14.9999,,1003.43,-0.24392,78223.5,,-1.99217e-05,-0.00583591,,-0.00367544,9.61452
16.5,15.4999,,1003.22,0.0692079,73349.7,,-1.79663e-05,-0.0057288,,-0.00305257,9.57472
16.5,15.9999,,1003.01,0.560709,68502.2,,-1.4377e-05,-0.00581657,,-0.00197192,9.49876
16.5,16.4999,,1002.8,1.35258,63706.7,,-8.1328e-06,-0.00617934,,-0.000208517,9.38035
16.5,16.9999,,1002.59,2.64834,58995.8,,2.27274e-06,-0.00694591,,0.00251013,9.23116
16.5,17.4999,,1002.39,4.32653,54368.9,,1.89999e-05,-0.00853639,,0.00651785,9.03558
16.5,17.9999,,1002.19,5.58791,49811.4,,4.47242e-05,-0.0114471,,0.0121951,8.71964
16.5,18.4999,,1002,6.24334,45467.4,,8.18154e-05,-0.0149162,,0.0198324,8.36734
16.5,18.9998,,1001.83,8.00848,41523.6,,0.000130877,-0.0173698,,0.0293366,8.42485
16.5,19.4998,,1001.65,10.1746,37434.5,,0.000189273,-0.0212861,,0.0399082,9.01075
16.5,19.9996,,1001.43,5.53784,32294.5,,0.000250521,-0.0305825,,0.0499689,9.19491
16.5,20.4996,,1001.21,-6.98195,27323.6,,0.00030456,-0.0346368,,0.0574126,8.76901
16.5,20.9996,,1001.07,-11.3628,24227.6,,0.000338583,-0.0201789,,0.0600019,9.72008
16.5,21.4994,,1000.85,-1.6648,19231.4,,0.000342582,-0.0100128,,0.0566115,12.2839
16.5,21.9992,,1000.47,1.24856,10695.9,,0.000317775,-0.0257807,,0.0488722,12.8371
16.5,22.4996,,1000.15,-5.19089,3443.56,,0.000264841,-0.0244643,,0.0386012,9.52144
16.5,22.9992,,1000.14,-13.573,3228.56,,0.000175643,-0.00460816,,0.0250441,6.89272
17,-1.5,,1010.33,0,240345,,0,0,,0,0
17,-1,,1010.12,0,235440,,0,0,,0,0
17,-0.5,,1009.92,0,230535,,0,0,,0,0
17,-0.000343035,,1009.82,3.01583,228159,,4.44804e-05,-0.0173109,,0.00727411,9.39886
17,0.499858,,1009.51,-1.17539,220782,,5.72148e-05,-0.00233237,,0.00913498,10.0021
17,0.999822,,1009.32,1.67909,216339,,5.52777e-05,-0.00706737,,0.00883989,9.55043
17,1.49976,,1009.14,1.99566,211881,,4.5632e-05,-0.0109971,,0.00766606,9.56914
17,1.99976,,1008.91,0.312835,206415,,3.23278e-05,-0.00881008,,0.00604323,9.86871
17,2.49976,,1008.69,0.84156,201278,,1.77822e-05,-0.00897272,,0.00410101,9.79064
17,2.99975,,1008.48,1.42612,196381,,4.18881e-06,-0.0105402,,0.00204903,9.67495
17,3.49975,,1008.27,0.936965,191362,,-7.57347e-06,-0.0110873,,1.22505e-05,9.68944
17,3.99975,,1008.06,0.430636,186316,,-1.73143e-05,-0.0111761,,-0.00187501,9.68603
17,4.49975,,1007.85,0.221695,181334,,-2.48536e-05,-0.0113461,,-0.00344482,9.63662
17,4.99976,,1007.64,0.0320468,176385,,-3.01635e-05,-0.011435,,-0.00460789,9.5959
17,5.49976,,1007.43,-0.183193,171447,,-3.35771e-05,-0.0113533,,-0.00539841,9.57553
17,5.99977,,1007.22,-0.343137,166519,,-3.56404e-05,-0.0111703,,-0.00591252,9.56361
17,6.49977,,1007.01,-0.438437,161600,,-3.68506e-05,-0.010939,,-0.00623938,9.55634
17,6.99978,,1006.8,-0.496808,156688,,-3.75457e-05,-0.0106747,,-0.00644054,9.5544
17,7.49979,,1006.59,-0.534026,151779,,-3.79329e-05,-0.0103874,,-0.00655847,9.55673
17,7.99979,,1006.39,-0.556306,146872,,-3.81422e-05,-0.0100869,,-0.00662455,9.56156
17,8.4998,,1006.18,-0.568833,141966,,-3.82549e-05,-0.00977947,,-0.00666086,9.56776
17,8.99981,,1005.97,-0.57598,137060,,-3.83185e-05,-0.00946808,,-0.00668109,9.57476
17,9.49981,,1005.76,-0.580374,132154,,-3.83583e-05,-0.00915426,,-0.00669293,9.58222
17,9.99982,,1005.55,-0.583335,127249,,-3.83866e-05,-0.00883882,,-0.00670041,9.58992
17,10.4998,,1005.34,-0.585498,122343,,-3.84093e-05,-0.00852221,,-0.00670554,9.59773
17,10.9998,,1005.13,-0.58709,117438,,-3.84282e-05,-0.00820464,,-0.00670899,9.60557
17,11.4998,,1004.91,-0.587967,112532,,-3.84428e-05,-0.00788633,,-0.00671035,9.61338
17,11.9998,,1004.7,-0.587453,107627,,-3.84483e-05,-0.00756762,,-0.00670768,9.62101
17,12.4999,,1004.49,-0.583936,102722,,-3.84335e-05,-0.00724924,,-0.00669635,9.62823
17,12.9999,,1004.28,-0.574147,97817.1,,-3.83728e-05,-0.00693288,,-0.00666666,9.63453
17,13.4999,,1004.07,-0.551941,92913.4,,-3.82127e-05,-0.00662219,,-0.00659957,9.63886
17,13.9999,,1003.86,-0.505321,88011.7,,-3.78421e-05,-0.0063243,,-0.00645886,9.63935
17,14.4999,,1003.64,-0.410636,83114.5,,-3.70368e-05,-0.00605247,,-0.00617673,9.63307
17,14.9999,,1003.43,-0.229713,78225.8,,-3.53747e-05,-0.0058341,,-0.00563269,9.61511
17,15.4999,,1003.22,0.0797819,73351.7,,-3.21352e-05,-0.00572536,,-0.0046347,9.57577
17,15.9999,,1003.01,0.565084,68503.7,,-2.61735e-05,-0.00581041,,-0.00291317,9.50052
17,16.4999,,1002.8,1.34694,63707.2,,-1.56746e-05,-0.00616875,,-0.000112515,9.38314
17,16.9999,,1002.59,2.62803,58994.8,,2.25414e-06,-0.00692829,,0.00425428,9.23541
17,17.4999,,1002.39,4.28703,54365.8,,3.17535e-05,-0.00850826,,0.0108424,9.04181
17,17.9999,,1002.19,5.52541,49805.2,,7.73798e-05,-0.0114049,,0.0203239,8.72834
17,18.4999,,1002,6.1539,45456.8,,0.000142169,-0.0148584,,0.0329337,8.37854
17,18.9998,,1001.83,7.88661,41507.2,,0.00022564,-0.0172981,,0.0479033,8.43772
17,19.4998,,1001.65,10.0136,37410.9,,0.000322828,-0.0212066,,0.0632177,9.02341
17,19.9996,,1001.42,5.33474,32263.1,,0.000424786,-0.0305051,,0.076111,9.20491
17,20.4996,,1001.2,-7.22131,27285.6,,0.000519023,-0.0345751,,0.0840033,8.77391
17,20.9996,,1001.07,-11.6207,24186.2,,0.000587594,-0.020149,,0.0848715,9.71803
17,21.4994,,1000.85,-1.90439,19192.3,,0.0006118,-0.0100222,,0.0781662,12.2756
17,21.9992,,1000.47,1.06633,10664.8,,0.000586007,-0.0258323,,0.0666521,12.825
17,22.4996,,1000.15,-5.33477,3417.72,,0.000500886,-0.0246016,,0.05264,9.50066
17,22.9992,,1000.14,-13.6822,3208.05,,0.000335611,-0.00483641,,0.0340688,6.86142
17.5,-1.5,,1010.33,0,240345,,0,0,,0,0
17.5,-1,,1010.12,0,235440,,0,0,,0,0
17.5,-0.5,,1009.92,0,230535,,0,0,,0,0
17.5,-0.000342855,,1009.82,2.98543,228153,,8.81286e-05,-0.0172815,,0.0135246,9.40323
17.5,0.499858,,1009.51,-1.19335,220777,,0.000112621,-0.00232607,,0.0169119,10.0029
17.5,0.999822,,1009.32,1.66345,216334,,0.000108854,-0.00707737,,0.0162952,9.54908
17.5,1.49976,,1009.14,1.9756,211877,,8.9772e-05,-0.0110147,,0.0138388,9.567
17.5,1.99976,,1008.91,0.290491,206412,,6.22082e-05,-0.0088316,,0.0103463,9.86601
17.5,2.49976,,1008.69,0.819769,201275,,3.16982e-05,-0.00899373,,0.00643499,9.78786
17.5,2.99975,,1008.48,1.40894,196379,,4.55086e-06,-0.0105579,,0.00284284,9.67235
17.5,3.49975,,1008.27,0.927896,191361,,-1.6793e-05,-0.0111015,,-0.000276979,9.68702
17.5,3.99975,,1008.06,0.429997,186317,,-3.30698e-05,-0.0111873,,-0.00304545,9.68388
17.5,4.49975,,1007.85,0.227513,181336,,-4.53713e-05,-0.0113545,,-0.00542434,9.63489
17.5,4.99976,,1007.64,0.0422897,176388,,-5.41971e-05,-0.0114407,,-0.00727068,9.59466
17.5,5.49976,,1007.43,-0.169736,171450,,-5.99868e-05,-0.0113568,,-0.0085501,9.57471
17.5,5.99977,,1007.22,-0.327219,166522,,-6.34787e-05,-0.0111724,,-0.00937144,9.56309
17.5,6.49977,,1007.01,-0.420752,161604,,-6.54892e-05,-0.0109402,,-0.00988313,9.55602
17.5,6.99978,,1006.8,-0.477991,156692,,-6.66317e-05,-0.0106754,,-0.0101973,9.5542
17.5,7.49979,,1006.6,-0.514541,151783,,-6.72765e-05,-0.0103878,,-0.0103847,9.55662
17.5,7.99979,,1006.39,-0.536436,146876,,-6.76381e-05,-0.0100871,,-0.0104929,9.5615
17.5,8.4998,,1006.18,-0.548739,141969,,-6.78456e-05,-0.0097796,,-0.010555,9.56772
17.5,8.99981,,1005.97,-0.555754,137063,,-6.79747e-05,-0.00946816,,-0.0105922,9.57474
17.5,9.49981,,1005.76,-0.56007,132158,,-6.80661e-05,-0.00915432,,-0.0106165,9.5822
17.5,9.99982,,1005.55,-0.562982,127252,,-6.81397e-05,-0.00883888,,-0.0106344,9.58991
17.5,10.4998,,1005.34,-0.565112,122347,,-6.82046e-05,-0.00852226,,-0.0106487,9.59772
17.5,10.9998,,1005.13,-0.566684,117441,,-6.8264e-05,-0.00820468,,-0.0106605,9.60557
17.5,11.4998,,1004.91,-0.567555,112536,,-6.83167e-05,-0.00788637,,-0.0106692,9.61337
17.5,11.9998,,1004.7,-0.567066,107631,,-6.83558e-05,-0.00756764,,-0.010672,9.62101
17.5,12.4999,,1004.49,-0.563632,102725,,-6.83636e-05,-0.00724923,,-0.0106617,9.62825
17.5,12.9999,,1004.28,-0.554053,97820.7,,-6.83008e-05,-0.00693278,,-0.0106239,9.63458
17.5,13.4999,,1004.07,-0.532308,92916.9,,-6.8083e-05,-0.00662192,,-0.0105296,9.63898
17.5,13.9999,,1003.86,-0.48662,88015.2,,-6.75311e-05,-0.00632364,,-0.0103224,9.63959
17.5,14.4999,,1003.64,-0.393685,83117.9,,-6.62828e-05,-0.00605103,,-0.00989575,9.63355
17.5,14.9999,,1003.43,-0.215931,78228.9,,-6.36657e-05,-0.00583118,,-0.00906285,9.61602
17.5,15.4999,,1003.22,0.0879235,73354.3,,-5.85406e-05,-0.0057198,,-0.00753632,9.5774
17.5,15.9999,,1003.01,0.563572,68505.4,,-4.90179e-05,-0.00580032,,-0.00491216,9.50326
17.5,16.4999,,1002.8,1.33034,63707.4,,-3.18628e-05,-0.006151,,-0.00060588,9.38753
17.5,16.9999,,1002.59,2.59056,58992.7,,-1.82409e-06,-0.00689804,,0.00626501,9.24224
17.5,17.4999,,1002.39,4.22313,54360.2,,4.79795e-05,-0.00845969,,0.0168158,9.052
17.5,17.9999,,1002.19,5.42819,49794.5,,0.000123878,-0.0113334,,0.0318319,8.74237
17.5,18.4999,,1002,6.01301,45438.4,,0.000229451,-0.0147623,,0.0509353,8.39578
17.5,18.9998,,1001.83,7.69037,41478.8,,0.000365545,-0.0171796,,0.0722594,8.45616
17.5,19.4998,,1001.65,9.75903,37371.8,,0.000531016,-0.0210714,,0.0930723,9.04021
17.5,19.9996,,1001.42,5.0426,32215.5,,0.000721811,-0.0303623,,0.111158,9.21765
17.5,20.4996,,1001.2,-7.50178,27235,,0.000925463,-0.0344413,,0.125601,8.78101
17.5,20.9996,,1001.07,-11.8304,24139.1,,0.00110678,-0.0200559,,0.134727,9.71761
17.5,21.4994,,1000.85,-1.98691,19156.5,,0.00120983,-0.0100001,,0.134762,12.2672
17.5,21.9992,,1000.47,1.12706,10644.6,,0.00119735,-0.0259025,,0.124157,12.8102
17.5,22.4996,,1000.15,-5.2502,3401.46,,0.00103859,-0.0248468,,0.102369,9.47499
17.5,22.9992,,1000.14,-13.6493,3192.55,,0.000700447,-0.00525853,,0.0666855,6.82196
18,-1.5,,1010.33,0,240345,,0,0,,0,0
18,-1,,1010.12,0,235440,,0,0,,0,0
18,-0.5,,1009.92,0,230535,,0,0,,0,0
18,-0.000342519,,1009.82,2.92929,228140,,0.000151087,-0.0172292,,0.0214727,9.41063
18,0.499859,,1009.51,-1.22938,220765,,0.000188416,-0.00231566,,0.0265016,10.0043
18,0.999822,,1009.32,1.6356,216325,,0.000181873,-0.00709347,,0.0260548,9.5471
18,1.49976,,1009.14,1.94986,211869,,0.000155635,-0.0110442,,0.0232056,9.56328
18,1.99976,,1008.91,0.267846,206406,,0.000114328,-0.0088715,,0.0179491,9.86077
18,2.49976,,1008.69,0.795551,201272,,6.2097e-05,-0.00903494,,0.0109571,9.78245
18,2.99975,,1008.48,1.38311,196378,,1.17502e-05,-0.0105921,,0.00429351,9.66781
18,3.49975,,1008.27,0.907049,191361,,-2.76823e-05,-0.0111267,,-0.000983249,9.68334
18,3.99975,,1008.06,0.419378,186319,,-5.54967e-05,-0.0112055,,-0.00509388,9.68076
18,4.49975,,1007.85,0.227067,181339,,-7.49449e-05,-0.0113677,,-0.00846573,9.63231
18,4.99976,,1007.64,0.049112,176392,,-8.86362e-05,-0.0114498,,-0.0111652,9.59272
18,5.49976,,1007.43,-0.158147,171454,,-9.77935e-05,-0.0113626,,-0.0131124,9.57342
18,5.99977,,1007.22,-0.312223,166527,,-0.000103392,-0.0111758,,-0.0143738,9.56228
18,6.49977,,1007.01,-0.403244,161609,,-0.000106581,-0.0109421,,-0.0151454,9.55552
18,6.99978,,1006.8,-0.45879,156697,,-0.000108354,-0.0106765,,-0.0156113,9.5539
18,7.49979,,1006.6,-0.494315,151789,,-0.000109344,-0.0103884,,-0.0158898,9.55644
18,7.99979,,1006.39,-0.515615,146881,,-0.000109902,-0.0100875,,-0.0160526,9.56139
18,8.4998,,1006.18,-0.527566,141975,,-0.000110225,-0.00977982,,-0.0161473,9.56766
18,8.99981,,1005.97,-0.534364,137069,,-0.000110429,-0.00946832,,-0.016205,9.5747
18,9.49981,,1005.76,-0.53854,132163,,-0.000110575,-0.00915445,,-0.0162438,9.58217
18,9.99982,,1005.55,-0.541353,127258,,-0.000110694,-0.00883899,,-0.016273,9.58988
18,10.4998,,1005.34,-0.543409,122352,,-0.000110801,-0.00852236,,-0.0162971,9.5977
18,10.9998,,1005.13,-0.544924,117447,,-0.000110899,-0.00820478,,-0.0163177,9.60555
18,11.4998,,1004.91,-0.54576,112542,,-0.000110987,-0.00788645,,-0.0163339,9.61336
18,11.9998,,1004.7,-0.545277,107636,,-0.000111056,-0.0075677,,-0.0163413,9.62101
18,12.4999,,1004.49,-0.541937,102731,,-0.000111078,-0.00724923,,-0.01633,9.62827
18,12.9999,,1004.28,-0.532635,97826.4,,-0.000110995,-0.00693266,,-0.0162788,9.63465
18,13.4999,,1004.07,-0.511535,92922.6,,-0.000110679,-0.00662152,,-0.0161452,9.63914
18,13.9999,,1003.86,-0.467165,88020.8,,-0.000109854,-0.00632265,,-0.0158448,9.63995
18,14.4999,,1003.64,-0.376743,83123.3,,-0.000107964,-0.00604882,,-0.0152172,9.63427
18,14.9999,,1003.43,-0.203647,78233.9,,-0.000103994,-0.00582668,,-0.0139902,9.6174
18,15.4999,,1003.22,0.0917702,73358.6,,-9.61961e-05,-0.00571116,,-0.0117529,9.57984
18,15.9999,,1003.01,0.553215,68508.3,,-8.14795e-05,-0.00578434,,-0.0078987,9.50736
18,16.4999,,1002.8,1.29885,63708.1,,-5.43111e-05,-0.00612213,,-0.00145661,9.39426
18,16.9999,,1002.59,2.53087,58989.9,,-6.15364e-06,-0.00684833,,0.00903424,9.25293
18,17.4999,,1002.39,4.12614,54351.9,,7.27308e-05,-0.00838095,,0.0250595,9.06779
18,17.9999,,1002.19,5.27883,49777.2,,0.000190431,-0.0112197,,0.0469802,8.76322
18,18.4999,,1002,5.79357,45409,,0.000354881,-0.0146087,,0.0734876,8.4201
18,18.9998,,1001.83,7.3976,41435.5,,0.000578368,-0.0169802,,0.102744,8.48169
18,19.4998,,1001.65,9.42699,37316.8,,0.000873189,-0.020823,,0.133919,9.06534
18,19.9996,,1001.42,4.75322,32154.5,,0.00123693,-0.0300727,,0.167488,9.24224
18,20.4996,,1001.2,-7.64871,27174,,0.0016329,-0.0341475,,0.203019,8.80406
18,20.9996,,1001.06,-11.7851,24079.5,,0.00196274,-0.019843,,0.23259,9.73198
18,21.4994,,1000.84,-1.75508,19100,,0.00209619,-0.00994953,,0.240739,12.2641
18,21.9992,,1000.47,1.49961,10596.3,,0.00199678,-0.0260541,,0.221663,12.7875
18,22.4996,,1000.15,-4.90213,3353.81,,0.00168684,-0.0253783,,0.180317,9.42112
18,22.9992,,1000.14,-13.3616,3160.62,,0.00113911,-0.0061437,,0.11808,6.74351
18.5,-1.5,,1010.33,0,240345,,0,0,,0,0
18.5,-1,,1010.12,0,235440,,0,0,,0,0
18.5,-0.5,,1009.92,0,230535,,0,0,,0,0
18.5,-0.000341951,,1009.82,2.81373,228116,,0.000243924,-0.0171522,,0.0270609,9.41981
18.5,0.499859,,1009.51,-1.32625,220744,,0.000285427,-0.00230991,,0.0308874,10.0054
18.5,0.999822,,1009.32,1.54304,216304,,0.00025877,-0.0071182,,0.0298917,9.5459
18.5,1.49976,,1009.14,1.8727,211850,,0.000222325,-0.0110785,,0.0296417,9.56061
18.5,1.99976,,1008.91,0.225608,206395,,0.00017835,-0.00892365,,0.0270094,9.85446
18.5,2.49976,,1008.69,0.777074,201268,,0.000114988,-0.00909848,,0.019672,9.77403
18.5,2.99975,,1008.48,1.36984,196378,,4.18556e-05,-0.0106507,,0.010153,9.66009
18.5,3.49975,,1008.27,0.895508,191364,,-2.27633e-05,-0.0111706,,0.00173134,9.67747
18.5,3.99975,,1008.06,0.41666,186323,,-6.91858e-05,-0.0112352,,-0.00447974,9.67633
18.5,4.49975,,1007.85,0.237796,181346,,-9.95633e-05,-0.0113878,,-0.00908678,9.62876
18.5,4.99976,,1007.64,0.0714212,176400,,-0.000119736,-0.0114636,,-0.0127151,9.58997
18.5,5.49976,,1007.43,-0.128296,171464,,-0.000133216,-0.0113715,,-0.0154424,9.57151
18.5,5.99977,,1007.22,-0.27751,166537,,-0.000141632,-0.0111811,,-0.0172633,9.56108
18.5,6.49977,,1007.01,-0.365051,161620,,-0.000146441,-0.010945,,-0.0183703,9.5548
18.5,6.99978,,1006.8,-0.418145,156708,,-0.000149064,-0.0106781,,-0.0190221,9.55347
18.5,7.49979,,1006.6,-0.452106,151799,,-0.000150498,-0.0103894,,-0.0194043,9.55618
18.5,7.99979,,1006.39,-0.472464,146892,,-0.000151295,-0.010088,,-0.0196246,9.56124
18.5,8.4998,,1006.18,-0.48383,141986,,-0.000151753,-0.00978015,,-0.0197492,9.56757
18.5,8.99981,,1005.97,-0.490236,137080,,-0.000152036,-0.00946855,,-0.0198214,9.57464
18.5,9.49981,,1005.76,-0.494125,132174,,-0.000152236,-0.00915463,,-0.0198666,9.58213
18.5,9.99982,,1005.55,-0.49671,127269,,-0.000152398,-0.00883915,,-0.0198984,9.58985
18.5,10.4998,,1005.34,-0.49857,122363,,-0.000152541,-0.00852251,,-0.0199231,9.59767
18.5,10.9998,,1005.13,-0.499914,117458,,-0.000152673,-0.00820492,,-0.0199428,9.60552
18.5,11.4998,,1004.92,-0.500609,112553,,-0.00015279,-0.00788658,,-0.0199564,9.61334
18.5,11.9998,,1004.7,-0.500043,107647,,-0.00015288,-0.00756779,,-0.0199579,9.62101
18.5,12.4999,,1004.49,-0.496742,102742,,-0.000152904,-0.00724924,,-0.0199333,9.6283
18.5,12.9999,,1004.28,-0.48774,97837.5,,-0.000152779,-0.00693248,,-0.0198533,9.63475
18.5,13.4999,,1004.07,-0.46745,92933.6,,-0.000152317,-0.00662093,,-0.0196573,9.63938
18.5,13.9999,,1003.86,-0.424828,88031.7,,-0.000151112,-0.00632117,,-0.019224,9.64046
18.5,14.4999,,1003.64,-0.337863,83133.9,,-0.000148358,-0.00604555,,-0.0183259,9.63532
18.5,14.9999,,1003.43,-0.171393,78243.9,,-0.00014259,-0.00581999,,-0.0165869,9.61937
18.5,15.4999,,1003.22,0.111942,73367.4,,-0.000131195,-0.00569822,,-0.0134378,9.58334
18.5,15.9999,,1003.01,0.553668,68515.2,,-0.000109264,-0.00575984,,-0.00797085,9.51333
18.5,16.4999,,1002.8,1.27111,63711.8,,-6.80736e-05,-0.00607718,,0.00134223,9.40423
18.5,16.9999,,1002.59,2.46462,58988.3,,4.55806e-06,-0.00677164,,0.0165579,9.26876
18.5,17.4999,,1002.39,4.00304,54341.1,,0.000120805,-0.00826233,,0.0390491,9.09034
18.5,17.9999,,1002.19,5.07176,49752.6,,0.000293009,-0.0110486,,0.0681738,8.79143
18.5,18.4999,,1002,5.48895,45367.2,,0.000543856,-0.0143663,,0.102556,8.45249
18.5,18.9998,,1001.82,7.02841,41377.2,,0.000907258,-0.0166429,,0.142977,8.5184
18.5,19.4998,,1001.64,9.07623,37243.5,,0.00139427,-0.0203896,,0.191039,9.10711
18.5,19.9996,,1001.42,4.51121,32064.9,,0.00195343,-0.0295878,,0.243557,9.28736
18.5,20.4996,,1001.19,-7.77236,27059,,0.00245922,-0.0337228,,0.287693,8.84289
18.5,20.9996,,1001.06,-11.9352,23920.8,,0.0027084,-0.0196588,,0.297557,9.74254
18.5,21.4994,,1000.84,-2.09053,18895,,0.00254742,-0.0100887,,0.251653,12.2339
18.5,21.9992,,1000.46,1.03226,10379.9,,0.00212664,-0.0264426,,0.173248,12.7285
18.5,22.4996,,1000.14,-5.33948,3153.87,,0.00168792,-0.0262895,,0.109821,9.30985
18.5,22.9992,,1000.13,-13.4444,3027.84,,0.00115175,-0.00762654,,0.0684025,6.5899
19,-1.5,,1010.33,0,240345,,0,0,,0,0
19,-1,,1010.12,0,235440,,0,0,,0,0
19,-0.5,,1009.92,0,230535,,0,0,,0,0
19,-0.000340846,,1009.82,2.70066,228090,,0.000478567,-0.0170293,,0.0402037,9.42887
19,0.499858,,1009.51,-1.39008,220730,,0.000540822,-0.0023317,,0.041206,10.0024
19,0.999821,,1009.32,1.44876,216287,,0.000445676,-0.00718915,,0.0340482,9.54399
19,1.49976,,1009.13,1.74657,211826,,0.000331459,-0.011136,,0.032475,9.5619
19,1.99976,,1008.91,0.132575,206373,,0.000244122,-0.00898352,,0.033784,9.85207
19,2.49976,,1008.69,0.740219,201255,,0.000164737,-0.00917439,,0.0305784,9.76594
19,2.99975,,1008.48,1.36633,196375,,7.52839e-05,-0.0107336,,0.0212284,9.6496
19,3.49975,,1008.27,0.899552,191366,,-1.64077e-05,-0.0112407,,0.00973102,9.66847
19,3.99975,,1008.06,0.424656,186328,,-8.95758e-05,-0.0112831,,0.000339377,9.66992
19,4.49975,,1007.85,0.258084,181353,,-0.000137338,-0.0114181,,-0.00618041,9.62405
19,4.99976,,1007.64,0.106764,176410,,-0.000167008,-0.0114835,,-0.0109534,9.5863
19,5.49976,,1007.43,-0.0819594,171475,,-0.000186205,-0.0113844,,-0.0145864,9.56885
19,5.99977,,1007.22,-0.224507,166549,,-0.000198385,-0.0111889,,-0.0171091,9.55939
19,6.49977,,1007.01,-0.307632,161632,,-0.000205502,-0.0109494,,-0.0186649,9.5538
19,6.99978,,1006.81,-0.357597,156721,,-0.000209421,-0.0106805,,-0.0195702,9.55288
19,7.49979,,1006.6,-0.389511,151813,,-0.000211593,-0.0103907,,-0.0200955,9.55584
19,7.99979,,1006.39,-0.408647,146906,,-0.000212859,-0.0100888,,-0.0204002,9.56105
19,8.4998,,1006.18,-0.41929,141999,,-0.00021365,-0.00978066,,-0.0205757,9.56746
19,8.99981,,1005.97,-0.425238,137093,,-0.0002142,-0.00946892,,-0.0206796,9.57457
19,9.49981,,1005.76,-0.428813,132188,,-0.000214634,-0.00915494,,-0.0207469,9.58208
19,9.99982,,1005.55,-0.431162,127282,,-0.000215016,-0.00883943,,-0.0207961,9.58981
19,10.4998,,1005.34,-0.432831,122377,,-0.000215373,-0.00852277,,-0.0208359,9.59764
19,10.9998,,1005.13,-0.434015,117472,,-0.000215716,-0.00820517,,-0.0208692,9.6055
19,11.4998,,1004.92,-0.434593,112566,,-0.000216041,-0.0078868,,-0.0208943,9.61332
19,11.9998,,1004.7,-0.433987,107661,,-0.000216328,-0.00756797,,-0.0209035,9.62101
19,12.4999,,1004.49,-0.430814,102756,,-0.000216528,-0.00724931,,-0.0208779,9.62835
19,12.9999,,1004.28,-0.42229,97850.9,,-0.000216524,-0.00693229,,-0.0207778,9.63488
19,13.4999,,1004.07,-0.40316,92946.9,,-0.000216051,-0.00662015,,-0.0205202,9.63971
19,13.9999,,1003.86,-0.362955,88044.8,,-0.000214541,-0.00631912,,-0.0199374,9.64118
19,14.4999,,1003.64,-0.280766,83146.6,,-0.000210872,-0.00604095,,-0.0187206,9.63677
19,14.9999,,1003.43,-0.123495,78255.8,,-0.000202997,-0.00581053,,-0.0163686,9.6221
19,15.4999,,1003.22,0.143413,73377.8,,-0.000187071,-0.00567956,,-0.0120972,9.58817
19,15.9999,,1003.01,0.559536,68522.9,,-0.000155619,-0.00572374,,-0.00455755,9.52173
19,16.4999,,1002.8,1.24119,63714.9,,-9.59416e-05,-0.00601076,,0.00848712,9.41844
19,16.9999,,1002.59,2.38249,58983.5,,7.85958e-06,-0.0066606,,0.0295235,9.2908
19,17.4999,,1002.39,3.83799,54322.8,,0.000171661,-0.00809287,,0.0592856,9.1201
19,17.9999,,1002.19,4.79517,49715.6,,0.000421039,-0.0107957,,0.0965387,8.82745
19,18.4999,,1002,5.12406,45311,,0.000808552,-0.0139839,,0.14248,8.49608
19,18.9998,,1001.82,6.6644,41302.2,,0.00138244,-0.0161039,,0.201723,8.57255
19,19.4998,,1001.64,8.78644,37141,,0.00209582,-0.0197532,,0.269823,9.16639
19,19.9997,,1001.41,4.25113,31917.8,,0.00278684,-0.028998,,0.321591,9.33225
19,20.4996,,1001.19,-8.21083,26849.9,,0.00326272,-0.0333787,,0.319042,8.84274
19,20.9996,,1001.04,-12.8638,23643.2,,0.00332922,-0.019774,,0.228701,9.66749
19,21.4994,,1000.82,-3.55704,18599.4,,0.00295987,-0.0105836,,0.0598055,12.1038
19,21.9992,,1000.45,-0.497856,10168.9,,0.00253812,-0.0269428,,-0.0992657,12.6192
19,22.4996,,1000.13,-6.65298,2999.67,,0.00226411,-0.0269537,,-0.155208,9.2414
19,22.9992,,1000.13,-14.377,2885.63,,0.00165408,-0.00895234,,-0.117626,6.50649
19.5,-1.5,,1010.33,0,240345,,0,0,,0,0
19.5,-1,,1010.12,0,235440,,0,0,,0,0
19.5,-0.5,,1009.92,0,230535,,0,0,,0,0
19.5,-0.000338472,,1009.81,2.74035,228065,,0.000956629,-0.0167694,,0.0850055,9.44635
19.5,0.499858,,1009.51,-1.17495,220738,,0.00111281,-0.00237845,,0.0931921,9.9938
19.5,0.999819,,1009.32,1.61849,216300,,0.000938185,-0.00738652,,0.0753132,9.53079
19.5,1.49975,,1009.13,1.74935,211820,,0.000640354,-0.0113281,,0.054744,9.55624
19.5,1.99976,,1008.9,0.0258428,206349,,0.000364575,-0.00912625,,0.0422469,9.84987
19.5,2.49976,,1008.69,0.624441,201228,,0.000176349,-0.00928286,,0.0358263,9.76014
19.5,2.99975,,1008.48,1.28865,196356,,4.46233e-05,-0.0108413,,0.0266836,9.63777
19.5,3.49975,,1008.27,0.840803,191356,,-7.89671e-05,-0.0113432,,0.0121454,9.65536
19.5,3.99975,,1008.06,0.363103,186322,,-0.000187426,-0.0113587,,-0.00202149,9.66007
19.5,4.49975,,1007.85,0.199949,181349,,-0.00026172,-0.0114647,,-0.0119528,9.61745
19.5,4.99976,,1007.64,0.0627106,176409,,-0.000306019,-0.011512,,-0.0185685,9.58146
19.5,5.49976,,1007.43,-0.112403,171476,,-0.00033312,-0.0114028,,-0.0233993,9.56527
19.5,5.99977,,1007.22,-0.246513,166552,,-0.00035024,-0.0112002,,-0.0268322,9.55702
19.5,6.49977,,1007.01,-0.324535,161636,,-0.00036049,-0.0109558,,-0.029005,9.55239
19.5,6.99978,,1006.81,-0.371006,156725,,-0.00036628,-0.0106841,,-0.0302802,9.55207
19.5,7.49979,,1006.6,-0.400648,151816,,-0.0003696,-0.0103928,,-0.0310289,9.55536
19.5,7.99979,,1006.39,-0.418524,146909,,-0.000371661,-0.0100902,,-0.0314818,9.56076
19.5,8.4998,,1006.18,-0.428555,142003,,-0.000373082,-0.00978162,,-0.0317652,9.56728
19.5,8.99981,,1005.97,-0.434244,137097,,-0.000374181,-0.00946968,,-0.0319545,9.57445
19.5,9.49981,,1005.76,-0.437743,132192,,-0.000375125,-0.00915561,,-0.0320957,9.582
19.5,9.99982,,1005.55,-0.440119,127286,,-0.000376,-0.00884006,,-0.0322133,9.58973
19.5,10.4998,,1005.34,-0.441874,122381,,-0.000376845,-0.00852339,,-0.032319,9.59757
19.5,10.9998,,1005.13,-0.443187,117476,,-0.000377671,-0.00820577,,-0.0324166,9.60544
19.5,11.4998,,1004.92,-0.443948,112570,,-0.000378476,-0.00788738,,-0.0325039,9.61328
19.5,11.9998,,1004.7,-0.443627,107665,,-0.000379234,-0.00756848,,-0.0325709,9.62099
19.5,12.4999,,1004.49,-0.440959,102760,,-0.000379877,-0.00724967,,-0.0325933,9.62838
19.5,12.9999,,1004.28,-0.433391,97854.8,,-0.000380252,-0.0069323,,-0.0325189,9.63504
19.5,13.4999,,1004.07,-0.416086,92950.7,,-0.000380001,-0.00661936,,-0.0322375,9.64012
19.5,13.9999,,1003.86,-0.379331,88048.3,,-0.000378358,-0.0063166,,-0.031526,9.64212
19.5,14.4999,,1003.65,-0.303716,83149.6,,-0.000373825,-0.00603494,,-0.02998,9.63869
19.5,14.9999,,1003.43,-0.158792,78257.7,,-0.000363602,-0.00579778,,-0.0269433,9.62571
19.5,15.4999,,1003.22,0.0870057,73377.6,,-0.000342164,-0.0056536,,-0.021331,9.59469
19.5,15.9999,,1003.01,0.471912,68519.1,,-0.000298686,-0.00567251,,-0.0111772,9.53331
19.5,16.4999,,1002.8,1.1101,63705.1,,-0.000215823,-0.00591689,,0.00659585,9.43807
19.5,16.9999,,1002.59,2.18371,58962.5,,-7.32038e-05,-0.0065059,,0.0347642,9.32031
19.5,17.4999,,1002.39,3.5347,54284,,0.000154306,-0.00785252,,0.0736088,9.15871
19.5,17.9999,,1002.19,4.38842,49656.6,,0.000521791,-0.0104124,,0.123686,8.87602
19.5,18.4999,,1001.99,4.71661,45234.5,,0.00112348,-0.0133798,,0.192606,8.56167
19.5,18.9998,,1001.82,6.39046,41202.2,,0.00199141,-0.0152932,,0.286012,8.65511
19.5,19.4998,,1001.63,8.63354,36996,,0.00297579,-0.0189071,,0.378815,9.23693
19.5,19.9997,,1001.4,4.07791,31724.8,,0.00390211,-0.0282819,,0.416789,9.34433
19.5,20.4996,,1001.18,-8.44521,26657.9,,0.00481211,-0.0328664,,0.368068,8.7663
19.5001,20.9996,,1001.04,-12.9235,23549.1,,0.00575696,-0.0195545,,0.250199,9.50718
19.5001,21.4994,,1000.83,-2.74274,18768.1,,0.00670863,-0.0104886,,0.120658,11.9294
19.5001,21.9992,,1000.47,1.79248,10697.9,,0.00764469,-0.0267072,,0.0463422,12.5486
19.5001,22.4996,,1000.16,-4.28943,3544.56,,0.00765782,-0.0270364,,0.0244559,9.39609
19.5001,22.9992,,1000.14,-13.4913,3187.12,,0.00553127,-0.0102091,,-0.00626142,6.75854
20,-1.5,,1010.33,0,240345,,0,0,,0,0
20,-1,,1010.12,0,235440,,0,0,,0,0
20,-0.5,,1009.92,0,230535,,0,0,,0,0
20,-0.000334839,,1009.81,2.62089,227958,,0.00125285,-0.0163468,,0.114918,9.48343
20,0.499858,,1009.5,-1.06079,220666,,0.00143489,-0.00239601,,0.13536,9.98983
20,0.999817,,1009.32,1.83146,216269,,0.00133321,-0.00765256,,0.126274,9.50451
20,1.49975,,1009.13,1.88033,211812,,0.00104032,-0.011714,,0.0937463,9.52503
20,1.99976,,1008.9,-0.0372103,206336,,0.000587215,-0.00947919,,0.0541614,9.82923
20,2.49976,,1008.69,0.425245,201199,,0.000214101,-0.00949598,,0.0318671,9.7505
20,2.99975,,1008.48,1.10123,196330,,9.19796e-06,-0.0109842,,0.0216188,9.62546
20,3.49975,,1008.27,0.706463,191344,,-0.000136559,-0.0114776,,0.00704658,9.63827
20,3.99975,,1008.06,0.243438,186320,,-0.000271671,-0.0114676,,-0.0106375,9.64557
20,4.49975,,1007.85,0.0825875,181351,,-0.000372246,-0.0115331,,-0.0240664,9.60807
20,4.99976,,1007.64,-0.0396174,176414,,-0.000432144,-0.0115517,,-0.0325361,9.57516
20,5.49976,,1007.43,-0.196027,171484,,-0.000466921,-0.0114273,,-0.0383727,9.56065
20,5.99977,,1007.22,-0.31753,166561,,-0.000488404,-0.0112154,,-0.0425647,9.55389
20,6.49977,,1007.01,-0.388295,161647,,-0.000501344,-0.0109647,,-0.0452813,9.5505
20,6.99978,,1006.81,-0.430057,156736,,-0.000508628,-0.0106891,,-0.0468782,9.55097
20,7.49979,,1006.6,-0.456575,151828,,-0.000512698,-0.0103958,,-0.0478036,9.5547
20,7.99979,,1006.39,-0.472609,146922,,-0.000515143,-0.0100922,,-0.0483589,9.56035
20,8.4998,,1006.18,-0.481658,142016,,-0.000516777,-0.0097831,,-0.0487059,9.56701
20,8.99981,,1005.97,-0.486834,137110,,-0.000518005,-0.00947092,,-0.0489372,9.57426
20,9.49981,,1005.76,-0.490061,132204,,-0.000519038,-0.00915673,,-0.0491086,9.58184
20,9.99982,,1005.55,-0.492294,127299,,-0.000519982,-0.00884113,,-0.0492509,9.5896
20,10.4998,,1005.34,-0.493979,122394,,-0.000520886,-0.00852443,,-0.0493783,9.59744
20,10.9998,,1005.13,-0.495275,117488,,-0.000521767,-0.0082068,,-0.0494957,9.60532
20,11.4998,,1004.92,-0.496085,112583,,-0.00052262,-0.00788837,,-0.0496004,9.61317
20,11.9998,,1004.71,-0.495943,107678,,-0.000523413,-0.00756939,,-0.0496802,9.62092
20,12.4999,,1004.49,-0.493732,102772,,-0.000524063,-0.00725039,,-0.0497054,9.62838
20,12.9999,,1004.28,-0.487197,97867.6,,-0.000524376,-0.00693257,,-0.0496116,9.6352
20,13.4999,,1004.07,-0.472039,92963.4,,-0.0005239,-0.00661858,,-0.0492614,9.64061
20,13.9999,,1003.86,-0.439567,88060.7,,-0.000521675,-0.00631358,,-0.0483787,9.64328
20,14.4999,,1003.65,-0.372433,83161.3,,-0.00051583,-0.00602738,,-0.0464714,9.64109
20,14.9999,,1003.43,-0.243631,78268,,-0.000502783,-0.00578127,,-0.0427374,9.63029
20,15.4999,,1003.22,-0.0250378,73385.1,,-0.000475219,-0.00561911,,-0.0357834,9.60311
20,15.9999,,1003.01,0.31966,68522,,-0.000418997,-0.00560371,,-0.0230379,9.54854
20,16.4999,,1002.8,0.897851,63699.3,,-0.000312972,-0.0057921,,-0.000817485,9.46367
20,16.9999,,1002.59,1.87092,58940.5,,-0.000133108,-0.00630121,,0.0334012,9.35773
20,17.4999,,1002.39,3.07685,54238.3,,0.00015891,-0.00752139,,0.0795655,9.20774
20,17.9999,,1002.18,3.82385,49585.5,,0.000654727,-0.00985193,,0.14197,8.94344
20,18.4999,,1001.99,4.19659,45135.3,,0.00147148,-0.0125018,,0.234671,8.66015
20,18.9998,,1001.81,5.96765,41045.8,,0.00256166,-0.0142107,,0.354185,8.76929
20,19.4998,,1001.62,8.11656,36749.9,,0.00368207,-0.0178376,,0.443187,9.30541
20,19.9997,,1001.39,3.48753,31443.7,,0.0049089,-0.0270845,,0.445348,9.3287
20.0001,20.4996,,1001.17,-8.34894,26487.4,,0.00680213,-0.0312093,,0.414863,8.71366
20.0001,20.9997,,1001.04,-10.9562,23608.2,,0.00938199,-0.0176133,,0.471431,9.48903
20.0001,21.4994,,1000.85,2.06587,19139.1,,0.0118685,-0.00862016,,0.639104,11.9709
20.0001,21.9992,,1000.5,8.88782,11261.2,,0.0133788,-0.0258613,,0.799793,12.6081
20.0001,22.4995,,1000.17,2.34529,3863.66,,0.0122391,-0.0306091,,0.766838,9.38836
20.0001,22.9991,,1000.16,-7.92557,3591.84,,0.00793101,-0.0174593,,0.487926,6.84684
20.5,-1.5,,1010.33,0,240345,,0,0,,0,0
20.5,-1,,1010.12,0,235440,,0,0,,0,0
20.5,-0.5,,1009.92,0,230535,,0,0,,0,0
20.5,-0.000332652,,1009.8,1.85538,227752,,0.00127251,-0.0161395,,0.0385978,9.50259
20.5,0.499855,,1009.5,-1.88891,220452,,0.000888719,-0.00251481,,0.0243133,9.99827
20.5,0.999816,,1009.31,1.176,216063,,0.000804385,-0.00761878,,0.0553402,9.51225
20.5,1.49975,,1009.13,1.67646,211712,,0.00105413,-0.011919,,0.0832973,9.49733
20.5,1.99975,,1008.9,-0.0632581,206324,,0.000844742,-0.00993948,,0.0588524,9.7922
20.5,2.49976,,1008.69,0.294861,201197,,0.000415216,-0.00981409,,0.0340772,9.73792
20.5,2.99975,,1008.48,0.978995,196328,,0.000173861,-0.0111384,,0.0322562,9.61984
20.5,3.49975,,1008.27,0.7073,191363,,4.54976e-05,-0.0116118,,0.0277666,9.62356
20.5,3.99975,,1008.06,0.317382,186358,,-8.61983e-05,-0.0115934,,0.0131215,9.6293
20.5,4.49975,,1007.85,0.177989,181397,,-0.000199705,-0.0116175,,-0.000801494,9.59715
20.5,4.99976,,1007.64,0.0782272,176465,,-0.00027019,-0.0115992,,-0.00967466,9.56826
20.5,5.49976,,1007.43,-0.0510432,171539,,-0.000309997,-0.0114553,,-0.0156271,9.55564
20.5,5.99977,,1007.23,-0.153098,166619,,-0.00033415,-0.0112326,,-0.0200312,9.55038
20.5,6.49977,,1007.02,-0.212701,161705,,-0.000348749,-0.0109744,,-0.0229748,9.54836
20.5,6.99978,,1006.81,-0.247454,156796,,-0.000356845,-0.0106942,,-0.0246917,9.54976
20.5,7.49979,,1006.6,-0.269161,151889,,-0.000361122,-0.0103984,,-0.0256391,9.55402
20.5,7.99979,,1006.39,-0.282013,146982,,-0.000363455,-0.0100936,,-0.0261624,9.55996
20.5,8.4998,,1006.18,-0.288983,142076,,-0.000364827,-0.00978399,,-0.0264481,9.56678
20.5,8.99981,,1005.97,-0.292685,137171,,-0.00036572,-0.00947153,,-0.0266008,9.57412
20.5,9.49981,,1005.76,-0.294742,132266,,-0.000366381,-0.00915724,,-0.0266837,9.58174
20.5,9.99982,,1005.55,-0.29596,127360,,-0.000366935,-0.00884161,,-0.0267322,9.58952
20.5,10.4998,,1005.34,-0.296717,122455,,-0.000367442,-0.00852491,,-0.026763,9.59737
20.5,10.9998,,1005.13,-0.297148,117550,,-0.000367919,-0.00820728,,-0.0267817,9.60526
20.5,11.4998,,1004.92,-0.297169,112644,,-0.000368362,-0.00788885,,-0.0267853,9.61313
20.5,11.9998,,1004.71,-0.296395,107739,,-0.000368733,-0.0075698,,-0.0267594,9.62091
20.5,12.4999,,1004.5,-0.29389,102834,,-0.000368934,-0.00725059,,-0.0266699,9.62845
20.5,12.9999,,1004.28,-0.287766,97929.4,,-0.000368735,-0.00693224,,-0.0264415,9.63545
20.5,13.4999,,1004.07,-0.274401,93025.2,,-0.000367598,-0.00661702,,-0.025914,9.64126
20.5,13.9999,,1003.86,-0.246445,88122.2,,-0.000364392,-0.00630933,,-0.0247685,9.64472
20.5,14.4999,,1003.65,-0.189279,83221.9,,-0.000356925,-0.0060177,,-0.0224493,9.64399
20.5,14.9999,,1003.44,-0.0802484,78326.8,,-0.000340926,-0.00576068,,-0.0180541,9.63572
20.5,15.4999,,1003.22,0.10454,73440.6,,-0.000307524,-0.00557632,,-0.00997253,9.61312
20.5,15.9999,,1003.01,0.397274,68571.3,,-0.000240053,-0.00551933,,0.0047315,9.56658
20.5,16.4999,,1002.8,0.890148,63736.4,,-0.000115549,-0.00564271,,0.0297265,9.49312
20.5,16.9999,,1002.59,1.71255,58955.5,,9.09665e-05,-0.00605901,,0.0662136,9.39864
20.5,17.4999,,1002.39,2.70924,54221.5,,0.000428412,-0.00711795,,0.112709,9.26032
20.5,17.9999,,1002.18,3.29929,49532.7,,0.00101234,-0.00915525,,0.175408,9.01957
20.5,18.4999,,1001.98,3.6062,45024,,0.00193043,-0.0114824,,0.266959,8.76875
20.5,18.9999,,1001.8,5.07599,40808.5,,0.00297215,-0.013148,,0.356723,8.86156
20.5,19.4998,,1001.6,6.4556,36352.8,,0.00381472,-0.0168737,,0.344803,9.29257
20.5,19.9997,,1001.37,1.38887,31000.6,,0.0048994,-0.0255535,,0.202221,9.24082
20.5001,20.4997,,1001.15,-9.58573,26084,,0.00692113,-0.0287627,,0.104537,8.72843
20.5001,20.9997,,1001.02,-10.985,22993.1,,0.00856384,-0.0156016,,0.199133,9.67141
20.5001,21.4995,,1000.79,1.66109,17956.9,,0.00755718,-0.0082305,,0.327681,12.1653
20.5001,21.9991,,1000.41,5.96289,9283.93,,0.00395545,-0.0282608,,0.281292,12.5639
20.5001,22.4994,,1000.07,-0.962237,1488.98,,0.000514493,-0.0410351,,0.144269,8.54354
20.5,22.9989,,1000.11,-5.04695,2501.17,,-0.00161649,-0.0324523,,0.0540418,5.83021
21,-1.5,,1010.33,0,240345,,0,0,,0,0
21,-1,,1010.12,0,235440,,0,0,,0,0
21,-0.5,,1009.92,0,230535,,0,0,,0,0
21.0001,-0.000333151,,1009.8,1.94497,227804,,0.00391651,-0.0164932,,0.0852345,9.44346
21,0.499838,,1009.5,-1.91974,220612,,0.00230595,-0.00359756,,-0.0183728,9.97687
21,0.999809,,1009.31,0.674313,216012,,0.00109931,-0.00750584,,0.00389905,9.58869
21,1.49975,,1009.12,1.54463,211604,,0.00134736,-0.0116138,,0.0972571,9.5325
21,1.99975,,1008.9,0.2774,206327,,0.00129814,-0.010341,,0.106129,9.76244
21,2.49975,,1008.69,0.470298,201210,,0.000694933,-0.0102563,,0.0739436,9.7253
21,2.99975,,1008.48,0.963299,196308,,0.000259181,-0.0113353,,0.0660043,9.62315
21,3.49974,,1008.27,0.732313,191344,,3.8643e-05,-0.0117552,,0.0607232,9.61374
21,3.99975,,1008.06,0.391528,186352,,-0.000150404,-0.0117428,,0.0420389,9.6118
21,4.49975,,1007.85,0.242357,181397,,-0.000312961,-0.0117259,,0.0223236,9.5841
21,4.99976,,1007.64,0.137308,176466,,-0.000416613,-0.0116608,,0.00921235,9.56015
21,5.49976,,1007.43,0.0215222,171543,,-0.000474885,-0.0114909,,0.000697491,9.54981
21,5.99977,,1007.23,-0.0667561,166625,,-0.000509462,-0.0112545,,-0.00537005,9.54621
21,6.49977,,1007.02,-0.118484,161713,,-0.000530425,-0.0109872,,-0.00940238,9.54578
21,6.99978,,1006.81,-0.148402,156804,,-0.000542515,-0.0107011,,-0.0117712,9.54833
21,7.49979,,1006.6,-0.166623,151897,,-0.000549432,-0.0104023,,-0.0130898,9.55323
21,7.99979,,1006.39,-0.17718,146991,,-0.000553726,-0.010096,,-0.0138323,9.55952
21,8.4998,,1006.18,-0.182812,142085,,-0.000556747,-0.00978556,,-0.0142591,9.56655
21,8.99981,,1005.97,-0.185738,137180,,-0.000559147,-0.00947274,,-0.0145124,9.57399
21,9.49981,,1005.76,-0.187308,132274,,-0.000561254,-0.00915828,,-0.014676,9.58167
21,9.99982,,1005.55,-0.188193,127369,,-0.000563232,-0.00884258,,-0.0147958,9.58947
21,10.4998,,1005.34,-0.188706,122464,,-0.000565156,-0.00852585,,-0.0148938,9.59734
21,10.9998,,1005.13,-0.188958,117559,,-0.000567051,-0.0082082,,-0.0149772,9.60524
21,11.4998,,1004.92,-0.188887,112653,,-0.000568911,-0.00788972,,-0.0150424,9.61313
21,11.9998,,1004.71,-0.188182,107748,,-0.000570688,-0.00757056,,-0.0150713,9.62096
21,12.4999,,1004.5,-0.186092,102843,,-0.00057226,-0.00725108,,-0.0150204,9.62861
21,12.9999,,1004.29,-0.181078,97938.1,,-0.000573327,-0.00693206,,-0.0147928,9.63583
21,13.4999,,1004.07,-0.170139,93033.6,,-0.000573197,-0.00661529,,-0.0141803,9.64212
21,13.9999,,1003.86,-0.147175,88130.2,,-0.000570398,-0.00630428,,-0.0127673,9.64653
21,14.4999,,1003.65,-0.100057,83229,,-0.000562025,-0.00600592,,-0.00981839,9.64756
21,14.9999,,1003.44,-0.00949017,78332,,-0.000542258,-0.0057352,,-0.00409658,9.6424
21,15.4999,,1003.22,0.146948,73442.6,,-0.000498899,-0.00552278,,0.00666356,9.62545
21,15.9999,,1003.01,0.401149,68567.6,,-0.000409241,-0.00541398,,0.0265196,9.58868
21,16.4999,,1002.8,0.832814,63721.6,,-0.00024144,-0.0054578,,0.0604228,9.52832
21,16.9999,,1002.59,1.55087,58921.8,,4.43924e-05,-0.00575692,,0.11052,9.44601
21,17.4999,,1002.38,2.45491,54167.7,,0.000531538,-0.00660011,,0.177333,9.32104
21,17.9999,,1002.18,3.13442,49465.8,,0.0013901,-0.00826549,,0.272034,9.10844
21,18.4999,,1001.98,3.68885,44925,,0.00271584,-0.0102793,,0.405431,8.88086
21,18.9999,,1001.79,5.09511,40626.4,,0.00422107,-0.0120654,,0.517724,8.9016
21,19.4998,,1001.59,6.14004,36157.2,,0.00568249,-0.0158514,,0.472943,9.15104
21.0001,19.9997,,1001.37,1.88593,31051.2,,0.00793805,-0.0235489,,0.271082,9.03144
21.0001,20.4997,,1001.16,-6.97032,26355.8,,0.0111914,-0.0265136,,0.133998,8.68422
21.0002,20.9997,,1001.01,-8.80317,22879.3,,0.0119662,-0.0167622,,0.0578901,9.66555
21.0002,21.4994,,1000.76,-2.15311,17217.6,,0.00692634,-0.0137807,,-0.392827,11.8521
21.0002,21.9992,,1000.37,-4.99173,8328.24,,0.00109406,-0.0326795,,-1.21105,12.1129
21.0003,22.4994,,1000.03,-13.1535,741.981,,0.00176713,-0.0405348,,-1.55284,8.34311
21.0003,22.999,,1000.08,-15.7348,1893.68,,0.00468855,-0.0238994,,-1.03499,5.76485
21.5,-1.5,,1010.33,0,240345,,0,0,,0,0
21.5,-1,,1010.12,0,235440,,0,0,,0,0
21.5,-0.5,,1009.92,0,230535,,0,0,,0,0
21.5001,-0.000330445,,1009.81,4.10147,228068,,0.00992815,-0.0167628,,0.502634,9.35651
21.5001,0.499797,,1009.54,1.02356,221431,,0.00726922,-0.00666902,,0.333601,9.85363
21.5,0.999784,,1009.33,2.04527,216405,,0.00388395,-0.00867404,,0.240348,9.64504
21.5,1.49974,,1009.13,2.2561,211617,,0.00273041,-0.0116444,,0.266503,9.58061
21.5,1.99974,,1008.9,1.0967,206340,,0.00191348,-0.0110944,,0.222229,9.70858
21.5,2.49974,,1008.69,0.794175,201191,,0.000694016,-0.0111114,,0.129403,9.67794
21.5,2.99974,,1008.48,0.7374,196205,,-0.000204057,-0.0117999,,0.0708104,9.60421
21.5,3.49974,,1008.27,0.333969,191210,,-0.000707298,-0.0120468,,0.0309708,9.58839
21.5,3.99975,,1008.06,-0.0594547,186219,,-0.00106011,-0.0119885,,-0.011218,9.58106
21.5,4.49975,,1007.85,-0.282136,181264,,-0.00132009,-0.0118972,,-0.0469856,9.56136
21.5,4.99976,,1007.64,-0.434385,176332,,-0.00148033,-0.0117586,,-0.0703297,9.54606
21.5,5.49976,,1007.43,-0.558916,171409,,-0.00156982,-0.0115462,,-0.084921,9.54045
21.5,5.99977,,1007.22,-0.644176,166493,,-0.00162141,-0.0112875,,-0.0944904,9.53991
21.5,6.49977,,1007.01,-0.694041,161582,,-0.00165202,-0.0110065,,-0.100538,9.54195
21.5,6.99978,,1006.8,-0.723048,156673,,-0.00167004,-0.0107122,,-0.104083,9.54617
21.5,7.49979,,1006.59,-0.740588,151766,,-0.00168104,-0.010409,,-0.10612,9.55203
21.5,7.99979,,1006.39,-0.751128,146860,,-0.00168855,-0.0101006,,-0.107345,9.55882
21.5,8.4998,,1006.18,-0.757507,141955,,-0.00169439,-0.00978917,,-0.108138,9.56612
21.5,8.99981,,1005.97,-0.761682,137049,,-0.00169945,-0.00947587,,-0.108704,9.57371
21.5,9.49981,,1005.76,-0.764774,132143,,-0.00170414,-0.00916121,,-0.109155,9.58145
21.5,9.99982,,1005.55,-0.767333,127238,,-0.00170868,-0.00884543,,-0.109552,9.58929
21.5,10.4998,,1005.34,-0.769617,122333,,-0.00171316,-0.00852867,,-0.109923,9.59718
21.5,10.9998,,1005.12,-0.771717,117427,,-0.00171762,-0.008211,,-0.110278,9.60509
21.5,11.4998,,1004.91,-0.773587,112522,,-0.00172204,-0.00789247,,-0.110611,9.61301
21.5,11.9998,,1004.7,-0.774997,107616,,-0.00172637,-0.00757318,,-0.110903,9.62089
21.5,12.4999,,1004.49,-0.775375,102711,,-0.00173046,-0.00725335,,-0.111097,9.62868
21.5,12.9999,,1004.28,-0.773511,97805.8,,-0.00173395,-0.00693348,,-0.111074,9.63619
21.5,13.4999,,1004.07,-0.766973,92901,,-0.00173598,-0.00661472,,-0.110567,9.64311
21.5,13.9999,,1003.86,-0.750767,87997,,-0.00173468,-0.00629934,,-0.109036,9.64881
21.5,14.4999,,1003.64,-0.714863,83094.7,,-0.00172626,-0.00599188,,-0.105482,9.65227
21.5,14.9999,,1003.43,-0.642081,78195.8,,-0.00170291,-0.00570222,,-0.0981253,9.65155
21.5,15.4999,,1003.22,-0.508363,73303.3,,-0.00164814,-0.00545059,,-0.0836417,9.64287
21.5,15.9999,,1003.01,-0.276647,68423.2,,-0.00153068,-0.00526818,,-0.0560426,9.62057
21.5,16.4999,,1002.79,0.129488,63568,,-0.00130202,-0.00519229,,-0.0070881,9.58089
21.5,16.9999,,1002.58,0.822874,58754.9,,-0.000890048,-0.00529815,,0.0708277,9.52252
21.5,17.4999,,1002.38,1.81826,53995.7,,-0.000151574,-0.00578116,,0.187085,9.43029
21.5,17.9999,,1002.17,2.95618,49311.4,,0.00117946,-0.00684454,,0.365178,9.27434
21.5,18.4999,,1001.97,4.35011,44790.9,,0.00332912,-0.00826195,,0.627565,9.0951
21.5,18.9999,,1001.79,6.59881,40519.7,,0.00620869,-0.00977594,,0.920874,9.0471
21.5001,19.4998,,1001.6,8.99117,36301,,0.00996953,-0.0128228,,1.11865,9.11782
21.5001,19.9998,,1001.41,8.52225,31898.7,,0.015884,-0.0185034,,1.23789,8.96844
21.5002,20.4998,,1001.23,5.23551,27941.5,,0.024007,-0.021381,,1.45952,8.74611
21.5003,20.9997,,1001.1,5.1046,24811.5,,0.0300935,-0.0168654,,1.59126,9.4346
21.5004,21.4995,,1000.9,7.59487,20300.7,,0.0314356,-0.0178145,,1.00339,10.8867
21.5007,21.9994,,1000.62,2.71207,14059.2,,0.0370503,-0.0274927,,-0.124109,11.3898
21.501,22.4997,,1000.36,-6.90365,8050.49,,0.0524086,-0.0125001,,-0.588495,10.5599
21.5011,22.9994,,1000.29,-31.9811,6475.07,,0.0581593,0.0307256,,-0.10514,9.66639
22,-1.5,,1010.33,0,240345,,0,0,,0,0
22,-1,,1010.12,0,235440,,0,0,,0,0
22,-0.5,,1009.92,0,230535,,0,0,,0,0
22,0,,1009.71,0,225630,,0,0,,0,0
22,0.5,,1009.51,0,220725,,0,0,,0,0
22,1,,1009.3,0,215820,,0,0,,0,0
22,1.5,,1009.1,0,210915,,0,0,,0,0
22,2,,1008.89,0,206010,,0,0,,0,0
22,2.5,,1008.68,0,201105,,0,0,,0,0
22,3,,1008.48,0,196200,,0,0,,0,0
22,3.5,,1008.27,0,191295,,0,0,,0,0
22,4,,1008.06,0,186390,,0,0,,0,0
22,4.5,,1007.86,0,181485,,0,0,,0,0
22,5,,1007.65,0,176580,,0,0,,0,0
22,5.5,,1007.44,0,171675,,0,0,,0,0
22,6,,1007.23,0,166770,,0,0,,0,0
22,6.5,,1007.02,0,161865,,0,0,,0,0
22,7,,1006.82,0,156960,,0,0,,0,0
22,7.5,,1006.61,0,152055,,0,0,,0,0
22,8,,1006.4,0,147150,,0,0,,0,0
22,8.5,,1006.19,0,142245,,0,0,,0,0
22,9,,1005.98,0,137340,,0,0,,0,0
22,9.5,,1005.77,0,132435,,0,0,,0,0
22,10,,1005.56,0,127530,,0,0,,0,0
22,10.5,,1005.35,0,122625,,0,0,,0,0
22,11,,1005.14,0,117720,,0,0,,0,0
22,11.5,,1004.93,0,112815,,0,0,,0,0
22,12,,1004.72,0,107910,,0,0,,0,0
22,12.5,,1004.5,0,103005,,0,0,,0,0
22,13,,1004.29,0,98100,,0,0,,0,0
22,13.5,,1004.08,0,93195,,0,0,,0,0
22,14,,1003.87,0,88290,,0,0,,0,0
22,14.5,,1003.66,0,83385,,0,0,,0,0
22,15,,1003.44,0,78480,,0,0,,0,0
22,15.5,,1003.23,0,73575,,0,0,,0,0
22,16,,1003.02,0,68670,,0,0,,0,0
22,16.5,,1002.8,0,63765,,0,0,,0,0
22,17,,1002.59,0,58860,,0,0,,0,0
22,17.5,,1002.37,0,53955,,0,0,,0,0
22,18,,1002.16,0,49050,,0,0,,0,0
22,18.5,,1001.95,0,44145,,0,0,,0,0
22,19,,1001.73,0,39240,,0,0,,0,0
22,19.5,,1001.51,0,34335,,0,0,,0,0
22,20,,1001.3,0,29430,,0,0,,0,0
22,20.5,,1001.08,0,24525,,0,0,,0,0
22,21,,1000.87,0,19620,,0,0,,0,0
22,21.5,,1000.65,0,14715,,0,0,,0,0
22,22,,1000.43,0,9810,,0,0,,0,0
22,22.5,,1000.22,0,4905,,0,0,,0,0
22,23,,1000,0,0,,0,0,,0,0
22.5,-1.5,,1010.33,0,240345,,0,0,,0,0
22.5,-1,,1010.12,0,235440,,0,0,,0,0
22.5,-0.5,,1009.92,0,230535,,0,0,,0,0
22.5,0,,1009.71,0,225630,,0,0,,0,0
22.5,0.5,,1009.51,0,220725,,0,0,,0,0
22.5,1,,1009.3,0,215820,,0,0,,0,0
22.5,1.5,,1009.1,0,210915,,0,0,,0,0
22.5,2,,1008.89,0,206010,,0,0,,0,0
22.5,2.5,,1008.68,0,201105,,0,0,,0,0
22.5,3,,1008.48,0,196200,,0,0,,0,0
22.5,3.5,,1008.27,0,191295,,0,0,,0,0
22.5,4,,1008.06,0,186390,,0,0,,0,0
22.5,4.5,,1007.86,0,181485,,0,0,,0,0
22.5,5,,1007.65,0,176580,,0,0,,0,0
22.5,5.5,,1007.44,0,171675,,0,0,,0,0
22.5,6,,1007.23,0,166770,,0,0,,0,0
22.5,6.5,,1007.02,0,161865,,0,0,,0,0
22.5,7,,1006.82,0,156960,,0,0,,0,0
22.5,7.5,,1006.61,0,152055,,0,0,,0,0
22.5,8,,1006.4,0,147150,,0,0,,0,0
22.5,8.5,,1006.19,0,142245,,0,0,,0,0
22.5,9,,1005.98,0,137340,,0,0,,0,0
22.5,9.5,,1005.77,0,132435,,0,0,,0,0
22.5,10,,1005.56,0,127530,,0,0,,0,0
22.5,10.5,,1005.35,0,122625,,0,0,,0,0
22.5,11,,1005.14,0,117720,,0,0,,0,0
22.5,11.5,,1004.93,0,112815,,0,0,,0,0
22.5,12,,1004.72,0,107910,,0,0,,0,0
22.5,12.5,,1004.5,0,103005,,0,0,,0,0
22.5,13,,1004.29,0,98100,,0,0,,0,0
22.5,13.5,,1004.08,0,93195,,0,0,,0,0
22.5,14,,1003.87,0,88290,,0,0,,0,0
22.5,14.5,,1003.66,0,83385,,0,0,,0,0
22.5,15,,1003.44,0,78480,,0,0,,0,0
22.5,15.5,,1003.23,0,73575,,0,0,,0,0
22.5,16,,1003.02,0,68670,,0,0,,0,0
22.5,16.5,,1002.8,0,63765,,0,0,,0,0
22.5,17,,1002.59,0,58860,,0,0,,0,0
22.5,17.5,,1002.37,0,53955,,0,0,,0,0
22.5,18,,1002.16,0,49050,,0,0,,0,0
22.5,18.5,,1001.95,0,44145,,0,0,,0,0
22.5,19,,1001.73,0,39240,,0,0,,0,0
22.5,19.5,,1001.51,0,34335,,0,0,,0,0
22.5,20,,1001.3,0,29430,,0,0,,0,0
22.5,20.5,,1001.08,0,24525,,0,0,,0,0
22.5,21,,1000.87,0,19620,,0,0,,0,0
22.5,21.5,,1000.65,0,14715,,0,0,,0,0
22.5,22,,1000.43,0,9810,,0,0,,0,0
22.5,22.5,,1000.22,0,4905,,0,0,,0,0
22.5,23,,1000,0,0,,0,0,,0,0
23,-1.5,,1010.33,0,240345,,0,0,,0,0
23,-1,,1010.12,0,235440,,0,0,,0,0
23,-0.5,,1009.92,0,230535,,0,0,,0,0
23,0,,1009.71,0,225630,,0,0,,0,0
23,0.5,,1009.51,0,220725,,0,0,,0,0
23,1,,1009.3,0,215820,,0,0,,0,0
23,1.5,,1009.1,0,210915,,0,0,,0,0
23,2,,1008.89,0,206010,,0,0,,0,0
23,2.5,,1008.68,0,201105,,0,0,,0,0
23,3,,1008.48,0,196200,,0,0,,0,0
23,3.5,,1008.27,0,191295,,0,0,,0,0
23,4,,1008.06,0,186390,,0,0,,0,0
23,4.5,,1007.86,0,181485,,0,0,,0,0
23,5,,1007.65,0,176580,,0,0,,0,0
23,5.5,,1007.44,0,171675,,0,0,,0,0
23,6,,1007.23,0,166770,,0,0,,0,0
23,6.5,,1007.02,0,161865,,0,0,,0,0
23,7,,1006.82,0,156960,,0,0,,0,0
23,7.5,,1006.61,0,152055,,0,0,,0,0
23,8,,1006.4,0,147150,,0,0,,0,0
23,8.5,,1006.19,0,142245,,0,0,,0,0
23,9,,1005.98,0,137340,,0,0,,0,0
23,9.5,,1005.77,0,132435,,0,0,,0,0
23,10,,1005.56,0,127530,,0,0,,0,0
23,10.5,,1005.35,0,122625,,0,0,,0,0
23,11,,1005.14,0,117720,,0,0,,0,0
23,11.5,,1004.93,0,112815,,0,0,,0,0
23,12,,1004.72,0,107910,,0,0,,0,0
23,12.5,,1004.5,0,103005,,0,0,,0,0
23,13,,1004.29,0,98100,,0,0,,0,0
23,13.5,,1004.08,0,93195,,0,0,,0,0
23,14,,1003.87,0,88290,,0,0,,0,0
23,14.5,,1003.66,0,83385,,0,0,,0,0
23,15,,1003.44,0,78480,,0,0,,0,0
23,15.5,,1003.23,0,73575,,0,0,,0,0
23,16,,1003.02,0,68670,,0,0,,0,0
23,16.5,,1002.8,0,63765,,0,0,,0,0
23,17,,1002.59,0,58860,,0,0,,0,0
23,17.5,,1002.37,0,53955,,0,0,,0,0
23,18,,1002.16,0,49050,,0,0,,0,0
23,18.5,,1001.95,0,44145,,0,0,,0,0
23,19,,1001.73,0,39240,,0,0,,0,0
23,19.5,,1001.51,0,34335,,0,0,,0,0
23,20,,1001.3,0,29430,,0,0,,0,0
23,20.5,,1001.08,0,24525,,0,0,,0,0
23,21,,1000.87,0,19620,,0,0,,0,0
23,21.5,,1000.65,0,14715,,0,0,,0,0
23,22,,1000.43,0,9810,,0,0,,0,0
23,22.5,,1000.22,0,4905,,0,0,,0,0
23,23,,1000,0,0,,0,0,,0,0
