dx/h :,0.1
dy/h :,0.1
L2normdrhodt
5716.58

t,0.479
x,y,,rho,drhodt,pressure,,u,v,,dudt,dvdt
-0.3,-0.3,,1010.33,0,48069,,0,0,,0,0
-0.3,-0.2,,1010.12,0,47088,,0,0,,0,0
-0.3,-0.1,,1009.92,0,46107,,0,0,,0,0
-0.3,0,,1009.71,0,45126,,0,0,,0,0
-0.3,0.1,,1009.51,0,44145,,0,0,,0,0
-0.3,0.2,,1009.3,0,43164,,0,0,,0,0
-0.3,0.3,,1009.1,0,42183,,0,0,,0,0
-0.3,0.4,,1008.89,0,41202,,0,0,,0,0
-0.3,0.5,,1008.68,0,40221,,0,0,,0,0
-0.3,0.6,,1008.48,0,39240,,0,0,,0,0
-0.3,0.7,,1008.27,0,38259,,0,0,,0,0
-0.3,0.8,,1008.06,0,37278,,0,0,,0,0
-0.3,0.9,,1007.86,0,36297,,0,0,,0,0
-0.3,1,,1007.65,0,35316,,0,0,,0,0
-0.3,1.1,,1007.44,0,34335,,0,0,,0,0
-0.3,1.2,,1007.23,0,33354,,0,0,,0,0
-0.3,1.3,,1007.02,0,32373,,0,0,,0,0
-0.3,1.4,,1006.82,0,31392,,0,0,,0,0
-0.3,1.5,,1006.61,0,30411,,0,0,,0,0
-0.3,1.6,,1006.4,0,29430,,0,0,,0,0
-0.3,1.7,,1006.19,0,28449,,0,0,,0,0
-0.3,1.8,,1005.98,0,27468,,0,0,,0,0
-0.3,1.9,,1005.77,0,26487,,0,0,,0,0
-0.3,2,,1005.56,0,25506,,0,0,,0,0
-0.3,2.1,,1005.35,0,24525,,0,0,,0,0
-0.3,2.2,,1005.14,0,23544,,0,0,,0,0
-0.3,2.3,,1004.93,0,22563,,0,0,,0,0
-0.3,2.4,,1004.72,0,21582,,0,0,,0,0
-0.3,2.5,,1004.5,0,20601,,0,0,,0,0
-0.3,2.6,,1004.29,0,19620,,0,0,,0,0
-0.3,2.7,,1004.08,0,18639,,0,0,,0,0
-0.3,2.8,,1003.87,0,17658,,0,0,,0,0
-0.3,2.9,,1003.66,0,16677,,0,0,,0,0
-0.3,3,,1003.44,0,15696,,0,0,,0,0
-0.3,3.1,,1003.23,0,14715,,0,0,,0,0
-0.3,3.2,,1003.02,0,13734,,0,0,,0,0
-0.3,3.3,,1002.8,0,12753,,0,0,,0,0
-0.3,3.4,,1002.59,0,11772,,0,0,,0,0
-0.3,3.5,,1002.37,0,10791,,0,0,,0,0
-0.3,3.6,,1002.16,0,9810,,0,0,,0,0
-0.3,3.7,,1001.95,0,8829,,0,0,,0,0
-0.3,3.8,,1001.73,0,7848,,0,0,,0,0
-0.3,3.9,,1001.51,0,6867,,0,0,,0,0
-0.3,4,,1001.3,0,5886,,0,0,,0,0
-0.3,4.1,,1001.08,0,4905,,0,0,,0,0
-0.3,4.2,,1000.87,0,3924,,0,0,,0,0
-0.3,4.3,,1000.65,0,2943,,0,0,,0,0
-0.3,4.4,,1000.43,0,1962,,0,0,,0,0
-0.3,4.5,,1000.22,0,981,,0,0,,0,0
-0.3,4.6,,1000,0,0,,0,0,,0,0
-0.2,-0.3,,1010.33,0,48069,,0,0,,0,0
-0.2,-0.2,,1010.12,0,47088,,0,0,,0,0
-0.2,-0.1,,1009.92,0,46107,,0,0,,0,0
-0.2,0,,1009.71,0,45126,,0,0,,0,0
-0.2,0.1,,1009.51,0,44145,,0,0,,0,0
-0.2,0.2,,1009.3,0,43164,,0,0,,0,0
-0.2,0.3,,1009.1,0,42183,,0,0,,0,0
-0.2,0.4,,1008.89,0,41202,,0,0,,0,0
-0.2,0.5,,1008.68,0,40221,,0,0,,0,0
-0.2,0.6,,1008.48,0,39240,,0,0,,0,0
-0.2,0.7,,1008.27,0,38259,,0,0,,0,0
-0.2,0.8,,1008.06,0,37278,,0,0,,0,0
-0.2,0.9,,1007.86,0,36297,,0,0,,0,0
-0.2,1,,1007.65,0,35316,,0,0,,0,0
-0.2,1.1,,1007.44,0,34335,,0,0,,0,0
-0.2,1.2,,1007.23,0,33354,,0,0,,0,0
-0.2,1.3,,1007.02,0,32373,,0,0,,0,0
-0.2,1.4,,1006.82,0,31392,,0,0,,0,0
-0.2,1.5,,1006.61,0,30411,,0,0,,0,0
-0.2,1.6,,1006.4,0,29430,,0,0,,0,0
-0.2,1.7,,1006.19,0,28449,,0,0,,0,0
-0.2,1.8,,1005.98,0,27468,,0,0,,0,0
-0.2,1.9,,1005.77,0,26487,,0,0,,0,0
-0.2,2,,1005.56,0,25506,,0,0,,0,0
-0.2,2.1,,1005.35,0,24525,,0,0,,0,0
-0.2,2.2,,1005.14,0,23544,,0,0,,0,0
-0.2,2.3,,1004.93,0,22563,,0,0,,0,0
-0.2,2.4,,1004.72,0,21582,,0,0,,0,0
-0.2,2.5,,1004.5,0,20601,,0,0,,0,0
-0.2,2.6,,1004.29,0,19620,,0,0,,0,0
-0.2,2.7,,1004.08,0,18639,,0,0,,0,0
-0.2,2.8,,1003.87,0,17658,,0,0,,0,0
-0.2,2.9,,1003.66,0,16677,,0,0,,0,0
-0.2,3,,1003.44,0,15696,,0,0,,0,0
-0.2,3.1,,1003.23,0,14715,,0,0,,0,0
-0.2,3.2,,1003.02,0,13734,,0,0,,0,0
-0.2,3.3,,1002.8,0,12753,,0,0,,0,0
-0.2,3.4,,1002.59,0,11772,,0,0,,0,0
-0.2,3.5,,1002.37,0,10791,,0,0,,0,0
-0.2,3.6,,1002.16,0,9810,,0,0,,0,0
-0.2,3.7,,1001.95,0,8829,,0,0,,0,0
-0.2,3.8,,1001.73,0,7848,,0,0,,0,0
-0.2,3.9,,1001.51,0,6867,,0,0,,0,0
-0.2,4,,1001.3,0,5886,,0,0,,0,0
-0.2,4.1,,1001.08,0,4905,,0,0,,0,0
-0.2,4.2,,1000.87,0,3924,,0,0,,0,0
-0.2,4.3,,1000.65,0,2943,,0,0,,0,0
-0.2,4.4,,1000.43,0,1962,,0,0,,0,0
-0.2,4.5,,1000.22,0,981,,0,0,,0,0
-0.2,4.6,,1000,0,0,,0,0,,0,0
-0.1,-0.3,,1010.33,0,48069,,0,0,,0,0
-0.1,-0.2,,1010.12,0,47088,,0,0,,0,0
-0.1,-0.1,,1009.92,0,46107,,0,0,,0,0
-0.1,0,,1009.71,0,45126,,0,0,,0,0
-0.1,0.1,,1009.51,0,44145,,0,0,,0,0
-0.1,0.2,,1009.3,0,43164,,0,0,,0,0
-0.1,0.3,,1009.1,0,42183,,0,0,,0,0
-0.1,0.4,,1008.89,0,41202,,0,0,,0,0
-0.1,0.5,,1008.68,0,40221,,0,0,,0,0
-0.1,0.6,,1008.48,0,39240,,0,0,,0,0
-0.1,0.7,,1008.27,0,38259,,0,0,,0,0
-0.1,0.8,,1008.06,0,37278,,0,0,,0,0
-0.1,0.9,,1007.86,0,36297,,0,0,,0,0
-0.1,1,,1007.65,0,35316,,0,0,,0,0
-0.1,1.1,,1007.44,0,34335,,0,0,,0,0
-0.1,1.2,,1007.23,0,33354,,0,0,,0,0
-0.1,1.3,,1007.02,0,32373,,0,0,,0,0
-0.1,1.4,,1006.82,0,31392,,0,0,,0,0
-0.1,1.5,,1006.61,0,30411,,0,0,,0,0
-0.1,1.6,,1006.4,0,29430,,0,0,,0,0
-0.1,1.7,,1006.19,0,28449,,0,0,,0,0
-0.1,1.8,,1005.98,0,27468,,0,0,,0,0
-0.1,1.9,,1005.77,0,26487,,0,0,,0,0
-0.1,2,,1005.56,0,25506,,0,0,,0,0
-0.1,2.1,,1005.35,0,24525,,0,0,,0,0
-0.1,2.2,,1005.14,0,23544,,0,0,,0,0
-0.1,2.3,,1004.93,0,22563,,0,0,,0,0
-0.1,2.4,,1004.72,0,21582,,0,0,,0,0
-0.1,2.5,,1004.5,0,20601,,0,0,,0,0
-0.1,2.6,,1004.29,0,19620,,0,0,,0,0
-0.1,2.7,,1004.08,0,18639,,0,0,,0,0
-0.1,2.8,,1003.87,0,17658,,0,0,,0,0
-0.1,2.9,,1003.66,0,16677,,0,0,,0,0
-0.1,3,,1003.44,0,15696,,0,0,,0,0
-0.1,3.1,,1003.23,0,14715,,0,0,,0,0
-0.1,3.2,,1003.02,0,13734,,0,0,,0,0
-0.1,3.3,,1002.8,0,12753,,0,0,,0,0
-0.1,3.4,,1002.59,0,11772,,0,0,,0,0
-0.1,3.5,,1002.37,0,10791,,0,0,,0,0
-0.1,3.6,,1002.16,0,9810,,0,0,,0,0
-0.1,3.7,,1001.95,0,8829,,0,0,,0,0
-0.1,3.8,,1001.73,0,7848,,0,0,,0,0
-0.1,3.9,,1001.51,0,6867,,0,0,,0,0
-0.1,4,,1001.3,0,5886,,0,0,,0,0
-0.1,4.1,,1001.08,0,4905,,0,0,,0,0
-0.1,4.2,,1000.87,0,3924,,0,0,,0,0
-0.1,4.3,,1000.65,0,2943,,0,0,,0,0
-0.1,4.4,,1000.43,0,1962,,0,0,,0,0
-0.1,4.5,,1000.22,0,981,,0,0,,0,0
-0.1,4.6,,1000,0,0,,0,0,,0,0
0,-0.3,,1010.33,0,48069,,0,0,,0,0
0,-0.2,,1010.12,0,47088,,0,0,,0,0
0,-0.1,,1009.92,0,46107,,0,0,,0,0
0.408121,-0.873418,,1023.15,1081.98,111992,,3.09585,-2.87168,,-55.002,-75.925
0.381425,-0.811435,,1014.27,1024.67,67202.5,,3.28006,-3.03964,,-37.9399,-42.169
0.339387,-0.741145,,1006.03,920.721,27728.4,,3.39971,-3.25501,,-19.8853,-13.1241
0.284878,-0.657897,,1000.31,839.874,1407.38,,3.47183,-3.45451,,-5.29236,4.73566
0.221466,-0.562049,,995.553,847.508,-19803.1,,3.5241,-3.58688,,9.09604,16.386
0.153342,-0.456145,,989.953,864.12,-43992.5,,3.46739,-3.7239,,27.6086,26.2951
0.0875808,-0.342691,,984.476,786.189,-66874.4,,3.17544,-3.9365,,46.7657,31.7218
0.0315053,-0.224208,,980.98,651.55,-81084.7,,2.67622,-4.16413,,59.8891,30.0351
-0.0115386,-0.104344,,979.498,528.283,-87016,,2.10235,-4.31799,,65.9166,23.941
-0.0422251,0.0133481,,979.185,422.781,-88264.3,,1.5507,-4.37682,,67.2426,17.0272
-0.0629777,0.126937,,979.461,323.297,-87165.5,,1.05886,-4.36275,,65.9561,10.972
-0.0763506,0.236233,,979.971,223.409,-85130.1,,0.632563,-4.30271,,63.4802,6.19567
-0.0844055,0.342175,,980.483,120.37,-83080.4,,0.26631,-4.21627,,60.7349,2.62325
-0.0886483,0.446151,,980.838,15.3308,-81656.9,,-0.0454307,-4.1157,,58.3105,0.0352606
-0.0901805,0.549494,,980.92,-87.6158,-81325.6,,-0.304257,-4.00897,,56.597,-1.78953
-0.0898629,0.653166,,980.653,-182.317,-82397.2,,-0.507807,-3.90209,,55.8428,-3.03047
-0.0884019,0.75759,,980.011,-261.304,-84970.9,,-0.651437,-3.80009,,56.1451,-3.81777
-0.0863439,0.862612,,979.04,-316.853,-88840.6,,-0.730807,-3.70671,,57.3969,-4.23626
-0.084029,0.96767,,977.875,-342.78,-93453.8,,-0.745058,-3.62368,,59.2536,-4.33411
-0.0815878,1.0724,,976.713,-336.437,-98022.8,,-0.699044,-3.54953,,61.1955,-4.13526
-0.0790106,1.17683,,975.765,-298.884,-101727,,-0.60227,-3.48099,,62.6665,-3.65792
-0.0762639,1.28104,,975.189,-234.106,-103964,,-0.467033,-3.41568,,63.2652,-2.93896
-0.073308,1.38508,,975.086,-148.709,-104364,,-0.30782,-3.35325,,62.7599,-2.03829
-0.0700711,1.48876,,975.515,-50.7806,-102697,,-0.139371,-3.29607,,61.0191,-1.02767
-0.0664784,1.59176,,976.488,51.3559,-98903.2,,0.0254018,-3.24816,,58.0352,0.0197662
-0.0625326,1.6938,,977.933,149.394,-93226.2,,0.175464,-3.21296,,54.0147,1.03983
-0.0583417,1.79475,,979.701,235.182,-86207.2,,0.300795,-3.19217,,49.3665,1.98457
-0.0540678,1.89465,,981.605,302.383,-78564.7,,0.393562,-3.18611,,44.597,2.82232
-0.0498627,1.99357,,983.448,348.332,-71083.8,,0.450871,-3.19404,,40.2225,3.53022
-0.0458349,2.09161,,985.054,374.644,-64496.7,,0.476045,-3.21385,,36.6854,4.09642
-0.0420514,2.18884,,986.299,385.656,-59343.4,,0.476963,-3.24273,,34.2714,4.49522
-0.0385541,2.28528,,987.13,386.986,-55882.2,,0.463847,-3.27802,,33.0661,4.68218
-0.0353825,2.3809,,987.57,383.909,-54043.5,,0.44643,-3.31754,,32.9421,4.60036
-0.0326111,2.47569,,987.71,380.431,-53457.4,,0.432266,-3.35981,,33.5891,4.19191
-0.0304231,2.56973,,987.673,379.039,-53612.5,,0.426227,-3.40418,,34.6245,3.41067
-0.0291887,2.66318,,987.566,380.564,-54059.3,,0.430225,-3.45076,,35.7298,2.22986
-0.029499,2.75634,,987.454,384.039,-54528.2,,0.442852,-3.50025,,36.7228,0.643343
-0.0321175,2.8497,,987.363,386.927,-54906.9,,0.459285,-3.55333,,37.5344,-1.33693
-0.0378383,2.94401,,987.312,385.593,-55121.4,,0.471755,-3.60963,,38.1163,-3.67677
-0.0472751,3.04043,,987.341,375.904,-55002.7,,0.470667,-3.6666,,38.3423,-6.30267
-0.0606443,3.14048,,987.523,353.916,-54240.1,,0.445972,-3.71878,,37.9707,-9.08199
-0.077602,3.24587,,987.954,316.719,-52433.2,,0.388635,-3.75739,,36.6871,-11.8112
-0.0971573,3.35825,,988.731,263.873,-49167.2,,0.293018,-3.77053,,34.1911,-14.2114
-0.117662,3.4788,,989.934,199.236,-44074,,0.1603,-3.74422,,30.3051,-15.9257
-0.136941,3.60786,,991.603,131.673,-36949,,0.00148407,-3.66511,,25.1241,-16.546
-0.152755,3.74469,,993.649,73.1195,-28118.6,,-0.162658,-3.52528,,19.2137,-15.7754
-0.16374,3.88755,,995.709,32.0756,-19113.9,,-0.311439,-3.32275,,13.6594,-13.8369
0.1,-0.3,,1010.33,0,48069,,0,0,,0,0
0.1,-0.2,,1010.12,0,47088,,0,0,,0,0
0.1,-0.1,,1009.92,0,46107,,0,0,,0,0
0.492639,-0.871315,,1021.32,631.99,102568,,2.71483,-3.26729,,-47.8425,-73.1507
0.468507,-0.818471,,1006.27,522.903,28849.5,,2.86978,-3.46512,,-19.5902,-17.4172
0.431254,-0.751847,,998.94,141.158,-4768.09,,2.79845,-3.92092,,-4.86147,7.77049
0.382041,-0.668775,,997.956,-13.2255,-9168.06,,2.7866,-4.15602,,-2.4765,10.4679
0.321054,-0.573884,,996.427,67.1522,-15950.7,,2.87313,-4.18948,,2.29491,13.3858
0.251842,-0.468901,,992.223,147.358,-34284.9,,2.85824,-4.24789,,15.3028,20.6176
0.183181,-0.354261,,987.71,95.4662,-53457.1,,2.55225,-4.42318,,30.2278,24.8949
0.125117,-0.231997,,985.765,-3.77167,-61556.1,,2.00353,-4.60604,,37.8278,21.6863
0.0823424,-0.107102,,986.126,-40.4707,-60059.5,,1.41855,-4.67655,,37.7516,14.8206
0.0536397,0.0152662,,987.223,-21.4998,-55492.2,,0.930287,-4.6306,,34.5027,8.62428
0.0356011,0.132345,,988.307,16.1091,-50951.3,,0.567007,-4.51742,,30.6895,4.13649
0.02508,0.243795,,989.202,54.6483,-47178.2,,0.311879,-4.37871,,27.1375,1.06893
0.0198503,0.350751,,989.935,84.288,-44070.7,,0.136473,-4.23755,,23.9201,-1.00738
0.0184801,0.454927,,990.581,100.01,-41323,,0.0148794,-4.10346,,20.8862,-2.40155
0.0200036,0.557992,,991.191,99.8608,-38716.2,,-0.0719929,-3.979,,17.9087,-3.30302
0.0236415,0.661187,,991.777,84.3486,-36204.4,,-0.136318,-3.86425,,14.9615,-3.82984
0.0286416,0.765125,,992.309,56.3472,-33917.8,,-0.184641,-3.75909,,12.1284,-4.0637
0.0342476,0.869707,,992.725,20.899,-32120.8,,-0.219478,-3.66382,,9.58012,-4.06555
0.0397774,0.974305,,992.959,-15.5935,-31111.5,,-0.241049,-3.57871,,7.51842,-3.87864
0.0447363,1.07845,,992.967,-46.7283,-31075.7,,-0.248667,-3.50245,,6.09109,-3.52569
0.048828,1.18216,,992.742,-67.0788,-32046.1,,-0.241243,-3.43238,,5.37026,-3.00888
0.0519253,1.28559,,992.313,-73.5047,-33897.3,,-0.219385,-3.36659,,5.34963,-2.31856
0.0540831,1.38882,,991.754,-65.0741,-36302.6,,-0.185222,-3.30487,,5.91081,-1.45183
0.0555143,1.49173,,991.172,-41.7671,-38796.5,,-0.139799,-3.24907,,6.84244,-0.425287
0.0565003,1.59409,,990.666,-3.69002,-40958.1,,-0.0815622,-3.20255,,7.93388,0.716246
0.0572907,1.69567,,990.29,47.8384,-42563.2,,-0.00896413,-3.16867,,9.06041,1.90148
0.0580928,1.79636,,990.065,109.231,-43518.5,,0.0761124,-3.14941,,10.1478,3.053
0.0591122,1.89617,,990.009,175.471,-43754.4,,0.167969,-3.14507,,11.1131,4.11099
0.0605565,1.99518,,990.127,241.31,-43256.6,,0.259077,-3.1547,,11.8905,5.03175
0.0625905,2.09347,,990.39,302.364,-42137.4,,0.342444,-3.17634,,12.4798,5.78512
0.0652702,2.19112,,990.737,355.107,-40656.6,,0.412773,-3.20767,,12.9661,6.33811
0.0685104,2.28811,,991.081,397.232,-39188.9,,0.467168,-3.24652,,13.504,6.65053
0.0720998,2.3844,,991.336,427.755,-38093.7,,0.505075,-3.29112,,14.2449,6.67402
0.0757231,2.47992,,991.454,447.036,-37588.4,,0.528081,-3.34007,,15.2665,6.35459
0.0789582,2.57469,,991.427,456.406,-37706.2,,0.539098,-3.39227,,16.5547,5.63869
0.0812629,2.66886,,991.284,457.504,-38316.8,,0.541125,-3.44684,,18.0199,4.48324
0.0819826,2.76278,,991.085,451.783,-39171.7,,0.536415,-3.50302,,19.5242,2.86948
0.0803976,2.85705,,990.899,440.41,-39964.4,,0.526189,-3.5601,,20.9116,0.815068
0.0758384,2.95263,,990.796,423.876,-40405.2,,0.509756,-3.61702,,22.0355,-1.62166
0.067873,3.05085,,990.826,400.907,-40277.3,,0.482587,-3.6708,,22.7672,-4.3458
0.0564927,3.1533,,991.002,367.714,-39523,,0.435255,-3.71409,,23.0182,-7.2485
0.0421861,3.26158,,991.263,319.405,-38407.7,,0.356992,-3.73355,,22.8056,-10.2693
0.0259579,3.37694,,991.47,254.795,-37521.9,,0.245373,-3.71335,,22.2319,-13.4494
0.00952273,3.4999,,991.568,181.461,-37102.1,,0.114326,-3.64482,,21.189,-16.7495
-0.00456238,3.6296,,991.838,113.211,-35940.6,,-0.0129459,-3.53178,,19.1071,-19.527
-0.0138263,3.76347,,992.834,60.1919,-31649.6,,-0.119707,-3.38272,,15.5362,-20.3763
-0.017704,3.89846,,994.79,26.3732,-23146.8,,-0.19797,-3.20663,,11.134,-18.2692
0.2,-0.3,,1010.33,0,48069,,0,0,,0,0
0.2,-0.2,,1010.12,0,47088,,0,0,,0,0
0.2,-0.1,,1009.92,0,46107,,0,0,,0,0
0.569669,-0.869789,,1017.95,272.463,85473.1,,2.40477,-3.58555,,-38.1206,-63.7139
0.549762,-0.820322,,1001.47,2.28889,6654.24,,2.46414,-3.92912,,-10.4876,-2.6707
0.520601,-0.750122,,1000.7,-387.45,3154.23,,2.36897,-4.38537,,-10.2885,0.390838
0.477472,-0.669783,,1001.65,-199.003,7496.02,,2.58273,-4.26431,,-13.2868,-2.12023
0.417,-0.583862,,997.101,-22.2004,-12968.3,,2.78171,-4.19223,,-3.4729,10.1258
0.345465,-0.483965,,991.86,4.00674,-35846.4,,2.76839,-4.30726,,10.1966,20.1184
0.272282,-0.369198,,987.483,-61.3009,-54405.1,,2.47647,-4.52385,,23.3332,23.8664
0.209374,-0.243025,,985.757,-149.405,-61591.8,,1.91011,-4.73554,,29.6551,19.9036
0.164098,-0.11228,,986.443,-166.16,-58746,,1.26816,-4.8094,,28.4219,12.3733
0.135649,0.0157013,,987.74,-134.826,-53330.1,,0.711391,-4.73818,,24.4092,6.07957
0.119551,0.13691,,988.843,-103.941,-48691.5,,0.280159,-4.58477,,20.3421,1.86998
0.111546,0.250792,,989.627,-85.6328,-45377.6,,-0.0375844,-4.40238,,16.9289,-0.820399
0.108724,0.358797,,990.146,-80.0776,-43172.7,,-0.264694,-4.22081,,14.163,-2.5584
0.109375,0.463094,,990.499,-83.8189,-41670.2,,-0.420134,-4.05353,,11.8154,-3.70527
0.1125,0.565739,,990.775,-92.8451,-40496.3,,-0.516537,-3.90576,,9.65013,-4.45827
0.117386,0.668238,,991.032,-103.523,-39397.9,,-0.562108,-3.77909,,7.5067,-4.91833
0.123382,0.771343,,991.297,-112.725,-38261.1,,-0.563505,-3.67324,,5.31773,-5.1361
0.129863,0.874993,,991.574,-117.96,-37074.9,,-0.528548,-3.58628,,3.08982,-5.13516
0.136315,0.978553,,991.858,-117.631,-35854.4,,-0.467561,-3.51465,,0.8622,-4.92274
0.142396,1.08157,,992.147,-111.009,-34612.9,,-0.391952,-3.45305,,-1.31292,-4.49624
0.14788,1.18411,,992.431,-98.5056,-33390.6,,-0.31314,-3.39568,,-3.35716,-3.84681
0.152654,1.28648,,992.717,-81.3225,-32155.4,,-0.241285,-3.33884,,-5.21532,-2.96335
0.156733,1.38884,,993.04,-60.388,-30759.3,,-0.182873,-3.28215,,-6.88234,-1.84849
0.16021,1.49108,,993.433,-35.5337,-29057.3,,-0.13858,-3.22826,,-8.35787,-0.528004
0.16314,1.59298,,993.874,-5.89367,-27140.9,,-0.103858,-3.18145,,-9.54395,0.945309
0.165493,1.69432,,994.278,28.4916,-25380.1,,-0.0730416,-3.14601,,-10.2331,2.4889
0.167236,1.79499,,994.55,66.1615,-24194.3,,-0.042387,-3.12495,,-10.2274,4.00613
0.168452,1.89495,,994.637,105.498,-23816.7,,-0.0100354,-3.11933,,-9.4533,5.41389
0.169391,1.99422,,994.54,145.372,-24240.6,,0.024884,-3.12826,,-7.98178,6.6489
0.17041,2.09287,,994.296,185.243,-25305.5,,0.0628647,-3.14936,,-5.97581,7.65946
0.171861,2.19098,,993.955,224.137,-26788.3,,0.103323,-3.17976,,-3.63454,8.39557
0.173991,2.28858,,993.568,260.326,-28471,,0.144078,-3.21675,,-1.15101,8.80696
0.176891,2.38563,,993.179,291.741,-30157.7,,0.182093,-3.25812,,1.30486,8.84514
0.180439,2.48207,,992.822,316.825,-31703,,0.215123,-3.3023,,3.60719,8.46675
0.184261,2.57788,,992.51,335.125,-33047.6,,0.242866,-3.34836,,5.69797,7.6361
0.187706,2.67315,,992.235,347.319,-34236.2,,0.266966,-3.39613,,7.59611,6.32375
0.189897,2.76822,,991.967,354.814,-35386.1,,0.290096,-3.44629,,9.37521,4.50251
0.189894,2.86379,,991.688,359.381,-36587.2,,0.314769,-3.50058,,11.0996,2.14968
0.18702,2.96091,,991.422,362.819,-37726.1,,0.341947,-3.56142,,12.7215,-0.721955
0.181243,3.0609,,991.297,365.532,-38260.6,,0.367677,-3.62983,,13.9679,-3.97357
0.173298,3.16489,,991.534,362.479,-37246,,0.376102,-3.69785,,14.3868,-7.2395
0.164075,3.27366,,992.195,338.615,-34407.8,,0.337966,-3.73586,,13.8562,-10.144
0.153729,3.38823,,992.709,277.408,-32192.1,,0.238207,-3.69978,,13.2434,-13.19
0.142526,3.50987,,992.113,190.585,-34759.8,,0.116285,-3.58947,,13.5495,-17.9978
0.132841,3.63753,,990.6,122.862,-41241.9,,0.0316403,-3.47675,,13.7796,-24.5443
0.127534,3.76667,,989.915,92.5425,-44153.6,,-0.0151034,-3.39709,,11.9968,-29.0985
0.126678,3.8933,,991.371,68.9861,-37944.4,,-0.0530654,-3.29281,,8.46414,-27.923
0.3,-0.3,,1010.33,0,48069,,0,0,,0,0
0.3,-0.2,,1010.12,0,47088,,0,0,,0,0
0.3,-0.1,,1009.92,0,46107,,0,0,,0,0
0.640807,-0.867865,,1015.09,-33.4826,71240,,2.13266,-3.86269,,-30.3988,-55.4306
0.625536,-0.817055,,1000.57,-396.099,2595.26,,2.13319,-4.29307,,-9.55411,-1.32245
0.602905,-0.743809,,1004.03,-484.282,18395.4,,2.18642,-4.4259,,-17.0276,-12.459
0.562746,-0.674352,,999.522,-163.676,-2154.89,,2.49812,-4.13216,,-10.7164,2.03531
0.506586,-0.596808,,994.451,-241.617,-24627.7,,2.53889,-4.32151,,-1.65416,15.038
0.43847,-0.498795,,993.041,-184.715,-30757.1,,2.59501,-4.40502,,1.76904,15.5397
0.359408,-0.385742,,987.885,-88.9198,-52722,,2.5304,-4.49235,,14.8216,21.1443
0.285686,-0.257699,,983.214,-148.656,-72038.7,,2.00684,-4.73104,,27.5272,21.3625
0.233954,-0.12018,,982.752,-202.177,-73919,,1.23808,-4.86691,,28.9004,13.5651
0.20588,0.0156535,,984.548,-187.376,-66579.1,,0.555598,-4.79853,,23.1693,5.58375
0.194586,0.142681,,986.785,-152.18,-57320.5,,0.0672523,-4.60861,,15.8523,0.410058
0.193159,0.259569,,988.859,-120.519,-48626.7,,-0.250356,-4.38386,,9.13447,-2.47945
0.197167,0.368257,,990.665,-100.751,-40963.6,,-0.448842,-4.16881,,3.42705,-4.01872
0.204231,0.471743,,992.245,-93.6705,-34193.1,,-0.569159,-3.97929,,-1.43813,-4.83791
0.213051,0.572853,,993.637,-96.9709,-28169.7,,-0.635916,-3.8188,,-5.68506,-5.28926
0.222693,0.673661,,994.839,-107.248,-22931.7,,-0.662044,-3.68722,,-9.44052,-5.55604
0.232259,0.775244,,995.799,-120.678,-18720.1,,-0.654621,-3.5833,,-12.7161,-5.71469
0.240905,0.877626,,996.447,-133.24,-15861.9,,-0.619126,-3.50426,,-15.4501,-5.76208
0.248072,0.9801,,996.741,-140.978,-14561.8,,-0.561309,-3.44497,,-17.5779,-5.64328
0.253609,1.0821,,996.697,-140.79,-14757.2,,-0.487772,-3.39789,,-19.0885,-5.29048
0.257718,1.18368,,996.406,-131.288,-16045.1,,-0.406529,-3.35491,,-20.0706,-4.64845
0.260796,1.28517,,996.02,-112.412,-17747.9,,-0.325342,-3.31034,,-20.7061,-3.67903
0.263303,1.3868,,995.711,-84.3315,-19107.9,,-0.248883,-3.26266,,-21.2083,-2.37589
0.265599,1.48848,,995.599,-46.9032,-19598.8,,-0.177088,-3.21453,,-21.7089,-0.774812
0.267837,1.58997,,995.704,-0.782861,-19138.1,,-0.107769,-3.17082,,-22.179,1.05073
0.26999,1.69107,,995.959,51.2435,-18016.8,,-0.0406352,-3.1365,,-22.4638,2.99151
0.271979,1.79166,,996.269,104.73,-16649,,0.0214815,-3.11523,,-22.3918,4.9216
0.273791,1.89172,,996.555,155.576,-15384.9,,0.0746005,-3.10899,,-21.8546,6.72992
0.275541,1.99122,,996.763,201.131,-14464.3,,0.116017,-3.11783,,-20.8244,8.33407
0.277446,2.09022,,996.853,240.391,-14068.4,,0.145541,-3.13982,,-19.3199,9.67193
0.279746,2.18878,,996.798,273.099,-14311.6,,0.164851,-3.17195,,-17.3941,10.691
0.28266,2.28693,,996.6,299.282,-15189,,0.176392,-3.21089,,-15.1431,11.3434
0.28633,2.38464,,996.289,319.171,-16562,,0.182807,-3.25351,,-12.7042,11.584
0.290735,2.48185,,995.912,333.191,-18224,,0.186654,-3.29743,,-10.2224,11.3717
0.295581,2.57848,,995.509,341.852,-19996.7,,0.189995,-3.34118,,-7.80576,10.6702
0.300246,2.67455,,995.097,345.606,-21802.1,,0.193963,-3.38423,,-5.494,9.44665
0.303787,2.77039,,994.662,344.816,-23705.4,,0.198726,-3.42667,,-3.24648,7.66079
0.305113,2.86676,,994.147,340.122,-25951.2,,0.204514,-3.46921,,-0.948988,5.23721
0.303393,2.96498,,993.463,333.828,-28926.4,,0.214471,-3.51485,,1.53029,2.03226
0.298737,3.06651,,992.612,332.213,-32607.5,,0.237066,-3.57362,,4.09402,-2.06169
0.29278,3.17175,,992.035,342.441,-35095.9,,0.273513,-3.65838,,5.94941,-6.55136
0.287501,3.27956,,992.518,349.16,-33014.8,,0.283713,-3.73781,,6.03375,-9.94863
0.282052,3.39072,,993.401,301.772,-29195.1,,0.213403,-3.70574,,5.42232,-12.5629
0.274402,3.50965,,991.972,203.606,-35364.4,,0.113201,-3.56339,,6.73753,-19.4138
0.266954,3.63524,,988.266,164.431,-51120.9,,0.0763887,-3.51995,,8.48836,-31.5221
0.263151,3.75952,,986.135,210.168,-60025.5,,0.070249,-3.61255,,7.38891,-40.1903
0.262676,3.87908,,987.367,222.217,-54890.3,,0.0403272,-3.61551,,4.31883,-39.6273
0.4,-0.3,,1010.33,0,48069,,0,0,,0,0
0.4,-0.2,,1010.12,0,47088,,0,0,,0,0
0.4,-0.1,,1009.92,0,46107,,0,0,,0,0
0.706906,-0.865919,,1013.11,-298.725,61523.8,,1.88752,-4.11226,,-24.9216,-49.9909
0.695319,-0.811739,,1001.48,-631.6,6725.39,,1.88203,-4.50556,,-11.1631,-6.32403
0.676485,-0.739591,,1004.54,-440.173,20761.9,,2.05205,-4.30715,,-17.527,-16.1532
0.641029,-0.67877,,996.705,-303.308,-14723,,2.24859,-4.19062,,-7.57378,8.01072
0.594602,-0.602784,,996.325,-413.949,-16403.2,,2.2801,-4.41215,,-8.27219,7.59508
0.529488,-0.51285,,994.645,-165.323,-23781.5,,2.56854,-4.2464,,-6.03099,9.55699
0.440602,-0.409916,,984.659,-37.4641,-66121.7,,2.64619,-4.30567,,14.5937,25.1101
0.351513,-0.282234,,976.271,-236.769,-99750.4,,1.9798,-4.73577,,34.8051,29.3384
0.292226,-0.134546,,976.4,-413.556,-99245.2,,0.90038,-5.00547,,34.5906,17.1968
0.267185,0.013393,,980.684,-411.456,-82273.8,,0.00558398,-4.9122,,22.4854,5.07436
0.26426,0.14887,,985.075,-342.063,-64407.1,,-0.541081,-4.6336,,9.96994,-1.35507
0.271981,0.269849,,988.531,-269.909,-50009.6,,-0.817701,-4.32893,,0.391947,-4.10289
0.283994,0.379411,,991.143,-213.82,-38922.4,,-0.928022,-4.06274,,-6.54941,-5.2016
0.297619,0.481835,,993.223,-174.876,-29967.2,,-0.942208,-3.84875,,-11.8209,-5.67171
0.31181,0.580944,,995.002,-149.779,-22218.1,,-0.899617,-3.68343,,-16.1545,-5.94974
0.325861,0.679503,,996.575,-135.116,-15299.9,,-0.822374,-3.56007,,-19.9463,-6.21026
0.338903,0.779021,,997.915,-128.049,-9349.46,,-0.72581,-3.47213,,-23.336,-6.48912
0.349989,0.879705,,998.929,-125.971,-4815.56,,-0.623435,-3.41268,,-26.3014,-6.7179
0.358503,0.98084,,999.526,-126.19,-2136.46,,-0.52711,-3.37341,,-28.7519,-6.7627
0.364445,1.08175,,999.691,-126.07,-1391.37,,-0.44533,-3.34458,,-30.6305,-6.49066
0.368355,1.18237,,999.524,-123.145,-2143.58,,-0.382046,-3.31695,,-31.986,-5.81657
0.370983,1.28302,,999.2,-114.875,-3600.53,,-0.336118,-3.28431,,-32.9568,-4.6989
0.372975,1.38394,,998.889,-98.235,-4998.51,,-0.300868,-3.24504,,-33.6718,-3.13784
0.374651,1.48509,,998.67,-70.4706,-5978.12,,-0.26654,-3.20231,,-34.1417,-1.18392
0.376031,1.58619,,998.526,-30.8376,-6623.4,,-0.225068,-3.1621,,-34.2586,1.06571
0.377024,1.687,,998.392,18.3107,-7222.59,,-0.173595,-3.13033,,-33.8848,3.46904
0.377623,1.78743,,998.222,72.5252,-7980.92,,-0.114636,-3.11106,,-32.9516,5.86141
0.378004,1.88746,,998.014,127.342,-8908.22,,-0.053731,-3.10625,,-31.4956,8.096
0.378513,1.98712,,997.792,179.3,-9899.13,,0.00320323,-3.11607,,-29.6278,10.065
0.379561,2.08647,,997.568,226.054,-10894.5,,0.0515065,-3.13886,,-27.4674,11.6955
0.381516,2.18559,,997.338,265.869,-11916.6,,0.0882871,-3.1719,,-25.1132,12.9338
0.384656,2.28452,,997.093,297.591,-13002.7,,0.112675,-3.21188,,-22.6547,13.7398
0.389137,2.3832,,996.835,320.88,-14147,,0.126092,-3.25541,,-20.1825,14.082
0.394925,2.48145,,996.575,336.231,-15295.8,,0.131911,-3.29964,,-17.7838,13.9361
0.401684,2.57901,,996.328,344.768,-16388.4,,0.134504,-3.3428,,-15.5211,13.2863
0.408657,2.67571,,996.096,347.864,-17414.1,,0.137693,-3.38474,,-13.4076,12.1223
0.414673,2.77168,,995.863,346.589,-18439.6,,0.14266,-3.42633,,-11.3996,10.4304
0.418448,2.86773,,995.589,340.915,-19643.1,,0.146192,-3.46704,,-9.40615,8.17043
0.419022,2.96547,,995.139,329.699,-21617.9,,0.143284,-3.50274,,-7.24426,5.17592
0.416186,3.06699,,994.207,316.471,-25693.5,,0.141846,-3.53782,,-4.62243,0.959246
0.411615,3.17276,,992.942,321.856,-31185.2,,0.169972,-3.61365,,-1.94173,-4.57195
0.408501,3.2792,,993.006,350.249,-30906.7,,0.205694,-3.73222,,-1.09373,-8.72645
0.405807,3.3865,,994.228,314.105,-25598,,0.159148,-3.70578,,-1.51618,-10.7096
0.399925,3.50363,,991.717,207.645,-36460,,0.0851182,-3.54218,,0.63232,-20.2896
0.393589,3.62749,,986.095,241.711,-60191,,0.0907338,-3.64406,,3.01763,-38.0396
0.390162,3.74588,,983.959,415.042,-68993.2,,0.100764,-3.96828,,1.93953,-47.6747
0.388981,3.85899,,985.817,480.341,-61340.8,,0.0634315,-4.07998,,-0.502619,-45.6072
0.5,-0.3,,1010.33,0,48069,,0,0,,0,0
0.5,-0.2,,1010.12,0,47088,,0,0,,0,0
0.5,-0.1,,1009.92,0,46107,,0,0,,0,0
0.769129,-0.864969,,1011.61,-534.125,54256.9,,1.6667,-4.34669,,-20.6798,-46.1076
0.759864,-0.807108,,1002.62,-767.625,11927.8,,1.67383,-4.62599,,-12.3384,-12.0908
0.743529,-0.73764,,1003.69,-437.798,16850.5,,1.86851,-4.23825,,-15.743,-15.3798
0.71456,-0.679127,,996.779,-439.008,-14393.7,,1.96797,-4.26505,,-9.02972,5.37972
0.675759,-0.60804,,996.991,-431.427,-13457.8,,2.08294,-4.31442,,-11.1637,3.21125
0.616857,-0.527953,,995.214,-249.048,-21289.6,,2.36776,-4.18711,,-10.1309,5.69697
0.525435,-0.432374,,985.688,-0.138472,-61878.5,,2.7048,-4.07777,,5.88588,20.9574
0.413846,-0.308497,,971.091,-179.296,-119670,,2.16409,-4.57723,,36.9411,35.1575
0.339268,-0.149402,,969.584,-543.516,-125348,,0.673489,-5.08583,,40.573,21.2752
0.320564,0.0143272,,977.745,-586.452,-93967.8,,-0.570031,-4.9953,,19.5442,3.73527
0.333822,0.159337,,985.847,-463.159,-61219.9,,-1.16594,-4.60662,,-0.333909,-3.58902
0.356879,0.283377,,991.216,-336.643,-38609,,-1.33412,-4.21542,,-12.5148,-5.47468
0.380088,0.392249,,994.441,-247.64,-24669.6,,-1.30033,-3.90692,,-19.3895,-5.82048
0.400939,0.492327,,996.453,-190.787,-15836.7,,-1.17988,-3.68174,,-23.5483,-5.97032
0.419254,0.588643,,997.835,-155.085,-9705.9,,-1.02185,-3.52372,,-26.4399,-6.26996
0.435055,0.684606,,998.865,-132.82,-5102.5,,-0.849281,-3.41806,,-28.7694,-6.7627
0.448044,0.78202,,999.639,-119.405,-1626.43,,-0.678578,-3.353,,-30.8601,-7.36443
0.45789,0.881155,,1000.16,-112.054,742.916,,-0.525427,-3.31774,,-32.8323,-7.9014
0.464729,0.981201,,1000.44,-108.686,1999.07,,-0.402937,-3.3012,,-34.7014,-8.16297
0.469355,1.0813,,1000.53,-107.091,2409.52,,-0.31733,-3.29205,,-36.4683,-7.9803
0.47289,1.1812,,1000.57,-104.325,2562.54,,-0.266152,-3.28045,,-38.171,-7.26478
0.476259,1.28112,,1000.68,-96.566,3085.13,,-0.239432,-3.26021,,-39.8441,-5.9822
0.479795,1.38129,,1000.93,-79.7318,4206.11,,-0.223173,-3.22984,,-41.4142,-4.1358
0.483235,1.48175,,1001.24,-51.0331,5602.12,,-0.204682,-3.19283,,-42.6675,-1.78258
0.486013,1.58228,,1001.46,-10.5258,6628.29,,-0.17676,-3.15603,,-43.3347,0.958422
0.487639,1.68267,,1001.48,38.4918,6701.86,,-0.138719,-3.12656,,-43.2107,3.90631
0.487965,1.78281,,1001.23,91.1331,5591.37,,-0.0944133,-3.10936,,-42.2314,6.84515
0.487267,1.88273,,1000.77,143.128,3473.01,,-0.0492814,-3.1068,,-40.4806,9.57983
0.486175,1.98245,,1000.17,191.588,772.833,,-0.00824991,-3.11897,,-38.1428,11.9692
0.485488,2.08208,,999.538,234.705,-2079.91,,0.025006,-3.14399,,-35.4305,13.9304
0.485979,2.18177,,998.94,271.129,-4767.2,,0.0482444,-3.17879,,-32.538,15.4129
0.488281,2.28157,,998.425,299.88,-7071.68,,0.0610509,-3.21969,,-29.6336,16.3892
0.492799,2.38133,,998.023,320.646,-8868.87,,0.0654381,-3.26299,,-26.8519,16.847
0.499584,2.48066,,997.737,333.874,-10143.7,,0.0656447,-3.30574,,-24.2805,16.7878
0.508104,2.57895,,997.538,340.601,-11029.4,,0.0665698,-3.34679,,-21.9388,16.2189
0.517046,2.6757,,997.361,342.103,-11813.7,,0.0710885,-3.38721,,-19.7672,15.1355
0.52455,2.77108,,997.136,339.639,-12813,,0.0784151,-3.42907,,-17.6617,13.5006
0.529205,2.86626,,996.852,334.029,-14070.2,,0.0846042,-3.47232,,-15.5748,11.2781
0.53075,2.96299,,996.542,323.299,-15444.9,,0.0810376,-3.50796,,-13.5296,8.46272
0.52921,3.0636,,995.83,303.48,-18584.2,,0.0646018,-3.52236,,-11.21,4.55867
0.52553,3.16954,,994.206,297.489,-25694.9,,0.0741745,-3.57075,,-8.33768,-1.49098
0.523384,3.27509,,993.867,338.04,-27169.6,,0.116069,-3.71462,,-6.96314,-6.30652
0.522046,3.37933,,995.422,305.337,-20375.5,,0.0831978,-3.68346,,-7.15873,-7.46664
0.517306,3.49583,,991.767,196.203,-36245.3,,0.0358914,-3.51251,,-4.47835,-19.985
0.511938,3.61725,,985.254,335.493,-63672.4,,0.0710798,-3.79835,,-2.1233,-41.0735
0.508481,3.72853,,984.86,636.569,-65294.9,,0.0803974,-4.31872,,-3.19491,-46.7276
0.506379,3.83576,,988.046,741.12,-52046.5,,0.0367009,-4.4919,,-4.66763,-40.9014
0.6,-0.3,,1010.33,0,48069,,0,0,,0,0
0.6,-0.2,,1010.12,0,47088,,0,0,,0,0
0.6,-0.1,,1009.92,0,46107,,0,0,,0,0
0.829099,-0.865906,,1010.07,-750.129,46858.9,,1.47282,-4.57739,,-16.8609,-41.8936
0.821036,-0.804308,,1003.62,-870.876,16522.2,,1.48506,-4.72637,,-12.6519,-17.2738
0.806673,-0.736909,,1003.13,-472.405,14267.9,,1.65656,-4.22969,,-14.2938,-15.4446
0.783171,-0.678494,,997.715,-487.199,-10241.6,,1.71673,-4.252,,-10.7805,0.357621
0.749277,-0.614632,,995.848,-481.185,-18505.7,,1.80838,-4.27179,,-10.7602,3.61783
0.701102,-0.531447,,1000.65,-332.744,2931.4,,2.05448,-4.12199,,-18.9551,-8.79792
0.60429,-0.446072,,988.781,363.503,-48954.5,,3.00602,-3.20743,,-4.0152,12.7254
0.447406,-0.343596,,954.924,7.06929,-177879,,2.38409,-4.0568,,62.235,60.1389
0.364154,-0.16255,,959.071,-1048.69,-163505,,-0.401664,-5.30352,,55.3178,29.4718
0.382596,0.0277767,,982.305,-903.129,-75732.6,,-1.88485,-5.04338,,2.98848,-0.976559
0.428912,0.181378,,995.057,-541.592,-21977.3,,-2.06633,-4.42952,,-21.6605,-5.80024
0.469015,0.304396,,999.604,-338.676,-1785.82,,-1.859,-3.96581,,-29.4327,-5.59724
0.49835,0.409294,,1000.8,-241.673,3641.32,,-1.59053,-3.65755,,-31.8,-5.48115
0.519527,0.504973,,1000.9,-193.617,4059.68,,-1.33292,-3.45682,,-32.6564,-5.83544
0.535245,0.597327,,1000.7,-167.74,3171.08,,-1.09615,-3.32992,,-33.2,-6.53164
0.546963,0.690075,,1000.49,-152.802,2202.9,,-0.88187,-3.25621,,-33.8419,-7.44135
0.555263,0.785094,,1000.33,-144.083,1493.87,,-0.695261,-3.22173,,-34.7465,-8.40964
0.560656,0.882613,,1000.25,-139.485,1131.98,,-0.544365,-3.21441,,-35.976,-9.22702
0.564182,0.981697,,1000.28,-137.512,1263.79,,-0.434865,-3.22202,,-37.5361,-9.66965
0.567308,1.08127,,1000.49,-135.814,2202.04,,-0.364822,-3.23265,,-39.4071,-9.56757
0.571273,1.18079,,1000.94,-130.605,4264.44,,-0.323767,-3.23671,,-41.5359,-8.8272
0.576479,1.28022,,1001.64,-117.452,7423.95,,-0.296587,-3.22891,,-43.7769,-7.39925
0.582389,1.37972,,1002.44,-92.9531,11108.2,,-0.269874,-3.20851,,-45.8602,-5.27064
0.587925,1.47936,,1003.16,-56.1006,14374.7,,-0.236268,-3.1794,,-47.452,-2.50099
0.59201,1.57906,,1003.58,-8.81572,16319,,-0.195218,-3.14886,,-48.2699,0.757941
0.593995,1.67869,,1003.6,44.4518,16429.2,,-0.150878,-3.12454,,-48.1655,4.27359
0.593831,1.77826,,1003.23,98.5587,14722.5,,-0.108947,-3.11176,,-47.1409,7.77392
0.592052,1.87784,,1002.57,149.647,11671.8,,-0.074054,-3.11299,,-45.3222,11.0184
0.589626,1.97754,,1001.76,195.598,7980.01,,-0.0485457,-3.12828,,-42.9117,13.8376
0.587715,2.07751,,1000.95,235.457,4302.75,,-0.0326407,-3.15546,,-40.1304,16.1439
0.587428,2.17793,,1000.24,268.657,1105.99,,-0.0249402,-3.19097,,-37.1785,17.8934
0.589654,2.2788,,999.701,294.788,-1347.92,,-0.0224831,-3.23075,,-34.2223,19.072
0.594926,2.37978,,999.332,313.752,-3009.42,,-0.0206996,-3.27124,,-31.384,19.6843
0.603209,2.48007,,999.104,325.798,-4032.08,,-0.0146706,-3.31088,,-28.7335,19.7494
0.613555,2.57849,,998.953,331.431,-4712.02,,-0.00256744,-3.351,,-26.2868,19.2896
0.623858,2.67428,,998.799,331.253,-5401.46,,0.0108852,-3.39344,,-24.0044,18.3067
0.631484,2.76826,,998.547,325.996,-6528.74,,0.0179306,-3.43624,,-21.7834,16.7406
0.635165,2.86274,,998.135,317.38,-8370.73,,0.0184538,-3.47725,,-19.5389,14.4832
0.636081,2.95926,,997.754,306.546,-10069.4,,0.0142025,-3.51388,,-17.4271,11.6509
0.635179,3.05914,,997.303,284.848,-12071.8,,-0.00605735,-3.51774,,-15.4008,8.14657
0.632379,3.16509,,995.635,267.238,-19440.6,,-0.0115326,-3.53372,,-12.7376,2.10936
0.630939,3.27016,,995.061,311.674,-21960,,0.0251778,-3.6863,,-11.1669,-2.99957
0.630478,3.37223,,996.937,273.541,-13697.7,,-0.00158488,-3.63666,,-11.1806,-3.19587
0.626937,3.48849,,992.345,167.194,-33761.2,,-0.025216,-3.47107,,-8.32047,-18.1239
0.622627,3.60633,,986.198,407.986,-59762.7,,0.0242113,-3.91819,,-6.31544,-39.0332
0.619077,3.71049,,988.496,780.689,-50157,,0.0261849,-4.52513,,-7.19816,-37.2187
0.616339,3.81306,,993.022,887.559,-30839,,-0.0152029,-4.6908,,-7.64436,-26.9934
0.7,-0.3,,1010.33,0,48069,,0,0,,0,0
0.7,-0.2,,1010.12,0,47088,,0,0,,0,0
0.7,-0.1,,1009.92,0,46107,,0,0,,0,0
0.888702,-0.869056,,1008.14,-947.617,37652,,1.31322,-4.80313,,-13.1906,-36.029
0.881053,-0.803421,,1004.57,-974.341,20929.4,,1.31519,-4.84538,,-12.3199,-22.2047
0.868213,-0.737305,,1003.13,-506.966,14255.6,,1.45149,-4.24304,,-13.2341,-17.2017
0.848565,-0.67947,,998.259,-498.02,-7817.46,,1.48188,-4.21499,,-11.2802,-3.31209
0.818963,-0.6205,,995.316,-558.199,-20841.1,,1.49384,-4.3083,,-10.776,2.62559
0.779632,-0.528439,,1007.34,-285.329,33881,,1.73174,-3.82941,,-25.2717,-24.9481
0.673243,-0.473788,,984.362,817.91,-67342.4,,3.06005,-1.94328,,-1.15291,19.3022
0.476209,-0.405435,,931.696,-715.811,-251787,,1.14972,-4.43419,,101.191,107.543
0.449513,-0.157553,,978.901,-1697.47,-89392.7,,-2.54488,-5.92726,,8.41404,7.93977
0.525761,0.0593325,,1007.87,-693.93,36358.6,,-2.65841,-4.82547,,-37.7413,-7.32769
0.588107,0.210767,,1011.76,-328.38,54994.5,,-2.12247,-4.07485,,-40.6552,-4.39054
0.626783,0.327326,,1009.87,-226.674,45897.8,,-1.69362,-3.64384,,-38.7629,-3.93474
0.649247,0.42633,,1007.38,-197.917,34028.7,,-1.38235,-3.37973,,-37.1837,-4.63095
0.662116,0.517212,,1005.32,-188.386,24385.9,,-1.1426,-3.21722,,-36.2592,-5.72125
0.669523,0.605781,,1003.82,-183.503,17445.8,,-0.94473,-3.12433,,-35.9144,-7.00872
0.673601,0.695623,,1002.84,-179.577,12917,,-0.776544,-3.08247,,-36.1186,-8.40645
0.675426,0.788504,,1002.31,-176.049,10502.4,,-0.637048,-3.07856,,-36.884,-9.78283
0.675997,0.884568,,1002.2,-173.049,10003.8,,-0.529019,-3.10006,,-38.2117,-10.9312
0.676766,0.982794,,1002.49,-169.911,11334.5,,-0.451907,-3.13328,,-40.0545,-11.617
0.679245,1.08194,,1003.17,-164.15,14430.6,,-0.398248,-3.16484,,-42.305,-11.6455
0.684152,1.1812,,1004.16,-151.816,19001.3,,-0.355882,-3.18497,,-44.7784,-10.8863
0.690967,1.28028,,1005.3,-129.31,24319,,-0.313802,-3.18947,,-47.2052,-9.25676
0.698307,1.37924,,1006.38,-95.073,29325.7,,-0.266738,-3.17868,,-49.2752,-6.73451
0.704603,1.47818,,1007.15,-50.0288,32956.9,,-0.215616,-3.15732,,-50.713,-3.40956
0.708665,1.57709,,1007.47,2.76089,34492,,-0.165251,-3.13357,,-51.342,0.501027
0.709976,1.67593,,1007.31,58.6532,33740.4,,-0.121414,-3.11582,,-51.1067,4.69232
0.70871,1.77477,,1006.74,112.944,31016.3,,-0.0885835,-3.10966,,-50.0534,8.8327
0.70561,1.8738,,1005.88,162.496,26989.3,,-0.0686405,-3.11733,,-48.299,12.644
0.701803,1.97322,,1004.9,205.902,22446.6,,-0.0605879,-3.13837,,-45.9993,15.9371
0.698561,2.07326,,1003.95,242.777,18039.4,,-0.0612286,-3.16992,,-43.3159,18.624
0.697065,2.1741,,1003.11,272.931,14162.4,,-0.066118,-3.20767,,-40.3946,20.6685
0.698231,2.27567,,1002.41,296.075,10955.9,,-0.0701301,-3.24722,,-37.3615,22.0651
0.702567,2.37741,,1001.83,311.946,8325.37,,-0.0679827,-3.28569,,-34.3217,22.8251
0.709945,2.47804,,1001.34,320.545,6050.34,,-0.0562019,-3.32406,,-31.3687,22.9708
0.719223,2.57591,,1000.89,322.41,4027.01,,-0.037476,-3.36685,,-28.599,22.5349
0.728027,2.67026,,1000.52,318.412,2371.7,,-0.0237076,-3.41456,,-26.0896,21.5617
0.733578,2.76304,,1000.18,308.687,794.061,,-0.0276358,-3.4554,,-23.7863,20.0312
0.73502,2.85804,,999.598,294.041,-1812.76,,-0.043446,-3.48208,,-21.4895,17.7278
0.734692,2.95609,,998.951,279.499,-4717.04,,-0.0541229,-3.5106,,-19.2935,14.704
0.734244,3.0561,,998.603,257.345,-6278.39,,-0.0729333,-3.5119,,-17.4423,11.4253
0.732588,3.16187,,997.054,230.796,-13175.8,,-0.0862033,-3.50223,,-15.1324,5.70041
0.732028,3.26635,,996.461,273.138,-15803.5,,-0.0593729,-3.65062,,-13.6207,0.762073
0.732352,3.36681,,998.622,222.438,-6192.88,,-0.0839997,-3.57178,,-13.5068,1.58145
0.730125,3.48251,,993.508,120.534,-28730,,-0.0903323,-3.41685,,-10.7707,-14.6252
0.726881,3.59605,,988.652,424.16,-49496.8,,-0.0399447,-3.95326,,-9.18348,-32.3534
0.723402,3.69454,,993.435,790.154,-29046.7,,-0.0449997,-4.52369,,-9.77316,-22.7552
0.720544,3.79421,,998.678,863.517,-5943.94,,-0.0758743,-4.62873,,-9.42286,-9.45739
0.8,-0.3,,1010.33,0,48069,,0,0,,0,0
0.8,-0.2,,1010.12,0,47088,,0,0,,0,0
0.8,-0.1,,1009.92,0,46107,,0,0,,0,0
0.949874,-0.87404,,1005.75,-1114.67,26403.3,,1.19624,-5.00592,,-9.82604,-28.2577
0.942098,-0.804063,,1005.54,-1084.66,25409.6,,1.17605,-4.99037,,-11.4515,-27.0989
0.930344,-0.73888,,1003.44,-524.517,15702.9,,1.2748,-4.25662,,-12.1112,-19.8748
0.913495,-0.682355,,998.415,-508.809,-7118.96,,1.26735,-4.20923,,-10.8829,-5.68032
0.888459,-0.625646,,995.738,-615.238,-18989.6,,1.21096,-4.36551,,-11.1288,-0.619777
0.855931,-0.528971,,1011.73,-199.72,54833.8,,1.3898,-3.49323,,-25.9105,-35.568
0.751815,-0.52362,,973.646,1112.22,-109927,,2.56728,-1.05761,,7.5447,41.0741
0.570445,-0.462217,,936.975,-2341.54,-235937,,-1.05561,-6.45819,,75.4108,106.141
0.617118,-0.126287,,1017.28,-1092.72,82125.9,,-2.90626,-5.94659,,-45.3628,-15.9896
0.696038,0.0914133,,1024,-316.22,116399,,-2.1011,-4.46124,,-44.6477,-4.15349
0.744789,0.23483,,1017.66,-207.19,84046.8,,-1.54611,-3.79997,,-38.6441,-2.30786
0.771747,0.345021,,1011.97,-205.612,56005.9,,-1.21001,-3.42207,,-35.5956,-3.36473
0.785237,0.439134,,1008.06,-215.877,37280.6,,-0.989181,-3.1853,,-34.1593,-4.7819
0.790948,0.526298,,1005.54,-221.701,25399.8,,-0.828087,-3.04126,,-33.6178,-6.29362
0.792442,0.612111,,1003.99,-221.962,18233.4,,-0.698689,-2.9648,,-33.6968,-7.9308
0.791733,0.699972,,1003.21,-218.105,14618,,-0.589614,-2.94025,,-34.3307,-9.68002
0.790016,0.791491,,1003.07,-211.726,13982.7,,-0.499031,-2.95558,,-35.5316,-11.419
0.788418,0.886688,,1003.5,-203.883,15955.7,,-0.427638,-2.99785,,-37.2927,-12.9138
0.788327,0.984431,,1004.4,-194.228,20132.9,,-0.372566,-3.05151,,-39.5228,-13.8747
0.790899,1.08333,,1005.66,-180.405,25962.9,,-0.325901,-3.1009,,-42.0375,-14.037
0.79628,1.18236,,1007.08,-158.945,32649.2,,-0.278765,-3.13528,,-44.5856,-13.212
0.803433,1.28109,,1008.46,-127.312,39172.8,,-0.226461,-3.15077,,-46.897,-11.2967
0.810747,1.37956,,1009.58,-85.1836,44498.7,,-0.169974,-3.14841,,-48.7339,-8.2927
0.816706,1.47792,,1010.28,-34.3071,47824.6,,-0.114077,-3.13354,,-49.9267,-4.34733
0.820315,1.57621,,1010.47,22.0924,48766,,-0.0646017,-3.11528,,-50.3883,0.250117
0.821237,1.67439,,1010.19,79.6376,47405.4,,-0.0264269,-3.10298,,-50.1107,5.13029
0.819726,1.7726,,1009.52,134.04,44203.1,,-0.00238714,-3.10282,,-49.1442,9.91534
0.816481,1.87107,,1008.61,182.564,39850.2,,0.00716743,-3.11714,,-47.5745,14.2977
0.812473,1.97007,,1007.59,224.028,35061.6,,0.0042517,-3.14521,,-45.5051,18.0674
0.808765,2.06991,,1006.6,258.11,30368.5,,-0.00742497,-3.18365,,-43.0413,21.1266
0.806327,2.17076,,1005.67,284.587,26031.6,,-0.0232558,-3.22744,,-40.2824,23.4375
0.805929,2.27252,,1004.82,303.131,22070.9,,-0.0382169,-3.27156,,-37.3256,24.9974
0.808041,2.37449,,1004.01,313.507,18318.4,,-0.0473466,-3.3131,,-34.2718,25.826
0.812648,2.47518,,1003.21,315.998,14608.2,,-0.0475021,-3.35421,,-31.2402,25.9569
0.818915,2.57267,,1002.46,311.915,11160.6,,-0.0415349,-3.40114,,-28.3857,25.448
0.824936,2.66629,,1001.91,303.028,8676.58,,-0.0415605,-3.4527,,-25.8624,24.4107
0.828393,2.75876,,1001.57,288.894,7125.39,,-0.0609036,-3.48807,,-23.6636,22.9115
0.828645,2.85497,,1000.99,267.841,4495.51,,-0.0926717,-3.49362,,-21.5285,20.6672
0.828077,2.95507,,1000.14,246.62,645.916,,-0.112869,-3.5039,,-19.4208,17.5261
0.828374,3.0556,,999.775,222.092,-1015.6,,-0.131503,-3.50136,,-17.7104,14.3399
0.828018,3.16093,,998.374,188.849,-7300.71,,-0.147919,-3.47444,,-15.7557,9.00335
0.828444,3.26446,,997.931,225.105,-9279.26,,-0.131754,-3.61001,,-14.4322,4.60445
0.829484,3.36358,,1000.33,158.022,1479.59,,-0.155513,-3.49752,,-14.2366,6.40689
0.828505,3.47806,,995.176,56.3496,-21454.9,,-0.152535,-3.34744,,-11.8333,-9.72195
0.826261,3.58744,,991.92,367.809,-35587.7,,-0.109549,-3.88421,,-10.6064,-22.8827
0.823165,3.6825,,998.188,663.352,-8132.95,,-0.117881,-4.33069,,-10.892,-7.86214
0.820698,3.78093,,1003.3,684.94,15049.4,,-0.133945,-4.35575,,-10.0786,6.09066
0.9,-0.3,,1010.33,0,48069,,0,0,,0,0
0.9,-0.2,,1010.12,0,47088,,0,0,,0,0
0.9,-0.1,,1009.92,0,46107,,0,0,,0,0
1.01442,-0.879828,,1003.17,-1231.49,14425.5,,1.12625,-5.1576,,-7.10175,-19.5789
1.00623,-0.805611,,1006.46,-1191.66,29720.5,,1.08204,-5.14551,,-10.0655,-31.7764
0.995165,-0.741257,,1003.84,-520.293,17546.2,,1.13833,-4.26028,,-10.6838,-22.7292
0.980412,-0.686403,,998.339,-526.623,-7456.49,,1.09043,-4.24433,,-9.96485,-7.2325
0.960009,-0.630265,,996.621,-644.407,-15094.2,,0.994351,-4.42496,,-11.0515,-4.86886
0.934055,-0.533975,,1013.91,-130.873,65455.9,,1.07757,-3.27326,,-22.9012,-41.7573
0.850346,-0.575539,,962.993,1216.07,-149560,,1.83008,-0.803314,,10.7306,66.8385
0.727974,-0.478903,,970.62,-2847.33,-121450,,-1.84443,-8.30886,,9.66905,39.7501
0.784113,-0.0973001,,1036.39,-498.995,183246,,-2.05618,-5.62983,,-46.5331,-15.0281
0.836254,0.113005,,1027.31,-197.064,133815,,-1.43195,-4.25015,,-36.4521,-1.44592
0.867379,0.251198,,1016.88,-210.196,80125.6,,-1.08398,-3.65013,,-32.0089,-2.07348
0.884204,0.357203,,1010.16,-242.758,47269.7,,-0.872477,-3.2895,,-30.1775,-3.80262
0.891777,0.447813,,1006.16,-262.679,28300.6,,-0.731899,-3.06089,,-29.4924,-5.41457
0.893815,0.53225,,1003.87,-270.084,17650.4,,-0.628957,-2.92306,,-29.471,-7.0665
0.892888,0.616117,,1002.71,-268.539,12337.2,,-0.545507,-2.85291,,-29.9566,-8.89755
0.890641,0.702729,,1002.42,-260.913,10990.7,,-0.473444,-2.83615,,-30.9326,-10.9162
0.888188,0.793563,,1002.86,-249.271,12999.1,,-0.411006,-2.86175,,-32.429,-12.9842
0.886557,0.888491,,1003.92,-234.857,17883,,-0.358128,-2.91669,,-34.4352,-14.817
0.88684,0.98622,,1005.44,-217.494,24935.3,,-0.312074,-2.98395,,-36.8328,-16.0416
0.889757,1.08517,,1007.19,-195.224,33167,,-0.267014,-3.04594,,-39.3982,-16.3047
0.895103,1.18412,,1008.94,-165.3,41436.7,,-0.217858,-3.09096,,-41.8635,-15.3668
0.901777,1.28256,,1010.45,-126.061,48666.2,,-0.163722,-3.11519,,-43.9905,-13.1324
0.908372,1.38056,,1011.56,-77.8618,54019.1,,-0.107751,-3.11995,,-45.6071,-9.6532
0.913692,1.47839,,1012.18,-22.6754,57006.9,,-0.054823,-3.11069,,-46.6101,-5.13807
0.917022,1.57612,,1012.29,36.4377,57525.7,,-0.00961787,-3.09717,,-46.9553,0.0665878
0.918157,1.67374,,1011.94,95.3866,55829.8,,0.0243722,-3.08954,,-46.6514,5.54806
0.917319,1.7714,,1011.23,150.135,52434.5,,0.0453206,-3.09447,,-45.7441,10.9001
0.915033,1.86937,,1010.31,198.093,48001.2,,0.0531361,-3.11461,,-44.3005,15.7937
0.911991,1.96797,,1009.3,238.05,43169,,0.0492392,-3.14929,,-42.399,19.9976
0.908929,2.06754,,1008.3,269.575,38390.1,,0.0360772,-3.19495,,-40.1213,23.3956
0.906516,2.16828,,1007.34,292.36,33860.9,,0.0166825,-3.24611,,-37.5508,25.9389
0.905299,2.27009,,1006.42,306.116,29554.4,,-0.00543142,-3.29694,,-34.7759,27.623
0.905681,2.37232,,1005.51,310.807,25266,,-0.0262567,-3.34344,,-31.894,28.4781
0.907818,2.47351,,1004.55,307.099,20817.1,,-0.0421782,-3.3869,,-29.0207,28.5568
0.911375,2.57168,,1003.62,296.928,16521.4,,-0.0531354,-3.43394,,-26.3049,27.9422
0.915248,2.66594,,1002.94,282.885,13407,,-0.066463,-3.48441,,-23.9051,26.7929
0.917834,2.75894,,1002.61,264.635,11856.1,,-0.0929777,-3.51525,,-21.8554,25.2634
0.918482,2.85585,,1002.12,238.539,9615.44,,-0.129605,-3.50672,,-19.9417,23.1052
0.918778,2.95691,,1001.23,210.447,5585.67,,-0.155855,-3.49885,,-18.0561,19.9999
0.919989,3.05762,,1000.82,181.349,3722.51,,-0.176037,-3.48779,,-16.5134,16.8751
0.920812,3.16221,,999.547,142.661,-2041.03,,-0.193607,-3.44933,,-14.8827,11.8955
0.92212,3.26447,,999.339,170.316,-2977.72,,-0.186791,-3.56656,,-13.7855,8.21438
0.923737,3.36238,,1001.93,86.2515,8761.4,,-0.209575,-3.42158,,-13.555,10.9315
0.923792,3.47508,,997.136,-24.5657,-12814.8,,-0.20436,-3.26074,,-11.5925,-3.99332
0.922485,3.58118,,995.228,245.538,-21228.3,,-0.171558,-3.72431,,-10.6361,-12.9174
0.920095,3.67493,,1001.79,439.195,8129.41,,-0.178751,-4.01221,,-10.6712,4.11381
0.918353,3.7733,,1006.1,410.109,28051.8,,-0.180087,-3.96676,,-9.70714,16.4163
1,-0.3,,1010.33,0,48069,,0,0,,0,0
1,-0.2,,1010.12,0,47088,,0,0,,0,0
1,-0.1,,1009.92,0,46107,,0,0,,0,0
1.08382,-0.884925,,1000.93,-1278.23,4219.77,,1.10059,-5.23031,,-5.23043,-12.0903
1.07526,-0.80722,,1007.27,-1272.77,33552.2,,1.04259,-5.27684,,-8.22723,-35.9794
1.06457,-0.743686,,1004.17,-491.128,19058.7,,1.04842,-4.24379,,-8.91392,-25.2491
1.05132,-0.690603,,998.05,-544.447,-8746.7,,0.966992,-4.30341,,-8.70738,-8.03668
1.03488,-0.633861,,997.583,-651.083,-10827.1,,0.851352,-4.4809,,-10.2532,-9.16544
1.01532,-0.540305,,1014.71,-75.2147,69403.4,,0.848553,-3.16781,,-18.2782,-45.3091
0.960732,-0.612558,,955.607,1216.74,-175538,,1.21492,-0.912787,,6.55915,86.4819
0.89294,-0.474225,,997.358,-2466.84,-11827,,-1.27076,-9.08994,,-17.3374,-11.5764
0.92456,-0.0812001,,1041.92,-268.979,214719,,-1.22585,-5.45154,,-33.778,-10.6908
0.951547,0.125381,,1026.43,-185.428,129172,,-0.954864,-4.16126,,-27.7992,-0.710309
0.968833,0.261383,,1014.73,-244.442,69493.8,,-0.787057,-3.56781,,-25.7705,-2.48968
0.978391,0.364963,,1007.94,-287.659,36703.6,,-0.671205,-3.20483,,-25.0292,-4.38458
0.982352,0.453212,,1004.19,-309.158,19149.4,,-0.587901,-2.97673,,-24.9009,-6.0393
0.982753,0.535725,,1002.26,-315.425,10282.7,,-0.523711,-2.84082,,-25.2064,-7.7855
0.981258,0.61827,,1001.54,-311.373,6962.58,,-0.469104,-2.77316,,-25.9089,-9.79824
0.979108,0.704172,,1001.73,-299.987,7843.18,,-0.418966,-2.76,,-27.038,-12.089
0.977237,0.79482,,1002.71,-283.251,12335.8,,-0.371884,-2.79113,,-28.6377,-14.4948
0.976467,0.889939,,1004.35,-262.406,19868.9,,-0.327761,-2.85362,,-30.6962,-16.6681
0.977534,0.988053,,1006.4,-237.492,29460.9,,-0.285053,-2.92935,,-33.0851,-18.139
0.980773,1.08735,,1008.58,-207.133,39744,,-0.240629,-2.99933,,-35.57,-18.4628
0.985808,1.18641,,1010.59,-169.425,49313.1,,-0.192423,-3.05132,,-37.8873,-17.3656
0.991692,1.28468,,1012.2,-123.498,57091.1,,-0.141354,-3.08169,,-39.827,-14.7842
0.99737,1.38228,,1013.3,-70.1496,62443.7,,-0.0905583,-3.09192,,-41.2567,-10.8347
1.00202,1.47961,,1013.85,-11.367,65146.6,,-0.043551,-3.08729,,-42.1056,-5.78627
1.0052,1.5768,,1013.88,50.0143,65304.8,,-0.00335009,-3.07806,,-42.3466,-0.0317305
1.00678,1.67387,,1013.47,110.141,63285.3,,0.0277925,-3.07484,,-41.9935,5.98547
1.00693,1.771,,1012.72,165.152,59630.5,,0.0486386,-3.08462,,-41.089,11.8414
1.00597,1.86848,,1011.76,212.491,54979,,0.0589188,-3.11024,,-39.6927,17.1915
1.00433,1.9667,,1010.71,250.851,49932.9,,0.0591267,-3.15117,,-37.8752,21.7858
1.00247,2.06599,,1009.67,279.669,44925.6,,0.050225,-3.20382,,-35.7136,25.4902
1.00078,2.16661,,1008.67,298.577,40161,,0.0334824,-3.2624,,-33.2908,28.2431
0.999598,2.26852,,1007.72,307.388,35632.5,,0.0106334,-3.32022,,-30.6974,30.0362
0.999224,2.37121,,1006.76,306.317,31128.5,,-0.0157261,-3.37153,,-28.0294,30.9089
0.999897,2.47342,,1005.75,296.322,26382,,-0.0421182,-3.41535,,-25.3902,30.9328
1.00167,2.57325,,1004.71,279.623,21541.8,,-0.0658271,-3.45761,,-22.8963,30.2063
1.00415,2.66933,,1003.86,259.415,17632.3,,-0.0884662,-3.50195,,-20.671,28.9
1.00646,2.76338,,1003.41,236.329,15526.9,,-0.116538,-3.53023,,-18.768,27.2344
1.00793,2.86022,,1002.96,206.156,13495.1,,-0.151139,-3.51808,,-17.0647,25.0857
1.00924,2.96093,,1002.15,172.172,9780.49,,-0.179765,-3.49702,,-15.4485,22.0803
1.01115,3.06138,,1001.7,137.326,7725.22,,-0.201839,-3.47395,,-14.1055,18.9865
1.01282,3.16508,,1000.52,93.9437,2343.19,,-0.219845,-3.42702,,-12.7755,14.2806
1.01476,3.26599,,1000.55,111.986,2482.81,,-0.219978,-3.52345,,-11.9015,11.2983
1.01677,3.36273,,1003.32,12.2637,15149.5,,-0.241206,-3.34974,,-11.6872,14.8627
1.0176,3.4735,,999.071,-118.631,-4178.69,,-0.238038,-3.15918,,-10.1918,1.68063
1.01719,3.57749,,997.957,81.7508,-9163.91,,-0.214107,-3.51083,,-9.4444,-4.43613
1.0157,3.6714,,1003.92,173.282,17899.6,,-0.217221,-3.64995,,-9.3369,11.6912
1.01478,3.77026,,1007.11,106.374,32789.7,,-0.207392,-3.55671,,-8.46401,20.9696
1.1,-0.3,,1010.33,0,48069,,0,0,,0,0
1.1,-0.2,,1010.12,0,47088,,0,0,,0,0
1.1,-0.1,,1009.92,0,46107,,0,0,,0,0
1.15901,-0.887716,,999.725,-1240.25,-1239.05,,1.1096,-5.2037,,-4.08304,-8.42798
1.15053,-0.807898,,1007.99,-1297.49,36913,,1.05579,-5.33966,,-6.08401,-39.6562
1.14005,-0.74529,,1004.3,-431.519,19657.2,,1.00519,-4.19313,,-6.893,-26.9905
1.12779,-0.693883,,997.519,-549.764,-11111.4,,0.902296,-4.35826,,-7.25917,-8.00317
1.11428,-0.635774,,998.376,-637.533,-7294.62,,0.780393,-4.52242,,-8.78314,-12.8576
1.10002,-0.54547,,1014.59,-19.2229,68809.3,,0.715602,-3.11534,,-13.2377,-46.9265
1.07222,-0.633061,,951.061,1195.1,-190936,,0.822246,-1.10198,,-0.147137,98.2193
1.03996,-0.468415,,1009.14,-2137.93,42401.3,,-0.439049,-9.33474,,-16.852,-32.7442
1.04696,-0.0749969,,1042.39,-190.246,217382,,-0.605639,-5.42494,,-21.8042,-8.60887
1.05622,0.131264,,1024.58,-198.751,119438,,-0.60516,-4.14494,,-20.2047,-0.836906
1.06381,0.266905,,1012.61,-280.07,59114.5,,-0.567847,-3.52918,,-19.9347,-3.00809
1.06838,0.369284,,1006.04,-328.199,27742.4,,-0.522482,-3.15388,,-19.9561,-4.91696
1.07009,0.456081,,1002.61,-349.922,11875.6,,-0.481561,-2.92152,,-20.1967,-6.61078
1.06979,0.537367,,1001.04,-354.961,4728.91,,-0.445596,-2.78436,,-20.6898,-8.47901
1.06845,0.619147,,1000.71,-348.647,3231.58,,-0.411427,-2.71635,,-21.4846,-10.7068
1.06696,0.704804,,1001.35,-333.733,6135.11,,-0.376311,-2.70382,,-22.6443,-13.3019
1.06603,0.795665,,1002.83,-311.978,12885.6,,-0.339292,-2.73721,,-24.2222,-16.0696
1.06627,0.891314,,1004.98,-284.625,22817.2,,-0.300581,-2.80368,,-26.2071,-18.5886
1.06807,0.990071,,1007.52,-252.042,34688.4,,-0.2601,-2.8842,,-28.4722,-20.2828
1.07147,1.08989,,1010.06,-213.583,46794,,-0.217277,-2.95873,,-30.7897,-20.6198
1.07602,1.18918,,1012.28,-168.281,57511,,-0.172322,-3.01491,,-32.9123,-19.3104
1.081,1.28734,,1013.98,-116.009,65777,,-0.126935,-3.04939,,-34.6548,-16.3425
1.08572,1.38461,,1015.07,-57.879,71133.7,,-0.0834248,-3.0636,,-35.9088,-11.9044
1.08969,1.48151,,1015.56,4.19035,73567.1,,-0.0436038,-3.06259,,-36.6173,-6.32316
1.09268,1.57821,,1015.51,67.5799,73340.4,,-0.0089462,-3.05707,,-36.7589,-0.0345796
1.09464,1.67477,,1015.02,128.633,70903.3,,0.0192951,-3.05795,,-36.3482,6.49193
1.09563,1.77138,,1014.19,183.636,66822.7,,0.0402664,-3.07239,,-35.4254,12.8189
1.09586,1.86841,,1013.15,230.035,61731.7,,0.0534915,-3.10332,,-34.0473,18.5889
1.09555,1.96623,,1012.02,266.437,56227,,0.0587184,-3.15035,,-32.2823,23.5376
1.09493,2.06525,,1010.89,292.156,50758.6,,0.0557858,-3.2099,,-30.2076,27.5164
1.0942,2.16571,,1009.81,306.779,45574.1,,0.0446224,-3.27597,,-27.9091,30.4531
1.09354,2.26768,,1008.79,310.221,40724.1,,0.0255056,-3.34115,,-25.4807,32.3351
1.09314,2.37081,,1007.8,302.941,36027,,-0.000424659,-3.39794,,-23.0201,33.209
1.09321,2.47413,,1006.76,286.178,31133.1,,-0.0306549,-3.44251,,-20.6239,33.1622
1.09398,2.57589,,1005.65,262.314,25924.4,,-0.0616012,-3.47903,,-18.3844,32.3035
1.09549,2.67424,,1004.63,235.008,21191.3,,-0.0909084,-3.51526,,-16.3865,30.7973
1.09743,2.76959,,1003.99,206.331,18222.9,,-0.120421,-3.54171,,-14.6774,28.9072
1.09928,2.86597,,1003.55,172.473,16200.6,,-0.152759,-3.53121,,-13.2008,26.6746
1.10111,2.96575,,1002.85,133.359,12962.6,,-0.182314,-3.4996,,-11.8653,23.7391
1.10331,3.06587,,1002.35,92.3937,10657.4,,-0.205894,-3.46253,,-10.7477,20.5955
1.10542,3.16877,,1001.21,44.8848,5469.21,,-0.224077,-3.40845,,-9.7055,16.0242
1.1077,3.26851,,1001.43,54.1219,6484.38,,-0.228468,-3.4854,,-9.04412,13.5707
1.10992,3.36415,,1004.4,-59.3837,20120.3,,-0.247447,-3.2864,,-8.89292,17.9049
1.11128,3.47326,,1000.63,-218.066,2866.57,,-0.247604,-3.05216,,-7.84405,6.29052
1.11168,3.57622,,999.741,-90.3097,-1166.25,,-0.229585,-3.29183,,-7.29673,1.27563
1.11112,3.67091,,1004.72,-80.2918,21593.5,,-0.228027,-3.31761,,-7.1867,14.9624
1.1109,3.77032,,1006.83,-169.96,31480.9,,-0.21241,-3.19798,,-6.56411,21.0107
1.2,-0.3,,1010.33,0,48069,,0,0,,0,0
1.2,-0.2,,1010.12,0,47088,,0,0,,0,0
1.2,-0.1,,1009.92,0,46107,,0,0,,0,0
1.24035,-0.886836,,1000.16,-1108.71,742.877,,1.13871,-5.06582,,-3.18436,-10.9781
1.23266,-0.806725,,1008.67,-1234.92,40137.7,,1.1055,-5.29055,,-3.82155,-42.975
1.2225,-0.745315,,1004.14,-333.874,18895.8,,1.00128,-4.09279,,-4.80482,-27.5802
1.21098,-0.695298,,996.745,-527.869,-14543.8,,0.89166,-4.37902,,-5.75394,-7.09595
1.19941,-0.635495,,998.806,-599.649,-5367.96,,0.772747,-4.53226,,-6.83327,-15.4225
1.18884,-0.548291,,1013.73,48.6386,64556,,0.664936,-3.0619,,-8.48234,-46.7932
1.18042,-0.641956,,948.097,1185.42,-200745,,0.60422,-1.25326,,-5.84683,104.742
1.16909,-0.465703,,1011.92,-1978.81,55737.2,,0.214728,-9.41923,,-10.5763,-38.6062
1.16005,-0.0745881,,1040.94,-154.056,209034,,-0.156449,-5.49533,,-12.3842,-8.29305
1.15848,0.13299,,1022.44,-209.114,108326,,-0.328006,-4.17936,,-13.5113,-1.34162
1.15997,0.269176,,1010.56,-307.174,49194.8,,-0.37777,-3.52738,,-14.2862,-3.54846
1.16136,0.371108,,1004.28,-360.08,19581.4,,-0.382552,-3.13362,,-14.7663,-5.42617
1.16169,0.457118,,1001.19,-382.697,5371.37,,-0.373471,-2.89274,,-15.221,-7.17654
1.16108,0.537753,,999.958,-387.135,-191.732,,-0.359582,-2.75067,,-15.8032,-9.19538
1.16005,0.619262,,999.993,-378.99,-30.3404,,-0.34184,-2.67894,,-16.6115,-11.6674
1.15921,0.705084,,1001.04,-360.747,4723.7,,-0.319107,-2.66373,,-17.7271,-14.5911
1.1591,0.796473,,1002.97,-333.97,13541.8,,-0.290781,-2.69611,,-19.2062,-17.7315
1.16012,0.892862,,1005.59,-299.985,25646.4,,-0.257418,-2.76334,,-21.0367,-20.583
1.16237,0.99236,,1008.54,-259.637,39539.7,,-0.22026,-2.84566,,-23.0983,-22.46
1.16569,1.09272,,1011.4,-213.129,53221.6,,-0.180821,-2.92235,,-25.1812,-22.7551
1.16961,1.19221,,1013.8,-160.457,64904.7,,-0.140951,-2.98106,,-27.0637,-21.1844
1.17365,1.29027,,1015.56,-102.164,73562.1,,-0.102645,-3.01858,,-28.5872,-17.8006
1.17741,1.38727,,1016.63,-39.5509,78891.4,,-0.067206,-3.03582,,-29.661,-12.8618
1.1807,1.48382,,1017.06,25.5661,81044.2,,-0.0349469,-3.03755,,-30.2343,-6.74772
1.18341,1.58013,,1016.93,90.7459,80402.1,,-0.00617871,-3.03502,,-30.2866,0.0655055
1.18553,1.67626,,1016.35,152.487,77476.2,,0.0185831,-3.03941,,-29.8311,7.08425
1.18708,1.77245,,1015.41,207.184,72858.4,,0.0387669,-3.05797,,-28.9046,13.8574
1.18815,1.86907,,1014.26,252.298,67187.6,,0.0537887,-3.09375,,-27.5608,20.0163
1.18882,1.96655,,1013.01,286.378,61070.3,,0.06296,-3.14648,,-25.8652,25.2844
1.1892,2.06527,,1011.76,308.641,54984.6,,0.0654496,-3.21265,,-23.8937,29.5024
1.18936,2.16554,,1010.57,318.624,49228.1,,0.0603506,-3.28624,,-21.7322,32.5892
1.18937,2.26745,,1009.46,316.315,43919.6,,0.0469455,-3.35935,,-19.476,34.528
1.1893,2.37079,,1008.41,302.398,38937.2,,0.0251906,-3.42321,,-17.2236,35.3694
1.18931,2.47485,,1007.35,278.432,33911.2,,-0.00366505,-3.4714,,-15.07,35.2134
1.18961,2.57813,,1006.2,247.058,28513.3,,-0.0366468,-3.50549,,-13.0983,34.1812
1.19043,2.67848,,1005.07,212.375,23230.7,,-0.0698583,-3.53541,,-11.3702,32.4348
1.1918,2.7751,,1004.28,177.846,19574.8,,-0.10152,-3.55986,,-9.91137,30.2692
1.19346,2.87114,,1003.85,140.317,17583.9,,-0.133194,-3.55064,,-8.68709,27.8784
1.19526,2.97018,,1003.25,96.3616,14809.9,,-0.163211,-3.50812,,-7.62971,24.9251
1.19735,3.07023,,1002.67,49.2742,12160.7,,-0.18778,-3.45574,,-6.7555,21.6107
1.19951,3.17267,,1001.52,-1.86363,6880.73,,-0.206015,-3.39489,,-5.99242,16.9606
1.20185,3.27153,,1001.87,1.32154,8487.95,,-0.21236,-3.4578,,-5.53717,14.7804
1.20408,3.36619,,1005.05,-124.251,23148.4,,-0.228461,-3.23539,,-5.48272,19.7626
1.20573,3.47428,,1001.52,-311.877,6901.96,,-0.231417,-2.95418,,-4.84547,8.9354
1.20681,3.57695,,1000.46,-237.694,2062.54,,-0.216638,-3.11306,,-4.52994,3.66166
1.20707,3.67229,,1004.57,-279.19,20894.3,,-0.211502,-3.06913,,-4.54888,14.9261
1.20735,3.77199,,1005.91,-381.073,27158.9,,-0.195393,-2.93517,,-4.2602,18.5091
1.3,-0.3,,1010.33,0,48069,,0,0,,0,0
1.3,-0.2,,1010.12,0,47088,,0,0,,0,0
1.3,-0.1,,1009.92,0,46107,,0,0,,0,0
1.32762,-0.881496,,1002.64,-879.187,12028,,1.17076,-4.81124,,-1.95095,-21.1587
1.32143,-0.803182,,1009.39,-1063.22,43575.9,,1.16454,-5.10088,,-1.62455,-46.1106
1.31204,-0.743338,,1003.64,-191.623,16605.8,,1.02172,-3.93214,,-2.86792,-26.8341
1.30133,-0.694259,,995.768,-464.733,-18857.4,,0.919644,-4.34158,,-4.28969,-5.38022
1.29111,-0.632876,,998.718,-530.665,-5761.75,,0.811355,-4.4948,,-4.6943,-16.4083
1.28275,-0.548421,,1012.21,136.253,57177,,0.674493,-2.97771,,-4.42378,-45.0126
1.28589,-0.64379,,945.853,1198.92,-208047,,0.50092,-1.34252,,-9.46558,108.73
1.28612,-0.464871,,1010.5,-1899.24,48910.9,,0.641941,-9.45561,,-5.25378,-37.9722
1.269,-0.0770599,,1038.67,-119.36,196125,,0.161438,-5.62397,,-5.32898,-8.94743
1.26199,0.132335,,1020.16,-203.939,96654,,-0.102894,-4.2522,,-7.70041,-2.03729
1.26027,0.269375,,1008.5,-318.711,39326.5,,-0.203613,-3.55821,,-8.9122,-4.10211
1.25988,0.371245,,1002.52,-378.135,11464.9,,-0.241096,-3.1424,,-9.57948,-5.93146
1.2594,0.456907,,999.728,-403.207,-1225.26,,-0.255172,-2.88937,,-10.1143,-7.74946
1.2586,0.537336,,998.806,-408.212,-5369.81,,-0.258981,-2.73868,,-10.7116,-9.93326
1.25775,0.618975,,999.173,-399.067,-3724.04,,-0.255501,-2.65949,,-11.4849,-12.661
1.25732,0.705283,,1000.59,-378.059,2688.66,,-0.244355,-2.63797,,-12.517,-15.916
1.2577,0.797419,,1002.93,-346.645,13340.4,,-0.22503,-2.66588,,-13.8579,-19.4142
1.25911,0.894631,,1005.95,-306.373,27315.8,,-0.198292,-2.73074,,-15.4903,-22.5584
1.26146,0.994825,,1009.24,-258.705,42868.7,,-0.166343,-2.81237,,-17.3008,-24.5604
1.26443,1.0956,,1012.34,-204.744,57766.7,,-0.132171,-2.88964,,-19.104,-24.7592
1.26762,1.19518,,1014.86,-145.384,70131.4,,-0.0987058,-2.95017,,-20.7118,-22.897
1.27072,1.2931,,1016.65,-81.7093,79005.3,,-0.0679691,-2.99038,,-21.9951,-19.0956
1.27359,1.38989,,1017.7,-15.1013,84228.3,,-0.0403712,-3.01012,,-22.8801,-13.6714
1.2762,1.48621,,1018.07,52.7266,86078.2,,-0.0152254,-3.01391,,-23.3207,-7.04667
1.27854,1.58225,,1017.85,119.458,85018.1,,0.00786037,-3.01359,,-23.2971,0.265926
1.28061,1.67809,,1017.17,181.684,81599.9,,0.0288201,-3.02064,,-22.8194,7.74944
1.2824,1.77396,,1016.14,235.853,76434.6,,0.0473076,-3.04246,,-21.9201,14.9377
1.28392,1.87029,,1014.87,279.464,70168.3,,0.0627502,-3.08223,,-20.6472,21.4509
1.2852,1.96748,,1013.49,311.036,63418.2,,0.0743104,-3.13985,,-19.0603,27.0016
1.28626,2.06596,,1012.11,329.709,56685.8,,0.0808701,-3.21198,,-17.2304,31.4214
1.28709,2.16599,,1010.79,334.965,50310.2,,0.0810895,-3.29271,,-15.2404,34.6205
1.28768,2.2677,,1009.58,326.831,44471.8,,0.0736455,-3.37404,,-13.1833,36.5779
1.28803,2.37095,,1008.45,306.194,39123.6,,0.057669,-3.44651,,-11.1558,37.3458
1.28821,2.47522,,1007.36,274.97,33944,,0.0333213,-3.50182,,-9.25095,37.0339
1.28835,2.57926,,1006.2,236.202,28522.4,,0.00244589,-3.53868,,-7.54819,35.7795
1.28869,2.68091,,1005.04,194.442,23102,,-0.0312323,-3.5665,,-6.09909,33.7561
1.28944,2.77858,,1004.2,154.159,19197.5,,-0.0640237,-3.58891,,-4.9092,31.2865
1.29057,2.87467,,1003.81,112.715,17383.5,,-0.0954912,-3.57819,,-3.93939,28.6718
1.29195,2.97347,,1003.29,63.9946,15013,,-0.12543,-3.52369,,-3.14415,25.5847
1.29364,3.07386,,1002.63,10.8718,11967.5,,-0.150473,-3.45491,,-2.51861,21.9661
1.29553,3.17639,,1001.37,-43.4516,6198.23,,-0.168696,-3.38732,,-2.02475,16.9515
1.29768,3.2747,,1001.79,-41.9392,8139.88,,-0.175455,-3.44518,,-1.76977,14.7609
1.2997,3.36854,,1005.2,-178.12,23838.2,,-0.188356,-3.20002,,-1.82677,20.2131
1.30141,3.47641,,1001.55,-388.915,7021.04,,-0.193303,-2.87989,,-1.56981,9.02924
1.30301,3.57911,,1000.15,-335.032,676.969,,-0.180141,-3.00814,,-1.52361,2.74335
1.30392,3.67449,,1003.89,-397.277,17755.4,,-0.172768,-2.93521,,-1.75499,12.8428
1.30449,3.77408,,1004.91,-507.788,22469.9,,-0.159886,-2.7883,,-1.82267,15.3088
1.4,-0.3,,1010.33,0,48069,,0,0,,0,0
1.4,-0.2,,1010.12,0,47088,,0,0,,0,0
1.4,-0.1,,1009.92,0,46107,,0,0,,0,0
1.42014,-0.871674,,1007.23,-552.906,33322.4,,1.18803,-4.44178,,-0.044053,-39.0066
1.41587,-0.797377,,1010.16,-777.884,47291.7,,1.20311,-4.7666,,0.321247,-49.0526
1.40794,-0.739417,,1002.86,-3.55988,13010.9,,1.04645,-3.71197,,-1.25551,-24.8587
1.39845,-0.69077,,994.652,-351.076,-23750,,0.963076,-4.23397,,-2.92347,-2.98722
1.38952,-0.628281,,998.027,-426.163,-8852,,0.872228,-4.40509,,-2.67321,-15.5546
1.38244,-0.546036,,1010.2,247.445,47475.7,,0.72077,-2.85624,,-1.26682,-41.8539
1.39078,-0.641327,,943.987,1242.51,-214039,,0.472286,-1.36728,,-10.9847,111.535
1.39643,-0.464778,,1007.3,-1840.37,33652.8,,0.88548,-9.47317,,-1.69811,-34.4022
1.37682,-0.0807453,,1036.1,-71.1121,181664,,0.374895,-5.78655,,-0.281912,-10.0407
1.36811,0.130444,,1017.91,-176.728,85304,,0.0756912,-4.35333,,-2.86443,-2.78963
1.36524,0.268315,,1006.51,-308.927,29969.2,,-0.0476933,-3.61641,,-4.05959,-4.62564
1.36409,0.370265,,1000.82,-376.885,3705.01,,-0.103423,-3.17724,,-4.70145,-6.4069
1.36316,0.455847,,998.289,-406.364,-7681.99,,-0.13322,-2.90959,,-5.21284,-8.3025
1.36216,0.536384,,997.626,-413.594,-10636.3,,-0.150974,-2.74705,,-5.7747,-10.6571
1.36131,0.61845,,998.273,-404.831,-7751.5,,-0.159998,-2.65691,,-6.48851,-13.6381
1.36099,0.705476,,1000.01,-382.237,33.4136,,-0.159911,-2.62556,,-7.42439,-17.2074
1.36152,0.798471,,1002.67,-347.257,12159,,-0.150026,-2.64566,,-8.61714,-21.0239
1.36295,0.896483,,1006,-301.794,27552.4,,-0.131131,-2.70525,,-10.0385,-24.399
1.36506,0.997235,,1009.53,-248.021,44252,,-0.105971,-2.78415,,-11.5809,-26.4598
1.36747,1.09824,,1012.77,-187.875,59879,,-0.0784325,-2.86102,,-13.0862,-26.519
1.36987,1.19778,,1015.35,-123.021,72548.4,,-0.052028,-2.92318,,-14.4048,-24.3608
1.37208,1.29553,,1017.13,-54.9405,81404.6,,-0.0286011,-2.96601,,-15.4393,-20.1705
1.37414,1.39215,,1018.13,14.9649,86412,,-0.00790993,-2.98783,,-16.1325,-14.3039
1.3761,1.48834,,1018.44,85.0481,87936.2,,0.0111152,-2.99314,,-16.4453,-7.21526
1.378,1.58424,,1018.15,153.06,86484.3,,0.0291607,-2.99427,,-16.3594,0.551927
1.37983,1.67991,,1017.38,215.596,82629.5,,0.0463805,-3.0031,,-15.882,8.45782
1.38157,1.77561,,1016.25,269.127,76989.4,,0.0626015,-3.02717,,-15.0401,16.0205
1.38321,1.87176,,1014.88,311.188,70209,,0.077375,-3.06984,,-13.8734,22.8487
1.38474,1.96879,,1013.39,340.297,62908.2,,0.0899357,-3.13124,,-12.4334,28.6441
1.38615,2.06709,,1011.89,355.514,55600.9,,0.0991552,-3.20827,,-10.7836,33.2286
1.3874,2.16692,,1010.45,356.265,48653.4,,0.103534,-3.29531,,-9.00095,36.5032
1.38841,2.26835,,1009.12,342.599,42294.4,,0.101412,-3.38454,,-7.17342,38.4425
1.38911,2.37125,,1007.91,315.581,36552.4,,0.0913903,-3.46634,,-5.39275,39.0997
1.38949,2.47521,,1006.77,277.502,31198.9,,0.0728748,-3.53135,,-3.74594,38.5924
1.3896,2.57923,,1005.63,231.881,25862.2,,0.0467011,-3.57572,,-2.30647,37.0756
1.38962,2.68138,,1004.52,183.691,20654.8,,0.0157202,-3.60615,,-1.1193,34.7458
1.3898,2.77979,,1003.71,137.918,16930.3,,-0.0159967,-3.62721,,-0.178256,31.9499
1.39028,2.87629,,1003.38,92.248,15427.2,,-0.0464397,-3.61264,,0.561877,29.0426
1.39105,2.97537,,1002.95,38.9161,13417.2,,-0.0754708,-3.54624,,1.12509,25.7028
1.39213,3.07646,,1002.2,-20.1667,10009.2,,-0.100363,-3.46015,,1.51571,21.6602
1.39353,3.17968,,1000.73,-77.3605,3289.23,,-0.118524,-3.38581,,1.75669,15.9562
1.39527,3.27774,,1001.19,-72.2652,5372.74,,-0.124982,-3.44981,,1.82599,13.4827
1.39687,3.37093,,1004.82,-217.766,22082.9,,-0.134838,-3.18209,,1.66449,19.1974
1.39841,3.47942,,1000.67,-441.254,3016.98,,-0.141577,-2.83898,,1.56849,6.41338
1.40036,3.58217,,998.971,-368.895,-4629.75,,-0.129378,-2.99332,,1.33525,-1.0761
1.40177,3.67673,,1003.02,-425.307,13754.8,,-0.120277,-2.92446,,0.878781,9.79913
1.40248,3.77579,,1004.19,-546.718,19128.7,,-0.11207,-2.75825,,0.482887,12.6898
1.5,-0.3,,1010.33,0,48069,,0,0,,0,0
1.5,-0.2,,1010.12,0,47088,,0,0,,0,0
1.5,-0.1,,1009.92,0,46107,,0,0,,0,0
1.51677,-0.858145,,1013.61,-141.937,64001.6,,1.17417,-3.97155,,2.3849,-63.1693
1.51446,-0.790017,,1010.95,-395.382,51046.4,,1.19776,-4.31067,,1.83201,-51.6303
1.50867,-0.734102,,1001.91,222.82,8671.58,,1.05421,-3.44701,,-0.0463553,-22.0274
1.50099,-0.685487,,993.477,-187.094,-28866.7,,0.995511,-4.06065,,-1.69571,-0.0923568
1.49367,-0.622589,,996.768,-288.887,-14442,,0.927238,-4.27391,,-1.00231,-12.9339
1.48759,-0.541744,,1007.96,380.612,36787.7,,0.77852,-2.70926,,0.96141,-37.8488
1.49674,-0.636212,,942.481,1322.68,-218827,,0.488471,-1.32622,,-10.6865,113.543
1.50376,-0.465191,,1003.39,-1781.75,15451.8,,0.992687,-9.48441,,0.487564,-29.3733
1.48495,-0.0848516,,1033.59,-6.19822,167721,,0.502735,-5.96632,,3.06647,-11.2397
1.47678,0.127946,,1015.95,-126.329,75523.9,,0.207502,-4.47255,,0.87374,-3.46948
1.474,0.266478,,1004.86,-275.587,22234.2,,0.0813473,-3.69509,,-0.0355307,-5.0508
1.47269,0.368516,,999.411,-353.488,-2654.46,,0.0183354,-3.2333,,-0.523383,-6.80534
1.47153,0.454165,,997.088,-389.215,-13024.5,,-0.0208207,-2.94994,,-0.947827,-8.79587
1.47033,0.535025,,996.62,-400.522,-15099.2,,-0.0486462,-2.77334,,-1.44464,-11.327
1.46936,0.617726,,997.472,-393.912,-11323.7,,-0.0677283,-2.66948,,-2.08844,-14.5518
1.46897,0.705603,,999.427,-371.438,-2582.88,,-0.0772432,-2.62538,,-2.92799,-18.4042
1.46938,0.79948,,1002.31,-334.603,10504,,-0.0761977,-2.63486,,-3.97708,-22.4818
1.47057,0.898197,,1005.82,-285.735,26712.3,,-0.0652717,-2.68681,,-5.19272,-26.0141
1.47222,0.999333,,1009.46,-227.692,43929,,-0.0474301,-2.76142,,-6.47183,-28.0698
1.47396,1.10039,,1012.74,-163.111,59729.2,,-0.0269848,-2.83731,,-7.68509,-27.9636
1.47555,1.19978,,1015.3,-94.2617,72298.2,,-0.00756843,-2.901,,-8.72263,-25.529
1.47696,1.29734,,1017.03,-22.9146,80896.4,,0.0093533,-2.94617,,-9.51685,-20.9996
1.47828,1.39385,,1017.97,49.4885,85583.7,,0.0243283,-2.96965,,-10.0266,-14.7523
1.47963,1.48999,,1018.2,121.321,86770.9,,0.0383305,-2.97602,,-10.2222,-7.26371
1.48103,1.58586,,1017.85,190.33,84976.6,,0.0520586,-2.978,,-10.0881,0.89826
1.48247,1.68147,,1017.01,253.043,80775.8,,0.0657584,-2.98783,,-9.62916,9.17209
1.48393,1.7771,,1015.8,305.937,74776.9,,0.0793998,-3.01319,,-8.86579,17.0612
1.48541,1.8732,,1014.35,346.576,67610.7,,0.0927323,-3.05764,,-7.82914,24.1621
1.48691,1.97019,,1012.77,373.476,59889.4,,0.105202,-3.12155,,-6.56157,30.1646
1.48841,2.06844,,1011.17,385.61,52127.9,,0.115839,-3.20219,,-5.11804,34.8793
1.48984,2.16813,,1009.62,382.34,44706.3,,0.123153,-3.29435,,-3.56817,38.1969
1.49109,2.26927,,1008.19,363.727,37887,,0.125323,-3.39057,,-1.99246,40.0878
1.49201,2.37168,,1006.89,331.01,31764.9,,0.120635,-3.48145,,-0.474346,40.6067
1.49252,2.47496,,1005.71,286.844,26223.3,,0.108025,-3.55723,,0.909183,39.8799
1.49262,2.57836,,1004.59,235.226,21008,,0.0876349,-3.61211,,2.09561,38.0798
1.4924,2.68031,,1003.55,181.446,16207.9,,0.0613943,-3.64891,,3.04876,35.4283
1.4921,2.77912,,1002.84,130.568,12931.8,,0.0328675,-3.66995,,3.77947,32.2878
1.49195,2.87628,,1002.59,80.5,11793.9,,0.00476202,-3.65082,,4.32987,29.0217
1.49205,2.97597,,1002.23,22.9259,10129.8,,-0.0223309,-3.57433,,4.70374,25.3282
1.49245,3.07797,,1001.43,-42.0139,6477.44,,-0.0462315,-3.47054,,4.8951,20.7766
1.49323,3.18243,,999.638,-101.988,-1631.36,,-0.0641846,-3.38936,,4.91167,14.0734
1.49441,3.28049,,1000.1,-88.1466,453.704,,-0.0702403,-3.47097,,4.8257,11.0809
1.4954,3.37318,,1003.97,-241.817,18141.6,,-0.0775902,-3.18114,,4.58893,16.8672
1.49657,3.48302,,998.973,-466.217,-4618.57,,-0.0865461,-2.83352,,4.17349,1.36336
1.49872,3.58566,,997.119,-338.889,-12889.5,,-0.0753717,-3.06682,,3.6938,-7.16776
1.50054,3.67853,,1002.17,-369.118,9859.94,,-0.0641338,-3.02674,,3.07153,6.52326
1.5013,3.77667,,1003.91,-506.643,17866.5,,-0.0599648,-2.83175,,2.42084,11.2658
1.6,-0.3,,1010.33,0,48069,,0,0,,0,0
1.6,-0.2,,1010.12,0,47088,,0,0,,0,0
1.6,-0.1,,1009.92,0,46107,,0,0,,0,0
1.61598,-0.842335,,1021.22,325.589,102050,,1.11627,-3.43234,,4.73866,-91.2471
1.61529,-0.782139,,1011.67,49.3761,54523.5,,1.13604,-3.77804,,2.77278,-53.6931
1.61204,-0.728264,,1000.94,470.646,4274.42,,1.02572,-3.16304,,0.757908,-18.8461
1.60665,-0.679496,,992.335,14.5183,-33805.7,,0.991727,-3.84224,,-0.664453,3.05643
1.60131,-0.616955,,995.118,-131.141,-21710.7,,0.947758,-4.12515,,0.202678,-8.99155
1.59639,-0.536491,,1005.83,527.489,26755.7,,0.818685,-2.55875,,2.34419,-33.7115
1.60386,-0.629754,,941.406,1439.82,-222215,,0.519185,-1.22519,,-9.05192,114.818
1.60976,-0.466201,,999.384,-1721.45,-2775.62,,0.997879,-9.49685,,1.72964,-23.7058
1.59334,-0.0889641,,1031.42,71.1999,155894,,0.557256,-6.14855,,4.96149,-12.3387
1.58665,0.125216,,1014.51,-57.6467,68406.3,,0.289231,-4.5987,,3.397,-3.98159
1.58447,0.264189,,1003.75,-222.267,17114.6,,0.172408,-3.78547,,2.85975,-5.32781
1.58328,0.366262,,998.517,-310.494,-6661.47,,0.109739,-3.30343,,2.56579,-7.09288
1.58205,0.452056,,996.339,-353.668,-16338.9,,0.0667962,-3.00459,,2.25249,-9.20139
1.58074,0.533374,,995.987,-370.551,-17892.7,,0.0333543,-2.81292,,1.83612,-11.9152
1.57967,0.616826,,996.95,-367.739,-13639.6,,0.00789077,-2.69373,,1.27065,-15.3696
1.57916,0.705596,,999.013,-347.168,-4442.17,,-0.00828154,-2.63508,,0.529674,-19.4648
1.57937,0.800299,,1001.98,-310.416,9008.16,,-0.0139322,-2.63217,,-0.378813,-23.738
1.5802,0.899586,,1005.53,-260.196,25372.3,,-0.00964471,-2.67502,,-1.39757,-27.3543
1.58131,1.00094,,1009.16,-199.91,42471.6,,0.00158279,-2.7445,,-2.42924,-29.3533
1.58236,1.10191,,1012.37,-132.729,57929,,0.0154337,-2.81911,,-3.37317,-29.0756
1.5832,1.20109,,1014.85,-61.3547,70052.7,,0.0286251,-2.88403,,-4.15502,-26.4002
1.5839,1.29849,,1016.49,12.1915,78207.9,,0.0401867,-2.93094,,-4.7317,-21.5904
1.58459,1.39494,,1017.35,86.3495,82509.6,,0.0505635,-2.9557,,-5.07761,-15.0327
1.58535,1.49108,,1017.53,159.473,83370.2,,0.0604654,-2.96277,,-5.17292,-7.2166
1.58622,1.58696,,1017.11,229.229,81297.1,,0.0705068,-2.96517,,-5.00533,1.2717
1.58719,1.68257,,1016.22,292.063,76849.9,,0.0809496,-2.9754,,-4.57759,9.85231
1.58825,1.77822,,1014.96,344.435,70612.7,,0.0918941,-3.00125,,-3.90419,18.0159
1.58941,1.87438,,1013.45,383.93,63191.2,,0.103303,-3.04647,,-3.00862,25.3465
1.59069,1.97147,,1011.8,409.04,55180.9,,0.114879,-3.11167,,-1.92509,31.5205
1.59209,2.06979,,1010.12,418.634,47090,,0.125876,-3.19457,,-0.700378,36.3348
1.59352,2.16944,,1008.49,412.002,39302.8,,0.134915,-3.29048,,0.604339,39.6689
1.59483,2.27033,,1006.97,389.218,32101.5,,0.140149,-3.39239,,1.91824,41.49
1.59584,2.37219,,1005.59,351.693,25634.2,,0.139717,-3.49131,,3.16918,41.8562
1.5964,2.47462,,1004.35,302.438,19894.4,,0.132306,-3.57758,,4.29329,40.9036
1.59645,2.57702,,1003.24,245.877,14781.7,,0.117646,-3.644,,5.2424,38.8216
1.59606,2.67827,,1002.3,187.467,10432.1,,0.0969527,-3.68934,,5.9918,35.8539
1.59539,2.77721,,1001.69,132.008,7687.78,,0.072988,-3.71175,,6.55324,32.3631
1.59471,2.87514,,1001.52,77.6281,6876.13,,0.0484425,-3.68886,,6.95747,28.6896
1.59419,2.97554,,1001.22,16.4079,5545.78,,0.0243571,-3.60543,,7.19215,24.5755
1.59394,3.07847,,1000.4,-54.1416,1814.14,,0.00248527,-3.48443,,7.23788,19.4782
1.59411,3.18458,,998.215,-117.029,-8011.6,,-0.0148661,-3.39619,,7.07466,11.5387
1.59468,3.28281,,998.655,-90.2831,-6043.37,,-0.0206977,-3.50528,,6.87978,7.84526
1.59496,3.37513,,1002.77,-251.082,12598.1,,-0.0261406,-3.19439,,6.61447,13.5649
1.59565,3.48686,,996.676,-466.379,-14849.2,,-0.0377737,-2.85836,,5.93317,-5.48875
1.59789,3.5892,,994.82,-255.84,-23016.8,,-0.0282028,-3.21179,,5.27961,-14.7733
1.60001,3.6797,,1001.43,-246.221,6487.66,,-0.0142731,-3.21742,,4.60161,3.398
1.60079,3.77662,,1004.08,-404.981,18636.2,,-0.0122662,-2.98529,,3.80646,11.0968
1.7,-0.3,,1010.33,0,48069,,0,0,,0,0
1.7,-0.2,,1010.12,0,47088,,0,0,,0,0
1.7,-0.1,,1009.92,0,46107,,0,0,,0,0
1.7159,-0.82602,,1029.24,806.531,144130,,1.00671,-2.87282,,6.30549,-120.302
1.71624,-0.774758,,1012.28,510.294,57508.8,,1.01599,-3.22573,,3.11164,-55.2227
1.71541,-0.722799,,1000.08,716.183,380.973,,0.946395,-2.89018,,1.18759,-15.7858
1.7124,-0.673891,,991.323,230.079,-38151.9,,0.932204,-3.60946,,0.0932877,6.12829
1.7091,-0.612372,,993.335,27.3241,-29482.2,,0.909635,-3.98577,,0.920454,-4.42607
1.70551,-0.53132,,1004.1,673.43,18719.5,,0.810754,-2.42675,,2.98422,-30.1022
1.71039,-0.623218,,940.77,1581.69,-224209,,0.531088,-1.08495,,-6.76474,115.484
1.71402,-0.467658,,995.754,-1663.4,-18917.8,,0.922224,-9.5136,,2.3078,-18.1373
1.70052,-0.0926919,,1029.8,152.239,147095,,0.546007,-6.31812,,5.61678,-13.2239
1.69547,0.122592,,1013.68,19.1435,64307,,0.317689,-4.71972,,4.66266,-4.29749
1.69395,0.26178,,1003.25,-158.237,14826.7,,0.216813,-3.87713,,4.44813,-5.45613
1.69299,0.363822,,998.191,-256.076,-8118.57,,0.159743,-3.37818,,4.3217,-7.26826
1.69183,0.449796,,996.097,-306.866,-17407.1,,0.117994,-3.06516,,4.11393,-9.51157
1.69056,0.531628,,995.788,-329.942,-18768.8,,0.0837303,-2.85871,,3.78329,-12.4071
1.68949,0.615847,,996.773,-331.888,-14423.6,,0.0563444,-2.72411,,3.30575,-16.0693
1.68893,0.705454,,998.835,-314.521,-5237.21,,0.0374188,-2.65067,,2.67286,-20.3617
1.68896,0.800863,,1001.77,-279.456,8035.81,,0.0282019,-2.63511,,1.90953,-24.7676
1.68944,0.900569,,1005.24,-229.634,23998.4,,0.0280899,-2.66869,,1.08168,-28.4074
1.69005,1.002,,1008.74,-168.799,40489.3,,0.0342126,-2.73303,,0.277065,-30.3191
1.69051,1.10282,,1011.82,-100.494,55246.1,,0.0427213,-2.8063,,-0.429059,-29.8811
1.69076,1.2018,,1014.17,-27.724,66714.7,,0.0510361,-2.87191,,-0.989742,-27.0075
1.69091,1.29907,,1015.71,47.1943,74337.9,,0.0585078,-2.91995,,-1.38083,-21.9765
1.69109,1.39549,,1016.5,122.563,78239.8,,0.065304,-2.94567,,-1.59108,-15.1793
1.69138,1.49165,,1016.61,196.635,78806,,0.0719365,-2.9532,,-1.60834,-7.1088
1.69178,1.58755,,1016.15,266.976,76519.1,,0.0789073,-2.95574,,-1.42331,1.63581
1.6923,1.68319,,1015.22,329.955,71912.2,,0.0864771,-2.96598,,-1.03711,10.4609
1.69293,1.77892,,1013.93,382.016,65535.4,,0.0948427,-2.99173,,-0.459727,18.8466
1.69372,1.87522,,1012.38,420.738,57963,,0.10414,-3.03688,,0.291273,26.3648
1.69471,1.9725,,1010.68,444.567,49770.3,,0.114288,-3.10234,,1.18815,32.677
1.6959,2.07098,,1008.94,452.247,41454.9,,0.124759,-3.18632,,2.1916,37.5649
1.6972,2.17068,,1007.24,442.991,33398.6,,0.134344,-3.28465,,3.24977,40.8965
1.69844,2.27139,,1005.64,416.894,25893.2,,0.141299,-3.39082,,4.30347,42.637
1.69942,2.37274,,1004.19,375.544,19125.4,,0.143785,-3.49633,,5.29414,42.85
1.69996,2.47427,,1002.9,322.292,13186.9,,0.140422,-3.59184,,6.1727,41.6831
1.69996,2.5755,,1001.79,261.922,8133.58,,0.130746,-3.66927,,6.90609,39.3422
1.69945,2.67581,,1000.92,199.904,4180.18,,0.115504,-3.72364,,7.48122,36.0861
1.69856,2.77468,,1000.42,140.54,1914.3,,0.0966907,-3.7484,,7.90885,32.2612
1.69754,2.87336,,1000.29,82.2206,1318.89,,0.0765683,-3.72322,,8.20525,28.1631
1.69659,2.97445,,1000.06,18.1215,283.793,,0.0564032,-3.63649,,8.34924,23.605
1.69585,3.07818,,999.252,-57.5368,-3368.14,,0.0376258,-3.49983,,8.30984,17.9778
1.69553,3.18616,,996.627,-123.55,-15069.2,,0.021602,-3.40434,,8.02757,8.6827
1.69555,3.28468,,997.02,-81.3989,-13329.8,,0.0159205,-3.54742,,7.77874,4.17676
1.69517,3.37668,,1001.38,-248.295,6236.18,,0.0119836,-3.21741,,7.53524,9.75594
1.69539,3.49059,,994.062,-448.05,-26324.3,,-0.00209732,-2.90371,,6.6751,-13.2785
1.69759,3.59251,,992.317,-138.115,-33880.5,,0.00513659,-3.40138,,5.94529,-23.0549
1.69987,3.68022,,1000.82,-81.5912,3711.6,,0.0215428,-3.46234,,5.33108,0.584228
1.70065,3.77577,,1004.57,-264.52,20905,,0.02337,-3.18855,,4.51833,11.8935
1.8,-0.3,,1010.33,0,48069,,0,0,,0,0
1.8,-0.2,,1010.12,0,47088,,0,0,,0,0
1.8,-0.1,,1009.92,0,46107,,0,0,,0,0
1.81481,-0.810937,,1036.86,1252.27,185914,,0.844966,-2.34861,,6.6463,-147.383
1.81556,-0.768581,,1012.77,939.903,59904.5,,0.843697,-2.71103,,2.92563,-56.2969
1.8165,-0.718322,,999.396,935.083,-2721.47,,0.809948,-2.65442,,1.28716,-13.1667
1.81543,-0.669371,,990.515,432.295,-41604.5,,0.808234,-3.39289,,0.523252,8.7962
1.8138,-0.609288,,991.664,166.478,-36688.1,,0.80064,-3.87435,,1.19185,0.0494813
1.81145,-0.52699,,1002.9,801.961,13186.4,,0.733499,-2.32615,,2.98628,-27.3871
1.8139,-0.617611,,940.474,1726.18,-225132,,0.496505,-0.935704,,-4.51052,115.774
1.81527,-0.46913,,992.853,-1612.22,-31566.3,,0.780731,-9.53411,,2.38157,-13.355
1.80477,-0.095644,,1028.73,226.991,141368,,0.477455,-6.46155,,5.27398,-13.8587
1.80119,0.120407,,1013.35,92.3237,62722.6,,0.295501,-4.82463,,4.78388,-4.45083
1.80023,0.259614,,1003.24,-94.8363,14741,,0.214354,-3.95974,,4.78114,-5.47756
1.79954,0.361567,,998.299,-200.699,-7635.83,,0.166685,-3.44763,,4.76552,-7.35764
1.79857,0.44771,,996.242,-258.27,-16766.3,,0.130308,-3.1226,,4.64101,-9.73564
1.79748,0.530025,,995.924,-287.174,-18170.4,,0.0995486,-2.90297,,4.39314,-12.7974
1.79655,0.614931,,996.867,-293.96,-14004.3,,0.074397,-2.75439,,4.0118,-16.6365
1.79603,0.705242,,998.855,-280.33,-5149.52,,0.056401,-2.66757,,3.49983,-21.08
1.79596,0.801196,,1001.68,-247.826,7598.43,,0.0465801,-2.64068,,2.8906,-25.5664
1.79617,0.901175,,1004.99,-199.424,22835,,0.0442647,-2.6661,,2.24904,-29.1914
1.7964,1.0026,,1008.32,-139.044,38472.8,,0.0470045,-2.72599,,1.64957,-31.0084
1.79646,1.10325,,1011.22,-70.4893,52389.8,,0.0518069,-2.79794,,1.14688,-30.4331
1.79635,1.20207,,1013.44,2.97603,63156.5,,0.0568137,-2.86374,,0.768916,-27.4036
1.79617,1.29926,,1014.89,78.7551,70256.2,,0.0614049,-2.91254,,0.524437,-22.2075
1.79605,1.39566,,1015.6,154.992,73789.7,,0.0656167,-2.93897,,0.415517,-15.2349
1.79601,1.49183,,1015.67,229.79,74106.8,,0.0698228,-2.9468,,0.449118,-6.97697
1.79609,1.58775,,1015.17,300.635,71661.6,,0.0744174,-2.94932,,0.631891,1.95875
1.79627,1.68343,,1014.22,363.834,66956.7,,0.0796459,-2.95932,,0.963685,10.9692
1.79658,1.77925,,1012.9,415.812,60506.4,,0.085754,-2.9846,,1.43776,19.5271
1.79706,1.87573,,1011.32,454.133,52853.2,,0.0929701,-3.02914,,2.04054,27.1925
1.79776,1.97324,,1009.59,477.173,44552.5,,0.10135,-3.09416,,2.74994,33.6124
1.7987,2.07194,,1007.81,483.545,36090.6,,0.110543,-3.17833,,3.53374,38.5523
1.79979,2.17175,,1006.06,472.384,27843.6,,0.119554,-3.27801,,4.35022,41.8702
1.80087,2.27235,,1004.4,443.813,20105.2,,0.126869,-3.38712,,5.15316,43.5303
1.80174,2.37326,,1002.88,399.602,13089,,0.130838,-3.49763,,5.89861,43.6032
1.80221,2.47395,,1001.54,343.414,6966.6,,0.130187,-3.60064,,6.55208,42.249
1.80218,2.57404,,1000.43,280.324,1932.44,,0.124414,-3.68751,,7.09382,39.6889
1.80164,2.67335,,999.619,215.694,-1719.24,,0.113986,-3.75007,,7.51987,36.1901
1.80072,2.77205,,999.194,153.215,-3627.52,,0.100282,-3.77742,,7.83866,32.0701
1.7996,2.87143,,999.08,91.5746,-4140.49,,0.0849772,-3.75139,,8.05407,27.5688
1.79847,2.97306,,998.9,25.436,-4949.49,,0.069304,-3.66453,,8.14425,22.5892
1.79749,3.07741,,998.125,-54.5364,-8411.46,,0.0544499,-3.51472,,8.07283,16.4946
1.79691,3.18721,,995.064,-123.747,-21946.5,,0.0407187,-3.41207,,7.7433,5.86895
1.79656,3.28609,,995.387,-65.6802,-20528.7,,0.035443,-3.59121,,7.49297,0.525769
1.79574,3.3778,,999.977,-237.519,-104.335,,0.0328004,-3.24499,,7.30677,5.94507
1.79562,3.49393,,991.448,-419.346,-37614.8,,0.0176409,-2.95804,,6.39384,-21.0461
1.79763,3.59538,,989.87,-7.57755,-44347.4,,0.0222108,-3.6043,,5.69254,-31.1345
1.79988,3.68027,,1000.33,96.4761,1480.72,,0.0396273,-3.72269,,5.22479,-1.84047
1.80062,3.77443,,1005.22,-110.488,23930.5,,0.0423762,-3.40776,,4.50752,13.2215
1.9,-0.3,,1010.33,0,48069,,0,0,,0,0
1.9,-0.2,,1010.12,0,47088,,0,0,,0,0
1.9,-0.1,,1009.92,0,46107,,0,0,,0,0
1.912,-0.79847,,1043.31,1620.8,222731,,0.637833,-1.9098,,5.7388,-169.956
1.9127,-0.763909,,1013.15,1298.13,61715.2,,0.630491,-2.28176,,2.34887,-57.0343
1.91442,-0.715049,,998.895,1109.67,-4971.74,,0.620488,-2.4712,,1.11814,-11.1519
1.91452,-0.666131,,989.934,599.247,-44076.2,,0.62424,-3.21476,,0.63322,10.8535
1.91396,-0.607558,,990.278,273.684,-42612.3,,0.624463,-3.79636,,1.10246,3.87776
1.9126,-0.523787,,1002.17,901.813,9860.76,,0.584197,-2.2579,,2.48303,-25.5898
1.91335,-0.613424,,940.37,1851.63,-225460,,0.405481,-0.804009,,-2.69265,115.919
1.9132,-0.470231,,990.812,-1571.22,-40335.7,,0.589808,-9.55551,,2.04477,-9.77356
1.90569,-0.0976269,,1028.12,287.972,138107,,0.366106,-6.57086,,4.21166,-14.2653
1.90335,0.118863,,1013.35,152.953,62696,,0.23416,-4.90619,,4.01275,-4.49999
1.90283,0.257954,,1003.47,-41.0619,15837,,0.174982,-4.0258,,4.10803,-5.44506
1.90239,0.359777,,998.623,-152.943,-6186.64,,0.139355,-3.50424,,4.14489,-7.39517
1.90169,0.446044,,996.574,-215.862,-15300.1,,0.111464,-3.16992,,4.07744,-9.88986
1.90087,0.52875,,996.22,-249.593,-16863.6,,0.0874982,-2.93969,,3.90579,-13.0884
1.90018,0.614195,,997.095,-260.623,-12995.5,,0.0676912,-2.77983,,3.62732,-17.0654
1.89977,0.705033,,998.978,-250.487,-4596.05,,0.0532722,-2.68232,,3.24917,-21.6165
1.89967,0.801361,,1001.66,-220.591,7515.64,,0.0449291,-2.64652,,2.80316,-26.1476
1.89972,0.901495,,1004.8,-173.851,21959.7,,0.0420752,-2.66562,,2.34421,-29.7428
1.89974,1.00288,,1007.95,-114.272,36746.2,,0.0429664,-2.72201,,1.93016,-31.4747
1.89961,1.1034,,1010.7,-45.8441,49884.4,,0.0455765,-2.7927,,1.59925,-30.7901
1.89936,1.20211,,1012.8,27.9484,60035.7,,0.0484835,-2.85852,,1.36447,-27.6464
1.89908,1.29924,,1014.16,104.301,66691.5,,0.0511569,-2.90784,,1.22561,-22.3341
1.89884,1.39563,,1014.82,181.169,69920.9,,0.0536176,-2.93478,,1.18127,-15.2398
1.89867,1.4918,,1014.84,256.534,70041.6,,0.0561264,-2.9428,,1.23496,-6.8517
1.89859,1.58773,,1014.32,327.814,67482.5,,0.0589725,-2.94524,,1.39129,2.21842
1.89859,1.68344,,1013.35,391.278,62718.6,,0.0623653,-2.95492,,1.65049,11.3617
1.8987,1.77935,,1012.02,443.34,56232.1,,0.0665403,-2.97958,,2.00775,20.0452
1.89896,1.876,,1010.42,481.533,48538.8,,0.0717342,-3.02331,,2.45328,27.8197
1.89942,1.97374,,1008.67,504.166,40177.2,,0.0780533,-3.08756,,2.97016,34.3185
1.9001,2.07267,,1006.86,509.728,31623.5,,0.0852759,-3.17145,,3.53402,39.2931
1.90094,2.1726,,1005.07,497.283,23247.3,,0.0926593,-3.27174,,4.11411,42.593
1.90179,2.27313,,1003.37,466.987,15340.5,,0.099031,-3.38272,,4.67768,44.1828
1.90247,2.37369,,1001.79,420.775,8134.09,,0.103092,-3.49677,,5.19492,44.1401
1.90284,2.47368,,1000.41,362.584,1859.83,,0.103817,-3.60535,,5.64418,42.6367
1.9028,2.5728,,999.294,297.707,-3179.06,,0.100777,-3.69949,,6.01552,39.907
1.90235,2.67124,,998.525,231.339,-6624.85,,0.0942684,-3.76857,,6.31008,36.2215
1.90156,2.76975,,998.15,166.572,-8303.67,,0.085195,-3.79819,,6.53345,31.8641
1.90058,2.86971,,998.03,102.387,-8839.38,,0.0746544,-3.77222,,6.68217,27.0191
1.89955,2.97173,,997.881,34.9892,-9502.15,,0.0636431,-3.68721,,6.73956,21.682
1.89861,3.07646,,997.154,-48.2737,-12732.7,,0.0531102,-3.52738,,6.67214,15.2165
1.898,3.18786,,993.71,-120.423,-27856.3,,0.0426127,-3.41826,,6.36905,3.43358
1.89753,3.28708,,993.953,-48.0154,-26798.2,,0.0382581,-3.63051,,6.15976,-2.67103
1.8966,3.37854,,998.745,-223.474,-5640.9,,0.0367061,-3.27182,,6.04148,2.60752
1.89631,3.49663,,989.152,-388.647,-47389.4,,0.0228751,-3.01021,,5.22927,-27.8531
1.89796,3.59767,,987.737,113.739,-53341.3,,0.0251568,-3.78935,,4.65241,-38.1479
1.89991,3.68004,,999.944,259.884,-251.142,,0.0409733,-3.95967,,4.3532,-3.80359
1.90055,3.77297,,1005.87,32.0654,26951.3,,0.0444175,-3.60903,,3.80754,14.6362
2,-0.3,,1010.33,0,48069,,0,0,,0,0
2,-0.2,,1010.12,0,47088,,0,0,,0,0
2,-0.1,,1009.92,0,46107,,0,0,,0,0
2.00773,-0.789608,,1047.97,1882.05,250214,,0.396631,-1.59503,,3.84777,-186.09
2.00816,-0.760797,,1013.4,1554.69,62968.1,,0.389103,-1.97417,,1.51117,-57.5249
2.00966,-0.712943,,998.574,1230.19,-6408.18,,0.389621,-2.34691,,0.752358,-9.80573
2.01012,-0.664085,,989.567,717.101,-45631.4,,0.393753,-3.08884,,0.48792,12.2243
2.01004,-0.60675,,989.289,344.783,-46809.2,,0.396127,-3.74863,,0.759943,6.66199
2.00937,-0.521714,,1001.79,968.613,8111.13,,0.375769,-2.21676,,1.62746,-24.545
2.00932,-0.61072,,940.344,1942.89,-225540,,0.264936,-0.707343,,-1.37681,116.022
2.00868,-0.470883,,989.561,-1542.81,-45658,,0.365973,-9.57361,,1.3781,-7.46561
2.00417,-0.098752,,1027.82,330.714,136519,,0.228184,-6.6437,,2.69075,-14.4967
2.00287,0.117939,,1013.47,195.804,63290.4,,0.14825,-4.96135,,2.6354,-4.49859
2.00264,0.256876,,1003.76,-2.47556,17165,,0.112369,-4.07129,,2.73597,-5.39902
2.00241,0.358576,,998.963,-118.351,-4666.1,,0.0904959,-3.54365,,2.78031,-7.40575
2.002,0.444917,,996.909,-184.987,-13820.1,,0.0731205,-3.20302,,2.75037,-9.98656
2.00151,0.527889,,996.518,-222.165,-15551.8,,0.0580449,-2.96546,,2.65017,-13.2826
2.00109,0.613697,,997.328,-236.286,-11963,,0.0454975,-2.7978,,2.47969,-17.3544
2.00084,0.704873,,999.117,-228.775,-3972.06,,0.0362445,-2.69298,,2.24556,-21.9752
2.00075,0.801424,,1001.67,-200.918,7591.7,,0.0306778,-2.65118,,1.97077,-26.529
2.00074,0.901639,,1004.67,-155.552,21385.8,,0.028471,-2.66599,,1.69333,-30.0948
2.0007,1.00299,,1007.69,-96.6874,35509.8,,0.0286808,-2.71984,,1.45149,-31.7617
2.00057,1.10342,,1010.33,-28.4691,48068.3,,0.030033,-2.78959,,1.26545,-31.0018
2.00035,1.20206,,1012.34,45.4744,57772.9,,0.0315735,-2.85542,,1.13931,-27.7832
2.00012,1.29916,,1013.64,122.185,64109.4,,0.0329757,-2.9051,,1.07112,-22.3969
1.99992,1.39553,,1014.25,199.475,67122,,0.034261,-2.93238,,1.05882,-15.2259
1.99977,1.49171,,1014.25,275.234,67105.7,,0.0355818,-2.94053,,1.10405,-6.75545
1.99966,1.58764,,1013.71,346.835,64471.1,,0.0371208,-2.94288,,1.20968,2.40032
1.99961,1.68336,,1012.73,410.534,59672.3,,0.0390225,-2.95228,,1.37569,11.6291
1.99962,1.77934,,1011.39,462.73,53168.5,,0.0414573,-2.97638,,1.59937,20.3952
1.99974,1.87612,,1009.78,500.935,45456.1,,0.0446009,-3.01939,,1.8744,28.242
2.00001,1.97405,,1008.02,523.397,37061.9,,0.0485449,-3.08292,,2.19008,34.7926
2.00042,2.07315,,1006.19,528.511,28454.4,,0.0531673,-3.16639,,2.53093,39.7881
2.00095,2.17319,,1004.37,515.288,19997.7,,0.058008,-3.26689,,2.87805,43.072
2.00149,2.27369,,1002.63,483.907,11981.2,,0.062327,-3.37895,,3.21197,44.6096
2.00194,2.374,,1001.03,436.437,4646.09,,0.0652956,-3.49522,,3.51575,44.4844
2.00218,2.4735,,999.615,377.017,-1735.76,,0.0662505,-3.60746,,3.77789,42.8774
2.00215,2.57191,,998.489,311.086,-6787.48,,0.0649072,-3.70649,,3.99444,40.0324
2.00185,2.66971,,997.744,243.683,-10109.8,,0.0614354,-3.78001,,4.16782,36.2207
2.00133,2.76808,,997.395,177.431,-11663.1,,0.0563497,-3.81122,,4.30097,31.6969
2.00068,2.86845,,997.259,111.547,-12266.2,,0.0502529,-3.78569,,4.38888,26.6012
1.99997,2.97071,,997.128,43.4957,-12849.5,,0.043784,-3.70306,,4.42206,21.0049
1.9993,3.07565,,996.444,-41.939,-15876.4,,0.0375762,-3.53655,,4.37724,14.2849
1.99886,3.18821,,992.715,-116.36,-32164.5,,0.0310156,-3.42244,,4.16566,1.64958
1.99848,3.28771,,992.887,-33.1154,-31420.3,,0.028146,-3.66,,4.02789,-5.03714
1.99776,3.37898,,997.832,-210.841,-9719.91,,0.0273976,-3.29303,,3.96742,0.142975
1.9975,3.49852,,987.45,-363.491,-54544.8,,0.0176465,-3.05068,,3.40698,-32.8854
1.9986,3.59927,,986.159,206.427,-59925.8,,0.0184947,-3.92926,,3.02925,-43.3219
1.99993,3.67977,,999.673,383.987,-1472.94,,0.0296454,-4.13896,,2.87307,-5.21107
2.00038,3.77178,,1006.37,140.988,29321.7,,0.0325794,-3.76222,,2.53655,15.7706
2.1,-0.3,,1010.33,0,48069,,0,0,,0,0
2.1,-0.2,,1010.12,0,47088,,0,0,,0,0
2.1,-0.1,,1009.92,0,46107,,0,0,,0,0
2.10266,-0.785006,,1050.41,2017.27,264917,,0.134556,-1.43074,,1.35031,-194.484
2.10279,-0.759237,,1013.54,1688.62,63633.1,,0.131471,-1.81357,,0.520872,-57.7874
2.10338,-0.711914,,998.42,1291.77,-7097.77,,0.132815,-2.28399,,0.264766,-9.13853
2.1036,-0.663099,,989.391,778.013,-46375.6,,0.134488,-3.02357,,0.181088,12.905
2.10362,-0.606459,,988.773,380.03,-48989.9,,0.135643,-3.7261,,0.269504,8.13038
2.10342,-0.520702,,1001.63,1001.86,7378.43,,0.129574,-2.19758,,0.565171,-24.0712
2.10332,-0.609397,,940.345,1990.9,-225535,,0.0920457,-0.656069,,-0.416768,116.071
2.103,-0.471191,,988.968,-1528.46,-48166.7,,0.123943,-9.58407,,0.486256,-6.3356
2.1015,-0.0992582,,1027.71,352.698,135921,,0.077303,-6.68026,,0.922662,-14.6023
2.10108,0.117509,,1013.57,218.007,63789.5,,0.0505241,-4.98921,,0.915188,-4.48676
2.10102,0.25635,,1003.95,17.651,18021,,0.0385124,-4.09444,,0.95656,-5.36764
2.10095,0.357979,,999.172,-100.255,-3727.45,,0.0311569,-3.56379,,0.975345,-7.40566
2.10082,0.444357,,997.113,-168.788,-12915.9,,0.0252827,-3.21994,,0.967628,-10.0322
2.10066,0.527463,,996.699,-207.738,-14749.8,,0.020167,-2.97864,,0.935245,-13.3799
2.10052,0.613449,,997.471,-223.486,-11327.1,,0.0158868,-2.80706,,0.877905,-17.5015
2.10043,0.704786,,999.205,-217.397,-3577.02,,0.0126846,-2.6986,,0.797646,-22.1573
2.1004,0.801441,,1001.69,-190.661,7670.84,,0.0107082,-2.65377,,0.703913,-26.7196
2.10039,0.901694,,1004.61,-146.034,21102.9,,0.0099,-2.66633,,0.611434,-30.2664
2.10037,1.00303,,1007.55,-87.5738,34870,,0.00993878,-2.71885,,0.532028,-31.8983
2.10031,1.10341,,1010.13,-19.503,47123,,0.0103676,-2.78812,,0.472228,-31.0998
2.10023,1.20201,,1012.09,54.5022,56594.2,,0.0108557,-2.85397,,0.432919,-27.8445
2.10015,1.2991,,1013.36,131.388,62764.6,,0.0112983,-2.90382,,0.412683,-22.4221
2.10007,1.39547,,1013.95,208.888,65664.7,,0.011698,-2.93128,,0.410976,-15.2138
2.10001,1.49164,,1013.94,284.845,65578,,0.0121102,-2.9395,,0.428436,-6.70354
2.09997,1.58757,,1013.39,356.617,62905.2,,0.0125964,-2.94181,,0.46564,2.49388
2.09994,1.6833,,1012.4,420.448,58089.8,,0.0132077,-2.95104,,0.522951,11.7649
2.09993,1.77932,,1011.06,472.737,51578.8,,0.0140076,-2.97483,,0.599218,20.5719
2.09997,1.87617,,1009.45,510.977,43858.6,,0.0150604,-3.01741,,0.692371,28.4549
2.10005,1.97419,,1007.68,533.386,35449.7,,0.0164016,-3.08052,,0.798685,35.0314
2.10019,2.07339,,1005.84,538.305,26816.9,,0.0179922,-3.16372,,0.912834,40.0366
2.10037,2.17349,,1004.01,524.717,18321.1,,0.0196768,-3.26426,,1.02842,43.3112
2.10056,2.27398,,1002.26,492.815,10250,,0.0212026,-3.3768,,1.139,44.8209
2.10072,2.37417,,1000.63,444.738,2849.64,,0.0222852,-3.49413,,1.23911,44.6527
2.1008,2.47341,,999.203,384.736,-3588.15,,0.022695,-3.60818,,1.32521,42.9925
2.10079,2.57146,,998.072,318.32,-8649.73,,0.0223326,-3.70964,,1.39634,40.0891
2.10069,2.66892,,997.338,250.44,-11915.7,,0.0212536,-3.78539,,1.45362,36.2136
2.10051,2.76722,,997,183.46,-13416.6,,0.0196258,-3.81743,,1.49793,31.6039
2.10028,2.86779,,996.852,116.733,-14071,,0.0176386,-3.79225,,1.52706,26.3759
2.10003,2.97017,,996.728,48.4259,-14620.5,,0.0155121,-3.71119,,1.53806,20.6437
2.09979,3.07519,,996.069,-38.0761,-17529.3,,0.0134701,-3.54136,,1.52264,13.7949
2.09962,3.18836,,992.189,-113.737,-34431.4,,0.0112414,-3.42453,,1.44686,0.708108
2.09948,3.28802,,992.319,-24.6619,-33870.8,,0.0102408,-3.67578,,1.39888,-6.29478
2.09922,3.37917,,997.346,-203.435,-11879.4,,0.0100278,-3.30476,,1.381,-1.16377
2.09911,3.4995,,986.546,-349.439,-58314.4,,0.00650657,-3.07267,,1.18101,-35.5539
2.0995,3.60009,,985.319,256.408,-63403.2,,0.00668832,-4.0043,,1.04967,-46.0678
2.09998,3.6796,,999.53,450.746,-2115.77,,0.0107174,-4.23524,,1.0025,-5.95323
2.10014,3.77111,,1006.65,199.811,30609.7,,0.0118716,-3.8448,,0.889276,16.3905
2.2,-0.3,,1010.33,0,48069,,0,0,,0,0
2.2,-0.2,,1010.12,0,47088,,0,0,,0,0
2.2,-0.1,,1009.92,0,46107,,0,0,,0,0
2.19734,-0.785006,,1050.41,2017.27,264917,,-0.134556,-1.43074,,-1.35031,-194.484
2.19721,-0.759237,,1013.54,1688.62,63633.1,,-0.131471,-1.81357,,-0.520872,-57.7874
2.19662,-0.711914,,998.42,1291.77,-7097.77,,-0.132815,-2.28399,,-0.264766,-9.13853
2.1964,-0.663099,,989.391,778.013,-46375.6,,-0.134488,-3.02357,,-0.181088,12.905
2.19638,-0.606459,,988.773,380.03,-48989.9,,-0.135643,-3.7261,,-0.269504,8.13038
2.19658,-0.520702,,1001.63,1001.86,7378.43,,-0.129574,-2.19758,,-0.565171,-24.0712
2.19668,-0.609397,,940.345,1990.9,-225535,,-0.0920457,-0.656069,,0.416768,116.071
2.197,-0.471191,,988.968,-1528.46,-48166.7,,-0.123943,-9.58407,,-0.486256,-6.3356
2.1985,-0.0992582,,1027.71,352.698,135921,,-0.077303,-6.68026,,-0.922662,-14.6023
2.19892,0.117509,,1013.57,218.007,63789.5,,-0.0505241,-4.98921,,-0.915188,-4.48676
2.19898,0.25635,,1003.95,17.651,18021,,-0.0385124,-4.09444,,-0.95656,-5.36764
2.19905,0.357979,,999.172,-100.255,-3727.45,,-0.0311569,-3.56379,,-0.975345,-7.40566
2.19918,0.444357,,997.113,-168.788,-12915.9,,-0.0252827,-3.21994,,-0.967628,-10.0322
2.19934,0.527463,,996.699,-207.738,-14749.8,,-0.020167,-2.97864,,-0.935245,-13.3799
2.19948,0.613449,,997.471,-223.486,-11327.1,,-0.0158868,-2.80706,,-0.877905,-17.5015
2.19957,0.704786,,999.205,-217.397,-3577.02,,-0.0126846,-2.6986,,-0.797646,-22.1573
2.1996,0.801441,,1001.69,-190.661,7670.84,,-0.0107082,-2.65377,,-0.703913,-26.7196
2.19961,0.901694,,1004.61,-146.034,21102.9,,-0.0099,-2.66633,,-0.611434,-30.2664
2.19963,1.00303,,1007.55,-87.5738,34870,,-0.00993878,-2.71885,,-0.532028,-31.8983
2.19969,1.10341,,1010.13,-19.503,47123,,-0.0103676,-2.78812,,-0.472228,-31.0998
2.19977,1.20201,,1012.09,54.5022,56594.2,,-0.0108557,-2.85397,,-0.432919,-27.8445
2.19985,1.2991,,1013.36,131.388,62764.6,,-0.0112983,-2.90382,,-0.412683,-22.4221
2.19993,1.39547,,1013.95,208.888,65664.7,,-0.011698,-2.93128,,-0.410976,-15.2138
2.19999,1.49164,,1013.94,284.845,65578,,-0.0121102,-2.9395,,-0.428436,-6.70354
2.20003,1.58757,,1013.39,356.617,62905.2,,-0.0125964,-2.94181,,-0.46564,2.49388
2.20006,1.6833,,1012.4,420.448,58089.8,,-0.0132077,-2.95104,,-0.522951,11.7649
2.20007,1.77932,,1011.06,472.737,51578.8,,-0.0140076,-2.97483,,-0.599218,20.5719
2.20003,1.87617,,1009.45,510.977,43858.6,,-0.0150604,-3.01741,,-0.692371,28.4549
2.19995,1.97419,,1007.68,533.386,35449.7,,-0.0164016,-3.08052,,-0.798685,35.0314
2.19981,2.07339,,1005.84,538.305,26816.9,,-0.0179922,-3.16372,,-0.912834,40.0366
2.19963,2.17349,,1004.01,524.717,18321.1,,-0.0196768,-3.26426,,-1.02842,43.3112
2.19944,2.27398,,1002.26,492.815,10250,,-0.0212026,-3.3768,,-1.139,44.8209
2.19928,2.37417,,1000.63,444.738,2849.64,,-0.0222852,-3.49413,,-1.23911,44.6527
2.1992,2.47341,,999.203,384.736,-3588.15,,-0.022695,-3.60818,,-1.32521,42.9925
2.19921,2.57146,,998.072,318.32,-8649.73,,-0.0223326,-3.70964,,-1.39634,40.0891
2.19931,2.66892,,997.338,250.44,-11915.7,,-0.0212536,-3.78539,,-1.45362,36.2136
2.19949,2.76722,,997,183.46,-13416.6,,-0.0196258,-3.81743,,-1.49793,31.6039
2.19972,2.86779,,996.852,116.733,-14071,,-0.0176386,-3.79225,,-1.52706,26.3759
2.19997,2.97017,,996.728,48.4259,-14620.5,,-0.0155121,-3.71119,,-1.53806,20.6437
2.20021,3.07519,,996.069,-38.0761,-17529.3,,-0.0134701,-3.54136,,-1.52264,13.7949
2.20038,3.18836,,992.189,-113.737,-34431.4,,-0.0112414,-3.42453,,-1.44686,0.708108
2.20052,3.28802,,992.319,-24.6619,-33870.8,,-0.0102408,-3.67578,,-1.39888,-6.29478
2.20078,3.37917,,997.346,-203.435,-11879.4,,-0.0100278,-3.30476,,-1.381,-1.16377
2.20089,3.4995,,986.546,-349.439,-58314.4,,-0.00650657,-3.07267,,-1.18101,-35.5539
2.2005,3.60009,,985.319,256.408,-63403.2,,-0.00668832,-4.0043,,-1.04967,-46.0678
2.20002,3.6796,,999.53,450.746,-2115.77,,-0.0107174,-4.23524,,-1.0025,-5.95323
2.19986,3.77111,,1006.65,199.811,30609.7,,-0.0118716,-3.8448,,-0.889276,16.3905
2.3,-0.3,,1010.33,0,48069,,0,0,,0,0
2.3,-0.2,,1010.12,0,47088,,0,0,,0,0
2.3,-0.1,,1009.92,0,46107,,0,0,,0,0
2.29227,-0.789608,,1047.97,1882.05,250214,,-0.396631,-1.59503,,-3.84777,-186.09
2.29184,-0.760797,,1013.4,1554.69,62968.1,,-0.389103,-1.97417,,-1.51117,-57.5249
2.29034,-0.712943,,998.574,1230.19,-6408.18,,-0.389621,-2.34691,,-0.752358,-9.80573
2.28988,-0.664085,,989.567,717.101,-45631.4,,-0.393753,-3.08884,,-0.48792,12.2243
2.28996,-0.60675,,989.289,344.783,-46809.2,,-0.396127,-3.74863,,-0.759943,6.66199
2.29063,-0.521714,,1001.79,968.613,8111.13,,-0.375769,-2.21676,,-1.62746,-24.545
2.29068,-0.61072,,940.344,1942.89,-225540,,-0.264936,-0.707343,,1.37681,116.022
2.29132,-0.470883,,989.561,-1542.81,-45658,,-0.365973,-9.57361,,-1.3781,-7.46561
2.29583,-0.098752,,1027.82,330.714,136519,,-0.228184,-6.6437,,-2.69075,-14.4967
2.29713,0.117939,,1013.47,195.804,63290.4,,-0.14825,-4.96135,,-2.6354,-4.49859
2.29736,0.256876,,1003.76,-2.47556,17165,,-0.112369,-4.07129,,-2.73597,-5.39902
2.29759,0.358576,,998.963,-118.351,-4666.1,,-0.0904959,-3.54365,,-2.78031,-7.40575
2.298,0.444917,,996.909,-184.987,-13820.1,,-0.0731205,-3.20302,,-2.75037,-9.98656
2.29849,0.527889,,996.518,-222.165,-15551.8,,-0.0580449,-2.96546,,-2.65017,-13.2826
2.29891,0.613697,,997.328,-236.286,-11963,,-0.0454975,-2.7978,,-2.47969,-17.3544
2.29916,0.704873,,999.117,-228.775,-3972.06,,-0.0362445,-2.69298,,-2.24556,-21.9752
2.29925,0.801424,,1001.67,-200.918,7591.7,,-0.0306778,-2.65118,,-1.97077,-26.529
2.29926,0.901639,,1004.67,-155.552,21385.8,,-0.028471,-2.66599,,-1.69333,-30.0948
2.2993,1.00299,,1007.69,-96.6874,35509.8,,-0.0286808,-2.71984,,-1.45149,-31.7617
2.29943,1.10342,,1010.33,-28.4691,48068.3,,-0.030033,-2.78959,,-1.26545,-31.0018
2.29965,1.20206,,1012.34,45.4744,57772.9,,-0.0315735,-2.85542,,-1.13931,-27.7832
2.29988,1.29916,,1013.64,122.185,64109.4,,-0.0329757,-2.9051,,-1.07112,-22.3969
2.30008,1.39553,,1014.25,199.475,67122,,-0.034261,-2.93238,,-1.05882,-15.2259
2.30023,1.49171,,1014.25,275.234,67105.7,,-0.0355818,-2.94053,,-1.10405,-6.75545
2.30034,1.58764,,1013.71,346.835,64471.1,,-0.0371208,-2.94288,,-1.20968,2.40032
2.30039,1.68336,,1012.73,410.534,59672.3,,-0.0390225,-2.95228,,-1.37569,11.6291
2.30038,1.77934,,1011.39,462.73,53168.5,,-0.0414573,-2.97638,,-1.59937,20.3952
2.30026,1.87612,,1009.78,500.935,45456.1,,-0.0446009,-3.01939,,-1.8744,28.242
2.29999,1.97405,,1008.02,523.397,37061.9,,-0.0485449,-3.08292,,-2.19008,34.7926
2.29958,2.07315,,1006.19,528.511,28454.4,,-0.0531673,-3.16639,,-2.53093,39.7881
2.29905,2.17319,,1004.37,515.288,19997.7,,-0.058008,-3.26689,,-2.87805,43.072
2.29851,2.27369,,1002.63,483.907,11981.2,,-0.062327,-3.37895,,-3.21197,44.6096
2.29806,2.374,,1001.03,436.437,4646.09,,-0.0652956,-3.49522,,-3.51575,44.4844
2.29782,2.4735,,999.615,377.017,-1735.76,,-0.0662505,-3.60746,,-3.77789,42.8774
2.29785,2.57191,,998.489,311.086,-6787.48,,-0.0649072,-3.70649,,-3.99444,40.0324
2.29815,2.66971,,997.744,243.683,-10109.8,,-0.0614354,-3.78001,,-4.16782,36.2207
2.29867,2.76808,,997.395,177.431,-11663.1,,-0.0563497,-3.81122,,-4.30097,31.6969
2.29932,2.86845,,997.259,111.547,-12266.2,,-0.0502529,-3.78569,,-4.38888,26.6012
2.30003,2.97071,,997.128,43.4957,-12849.5,,-0.043784,-3.70306,,-4.42206,21.0049
2.3007,3.07565,,996.444,-41.939,-15876.4,,-0.0375762,-3.53655,,-4.37724,14.2849
2.30114,3.18821,,992.715,-116.36,-32164.5,,-0.0310156,-3.42244,,-4.16566,1.64958
2.30152,3.28771,,992.887,-33.1154,-31420.3,,-0.028146,-3.66,,-4.02789,-5.03714
2.30224,3.37898,,997.832,-210.841,-9719.91,,-0.0273976,-3.29303,,-3.96742,0.142975
2.3025,3.49852,,987.45,-363.491,-54544.8,,-0.0176465,-3.05068,,-3.40698,-32.8854
2.3014,3.59927,,986.159,206.427,-59925.8,,-0.0184947,-3.92926,,-3.02925,-43.3219
2.30007,3.67977,,999.673,383.987,-1472.94,,-0.0296454,-4.13896,,-2.87307,-5.21107
2.29962,3.77178,,1006.37,140.988,29321.7,,-0.0325794,-3.76222,,-2.53655,15.7706
2.4,-0.3,,1010.33,0,48069,,0,0,,0,0
2.4,-0.2,,1010.12,0,47088,,0,0,,0,0
2.4,-0.1,,1009.92,0,46107,,0,0,,0,0
2.388,-0.79847,,1043.31,1620.8,222731,,-0.637833,-1.9098,,-5.7388,-169.956
2.3873,-0.763909,,1013.15,1298.13,61715.2,,-0.630491,-2.28176,,-2.34887,-57.0343
2.38558,-0.715049,,998.895,1109.67,-4971.74,,-0.620488,-2.4712,,-1.11814,-11.1519
2.38548,-0.666131,,989.934,599.247,-44076.2,,-0.62424,-3.21476,,-0.63322,10.8535
2.38604,-0.607558,,990.278,273.684,-42612.3,,-0.624463,-3.79636,,-1.10246,3.87776
2.3874,-0.523787,,1002.17,901.813,9860.76,,-0.584197,-2.2579,,-2.48303,-25.5898
2.38665,-0.613424,,940.37,1851.63,-225460,,-0.405481,-0.804009,,2.69265,115.919
2.3868,-0.470231,,990.812,-1571.22,-40335.7,,-0.589808,-9.55551,,-2.04477,-9.77356
2.39431,-0.0976269,,1028.12,287.972,138107,,-0.366106,-6.57086,,-4.21166,-14.2653
2.39665,0.118863,,1013.35,152.953,62696,,-0.23416,-4.90619,,-4.01275,-4.49999
2.39717,0.257954,,1003.47,-41.0619,15837,,-0.174982,-4.0258,,-4.10803,-5.44506
2.39761,0.359777,,998.623,-152.943,-6186.64,,-0.139355,-3.50424,,-4.14489,-7.39517
2.39831,0.446044,,996.574,-215.862,-15300.1,,-0.111464,-3.16992,,-4.07744,-9.88986
2.39913,0.52875,,996.22,-249.593,-16863.6,,-0.0874982,-2.93969,,-3.90579,-13.0884
2.39982,0.614195,,997.095,-260.623,-12995.5,,-0.0676912,-2.77983,,-3.62732,-17.0654
2.40023,0.705033,,998.978,-250.487,-4596.05,,-0.0532722,-2.68232,,-3.24917,-21.6165
2.40033,0.801361,,1001.66,-220.591,7515.64,,-0.0449291,-2.64652,,-2.80316,-26.1476
2.40028,0.901495,,1004.8,-173.851,21959.7,,-0.0420752,-2.66562,,-2.34421,-29.7428
2.40026,1.00288,,1007.95,-114.272,36746.2,,-0.0429664,-2.72201,,-1.93016,-31.4747
2.40039,1.1034,,1010.7,-45.8441,49884.4,,-0.0455765,-2.7927,,-1.59925,-30.7901
2.40064,1.20211,,1012.8,27.9484,60035.7,,-0.0484835,-2.85852,,-1.36447,-27.6464
2.40092,1.29924,,1014.16,104.301,66691.5,,-0.0511569,-2.90784,,-1.22561,-22.3341
2.40116,1.39563,,1014.82,181.169,69920.9,,-0.0536176,-2.93478,,-1.18127,-15.2398
2.40133,1.4918,,1014.84,256.534,70041.6,,-0.0561264,-2.9428,,-1.23496,-6.8517
2.40141,1.58773,,1014.32,327.814,67482.5,,-0.0589725,-2.94524,,-1.39129,2.21842
2.40141,1.68344,,1013.35,391.278,62718.6,,-0.0623653,-2.95492,,-1.65049,11.3617
2.4013,1.77935,,1012.02,443.34,56232.1,,-0.0665403,-2.97958,,-2.00775,20.0452
2.40104,1.876,,1010.42,481.533,48538.8,,-0.0717342,-3.02331,,-2.45328,27.8197
2.40058,1.97374,,1008.67,504.166,40177.2,,-0.0780533,-3.08756,,-2.97016,34.3185
2.3999,2.07267,,1006.86,509.728,31623.5,,-0.0852759,-3.17145,,-3.53402,39.2931
2.39906,2.1726,,1005.07,497.283,23247.3,,-0.0926593,-3.27174,,-4.11411,42.593
2.39821,2.27313,,1003.37,466.987,15340.5,,-0.099031,-3.38272,,-4.67768,44.1828
2.39753,2.37369,,1001.79,420.775,8134.09,,-0.103092,-3.49677,,-5.19492,44.1401
2.39716,2.47368,,1000.41,362.584,1859.83,,-0.103817,-3.60535,,-5.64418,42.6367
2.3972,2.5728,,999.294,297.707,-3179.06,,-0.100777,-3.69949,,-6.01552,39.907
2.39765,2.67124,,998.525,231.339,-6624.85,,-0.0942684,-3.76857,,-6.31008,36.2215
2.39844,2.76975,,998.15,166.572,-8303.67,,-0.085195,-3.79819,,-6.53345,31.8641
2.39942,2.86971,,998.03,102.387,-8839.38,,-0.0746544,-3.77222,,-6.68217,27.0191
2.40045,2.97173,,997.881,34.9892,-9502.15,,-0.0636431,-3.68721,,-6.73956,21.682
2.40139,3.07646,,997.154,-48.2737,-12732.7,,-0.0531102,-3.52738,,-6.67214,15.2165
2.402,3.18786,,993.71,-120.423,-27856.3,,-0.0426127,-3.41826,,-6.36905,3.43358
2.40247,3.28708,,993.953,-48.0154,-26798.2,,-0.0382581,-3.63051,,-6.15976,-2.67103
2.4034,3.37854,,998.745,-223.474,-5640.9,,-0.0367061,-3.27182,,-6.04148,2.60752
2.40369,3.49663,,989.152,-388.647,-47389.4,,-0.0228751,-3.01021,,-5.22927,-27.8531
2.40204,3.59767,,987.737,113.739,-53341.3,,-0.0251568,-3.78935,,-4.65241,-38.1479
2.40009,3.68004,,999.944,259.884,-251.142,,-0.0409733,-3.95967,,-4.3532,-3.80359
2.39945,3.77297,,1005.87,32.0654,26951.3,,-0.0444175,-3.60903,,-3.80754,14.6362
2.5,-0.3,,1010.33,0,48069,,0,0,,0,0
2.5,-0.2,,1010.12,0,47088,,0,0,,0,0
2.5,-0.1,,1009.92,0,46107,,0,0,,0,0
2.48519,-0.810937,,1036.86,1252.27,185914,,-0.844966,-2.34861,,-6.6463,-147.383
2.48444,-0.768581,,1012.77,939.903,59904.5,,-0.843697,-2.71103,,-2.92563,-56.2969
2.4835,-0.718322,,999.396,935.083,-2721.47,,-0.809948,-2.65442,,-1.28716,-13.1667
2.48457,-0.669371,,990.515,432.295,-41604.5,,-0.808234,-3.39289,,-0.523252,8.7962
2.4862,-0.609288,,991.664,166.478,-36688.1,,-0.80064,-3.87435,,-1.19185,0.0494813
2.48855,-0.52699,,1002.9,801.961,13186.4,,-0.733499,-2.32615,,-2.98628,-27.3871
2.4861,-0.617611,,940.474,1726.18,-225132,,-0.496505,-0.935704,,4.51052,115.774
2.48473,-0.46913,,992.853,-1612.22,-31566.3,,-0.780731,-9.53411,,-2.38157,-13.355
2.49523,-0.095644,,1028.73,226.991,141368,,-0.477455,-6.46155,,-5.27398,-13.8587
2.49881,0.120407,,1013.35,92.3237,62722.6,,-0.295501,-4.82463,,-4.78388,-4.45083
2.49977,0.259614,,1003.24,-94.8363,14741,,-0.214354,-3.95974,,-4.78114,-5.47756
2.50046,0.361567,,998.299,-200.699,-7635.83,,-0.166685,-3.44763,,-4.76552,-7.35764
2.50143,0.44771,,996.242,-258.27,-16766.3,,-0.130308,-3.1226,,-4.64101,-9.73564
2.50252,0.530025,,995.924,-287.174,-18170.4,,-0.0995486,-2.90297,,-4.39314,-12.7974
2.50345,0.614931,,996.867,-293.96,-14004.3,,-0.074397,-2.75439,,-4.0118,-16.6365
2.50397,0.705242,,998.855,-280.33,-5149.52,,-0.056401,-2.66757,,-3.49983,-21.08
2.50404,0.801196,,1001.68,-247.826,7598.43,,-0.0465801,-2.64068,,-2.8906,-25.5664
2.50383,0.901175,,1004.99,-199.424,22835,,-0.0442647,-2.6661,,-2.24904,-29.1914
2.5036,1.0026,,1008.32,-139.044,38472.8,,-0.0470045,-2.72599,,-1.64957,-31.0084
2.50354,1.10325,,1011.22,-70.4893,52389.8,,-0.0518069,-2.79794,,-1.14688,-30.4331
2.50365,1.20207,,1013.44,2.97603,63156.5,,-0.0568137,-2.86374,,-0.768916,-27.4036
2.50383,1.29926,,1014.89,78.7551,70256.2,,-0.0614049,-2.91254,,-0.524437,-22.2075
2.50395,1.39566,,1015.6,154.992,73789.7,,-0.0656167,-2.93897,,-0.415517,-15.2349
2.50399,1.49183,,1015.67,229.79,74106.8,,-0.0698228,-2.9468,,-0.449118,-6.97697
2.50391,1.58775,,1015.17,300.635,71661.6,,-0.0744174,-2.94932,,-0.631891,1.95875
2.50373,1.68343,,1014.22,363.834,66956.7,,-0.0796459,-2.95932,,-0.963685,10.9692
2.50342,1.77925,,1012.9,415.812,60506.4,,-0.085754,-2.9846,,-1.43776,19.5271
2.50294,1.87573,,1011.32,454.133,52853.2,,-0.0929701,-3.02914,,-2.04054,27.1925
2.50224,1.97324,,1009.59,477.173,44552.5,,-0.10135,-3.09416,,-2.74994,33.6124
2.5013,2.07194,,1007.81,483.545,36090.6,,-0.110543,-3.17833,,-3.53374,38.5523
2.50021,2.17175,,1006.06,472.384,27843.6,,-0.119554,-3.27801,,-4.35022,41.8702
2.49913,2.27235,,1004.4,443.813,20105.2,,-0.126869,-3.38712,,-5.15316,43.5303
2.49826,2.37326,,1002.88,399.602,13089,,-0.130838,-3.49763,,-5.89861,43.6032
2.49779,2.47395,,1001.54,343.414,6966.6,,-0.130187,-3.60064,,-6.55208,42.249
2.49782,2.57404,,1000.43,280.324,1932.44,,-0.124414,-3.68751,,-7.09382,39.6889
2.49836,2.67335,,999.619,215.694,-1719.24,,-0.113986,-3.75007,,-7.51987,36.1901
2.49928,2.77205,,999.194,153.215,-3627.52,,-0.100282,-3.77742,,-7.83866,32.0701
2.5004,2.87143,,999.08,91.5746,-4140.49,,-0.0849772,-3.75139,,-8.05407,27.5688
2.50153,2.97306,,998.9,25.436,-4949.49,,-0.069304,-3.66453,,-8.14425,22.5892
2.50251,3.07741,,998.125,-54.5364,-8411.46,,-0.0544499,-3.51472,,-8.07283,16.4946
2.50309,3.18721,,995.064,-123.747,-21946.5,,-0.0407187,-3.41207,,-7.7433,5.86895
2.50344,3.28609,,995.387,-65.6802,-20528.7,,-0.035443,-3.59121,,-7.49297,0.525769
2.50426,3.3778,,999.977,-237.519,-104.335,,-0.0328004,-3.24499,,-7.30677,5.94507
2.50438,3.49393,,991.448,-419.346,-37614.8,,-0.0176409,-2.95804,,-6.39384,-21.0461
2.50237,3.59538,,989.87,-7.57755,-44347.4,,-0.0222108,-3.6043,,-5.69254,-31.1345
2.50012,3.68027,,1000.33,96.4761,1480.72,,-0.0396273,-3.72269,,-5.22479,-1.84047
2.49938,3.77443,,1005.22,-110.488,23930.5,,-0.0423762,-3.40776,,-4.50752,13.2215
2.6,-0.3,,1010.33,0,48069,,0,0,,0,0
2.6,-0.2,,1010.12,0,47088,,0,0,,0,0
2.6,-0.1,,1009.92,0,46107,,0,0,,0,0
2.5841,-0.82602,,1029.24,806.531,144130,,-1.00671,-2.87282,,-6.30549,-120.302
2.58376,-0.774758,,1012.28,510.294,57508.8,,-1.01599,-3.22573,,-3.11164,-55.2227
2.58459,-0.722799,,1000.08,716.183,380.973,,-0.946395,-2.89018,,-1.18759,-15.7858
2.5876,-0.673891,,991.323,230.079,-38151.9,,-0.932204,-3.60946,,-0.0932877,6.12829
2.5909,-0.612372,,993.335,27.3241,-29482.2,,-0.909635,-3.98577,,-0.920454,-4.42607
2.59449,-0.53132,,1004.1,673.43,18719.5,,-0.810754,-2.42675,,-2.98422,-30.1022
2.58961,-0.623218,,940.77,1581.69,-224209,,-0.531088,-1.08495,,6.76474,115.484
2.58598,-0.467658,,995.754,-1663.4,-18917.8,,-0.922224,-9.5136,,-2.3078,-18.1373
2.59948,-0.0926919,,1029.8,152.239,147095,,-0.546007,-6.31812,,-5.61678,-13.2239
2.60453,0.122592,,1013.68,19.1435,64307,,-0.317689,-4.71972,,-4.66266,-4.29749
2.60605,0.26178,,1003.25,-158.237,14826.7,,-0.216813,-3.87713,,-4.44813,-5.45613
2.60701,0.363822,,998.191,-256.076,-8118.57,,-0.159743,-3.37818,,-4.3217,-7.26826
2.60817,0.449796,,996.097,-306.866,-17407.1,,-0.117994,-3.06516,,-4.11393,-9.51157
2.60944,0.531628,,995.788,-329.942,-18768.8,,-0.0837303,-2.85871,,-3.78329,-12.4071
2.61051,0.615847,,996.773,-331.888,-14423.6,,-0.0563444,-2.72411,,-3.30575,-16.0693
2.61107,0.705454,,998.835,-314.521,-5237.21,,-0.0374188,-2.65067,,-2.67286,-20.3617
2.61104,0.800863,,1001.77,-279.456,8035.81,,-0.0282019,-2.63511,,-1.90953,-24.7676
2.61056,0.900569,,1005.24,-229.634,23998.4,,-0.0280899,-2.66869,,-1.08168,-28.4074
2.60995,1.002,,1008.74,-168.799,40489.3,,-0.0342126,-2.73303,,-0.277065,-30.3191
2.60949,1.10282,,1011.82,-100.494,55246.1,,-0.0427213,-2.8063,,0.429059,-29.8811
2.60924,1.2018,,1014.17,-27.724,66714.7,,-0.0510361,-2.87191,,0.989742,-27.0075
2.60909,1.29907,,1015.71,47.1943,74337.9,,-0.0585078,-2.91995,,1.38083,-21.9765
2.60891,1.39549,,1016.5,122.563,78239.8,,-0.065304,-2.94567,,1.59108,-15.1793
2.60862,1.49165,,1016.61,196.635,78806,,-0.0719365,-2.9532,,1.60834,-7.1088
2.60822,1.58755,,1016.15,266.976,76519.1,,-0.0789073,-2.95574,,1.42331,1.63581
2.6077,1.68319,,1015.22,329.955,71912.2,,-0.0864771,-2.96598,,1.03711,10.4609
2.60707,1.77892,,1013.93,382.016,65535.4,,-0.0948427,-2.99173,,0.459727,18.8466
2.60628,1.87522,,1012.38,420.738,57963,,-0.10414,-3.03688,,-0.291273,26.3648
2.60529,1.9725,,1010.68,444.567,49770.3,,-0.114288,-3.10234,,-1.18815,32.677
2.6041,2.07098,,1008.94,452.247,41454.9,,-0.124759,-3.18632,,-2.1916,37.5649
2.6028,2.17068,,1007.24,442.991,33398.6,,-0.134344,-3.28465,,-3.24977,40.8965
2.60156,2.27139,,1005.64,416.894,25893.2,,-0.141299,-3.39082,,-4.30347,42.637
2.60058,2.37274,,1004.19,375.544,19125.4,,-0.143785,-3.49633,,-5.29414,42.85
2.60004,2.47427,,1002.9,322.292,13186.9,,-0.140422,-3.59184,,-6.1727,41.6831
2.60004,2.5755,,1001.79,261.922,8133.58,,-0.130746,-3.66927,,-6.90609,39.3422
2.60055,2.67581,,1000.92,199.904,4180.18,,-0.115504,-3.72364,,-7.48122,36.0861
2.60144,2.77468,,1000.42,140.54,1914.3,,-0.0966907,-3.7484,,-7.90885,32.2612
2.60246,2.87336,,1000.29,82.2206,1318.89,,-0.0765683,-3.72322,,-8.20525,28.1631
2.60341,2.97445,,1000.06,18.1215,283.793,,-0.0564032,-3.63649,,-8.34924,23.605
2.60415,3.07818,,999.252,-57.5368,-3368.14,,-0.0376258,-3.49983,,-8.30984,17.9778
2.60447,3.18616,,996.627,-123.55,-15069.2,,-0.021602,-3.40434,,-8.02757,8.6827
2.60445,3.28468,,997.02,-81.3989,-13329.8,,-0.0159205,-3.54742,,-7.77874,4.17676
2.60483,3.37668,,1001.38,-248.295,6236.18,,-0.0119836,-3.21741,,-7.53524,9.75594
2.60461,3.49059,,994.062,-448.05,-26324.3,,0.00209732,-2.90371,,-6.6751,-13.2785
2.60241,3.59251,,992.317,-138.115,-33880.5,,-0.00513659,-3.40138,,-5.94529,-23.0549
2.60013,3.68022,,1000.82,-81.5912,3711.6,,-0.0215428,-3.46234,,-5.33108,0.584228
2.59935,3.77577,,1004.57,-264.52,20905,,-0.02337,-3.18855,,-4.51833,11.8935
2.7,-0.3,,1010.33,0,48069,,0,0,,0,0
2.7,-0.2,,1010.12,0,47088,,0,0,,0,0
2.7,-0.1,,1009.92,0,46107,,0,0,,0,0
2.68402,-0.842335,,1021.22,325.589,102050,,-1.11627,-3.43234,,-4.73866,-91.2471
2.68471,-0.782139,,1011.67,49.3761,54523.5,,-1.13604,-3.77804,,-2.77278,-53.6931
2.68796,-0.728264,,1000.94,470.646,4274.42,,-1.02572,-3.16304,,-0.757908,-18.8461
2.69335,-0.679496,,992.335,14.5183,-33805.7,,-0.991727,-3.84224,,0.664453,3.05643
2.69869,-0.616955,,995.118,-131.141,-21710.7,,-0.947758,-4.12515,,-0.202678,-8.99155
2.70361,-0.536491,,1005.83,527.489,26755.7,,-0.818685,-2.55875,,-2.34419,-33.7115
2.69614,-0.629754,,941.406,1439.82,-222215,,-0.519185,-1.22519,,9.05192,114.818
2.69024,-0.466201,,999.384,-1721.45,-2775.62,,-0.997879,-9.49685,,-1.72964,-23.7058
2.70666,-0.0889641,,1031.42,71.1999,155894,,-0.557256,-6.14855,,-4.96149,-12.3387
2.71335,0.125216,,1014.51,-57.6467,68406.3,,-0.289231,-4.5987,,-3.397,-3.98159
2.71553,0.264189,,1003.75,-222.267,17114.6,,-0.172408,-3.78547,,-2.85975,-5.32781
2.71672,0.366262,,998.517,-310.494,-6661.47,,-0.109739,-3.30343,,-2.56579,-7.09288
2.71795,0.452056,,996.339,-353.668,-16338.9,,-0.0667962,-3.00459,,-2.25249,-9.20139
2.71926,0.533374,,995.987,-370.551,-17892.7,,-0.0333543,-2.81292,,-1.83612,-11.9152
2.72033,0.616826,,996.95,-367.739,-13639.6,,-0.00789077,-2.69373,,-1.27065,-15.3696
2.72084,0.705596,,999.013,-347.168,-4442.17,,0.00828154,-2.63508,,-0.529674,-19.4648
2.72063,0.800299,,1001.98,-310.416,9008.16,,0.0139322,-2.63217,,0.378813,-23.738
2.7198,0.899586,,1005.53,-260.196,25372.3,,0.00964471,-2.67502,,1.39757,-27.3543
2.71869,1.00094,,1009.16,-199.91,42471.6,,-0.00158279,-2.7445,,2.42924,-29.3533
2.71764,1.10191,,1012.37,-132.729,57929,,-0.0154337,-2.81911,,3.37317,-29.0756
2.7168,1.20109,,1014.85,-61.3547,70052.7,,-0.0286251,-2.88403,,4.15502,-26.4002
2.7161,1.29849,,1016.49,12.1915,78207.9,,-0.0401867,-2.93094,,4.7317,-21.5904
2.71541,1.39494,,1017.35,86.3495,82509.6,,-0.0505635,-2.9557,,5.07761,-15.0327
2.71465,1.49108,,1017.53,159.473,83370.2,,-0.0604654,-2.96277,,5.17292,-7.2166
2.71378,1.58696,,1017.11,229.229,81297.1,,-0.0705068,-2.96517,,5.00533,1.2717
2.71281,1.68257,,1016.22,292.063,76849.9,,-0.0809496,-2.9754,,4.57759,9.85231
2.71175,1.77822,,1014.96,344.435,70612.7,,-0.0918941,-3.00125,,3.90419,18.0159
2.71059,1.87438,,1013.45,383.93,63191.2,,-0.103303,-3.04647,,3.00862,25.3465
2.70931,1.97147,,1011.8,409.04,55180.9,,-0.114879,-3.11167,,1.92509,31.5205
2.70791,2.06979,,1010.12,418.634,47090,,-0.125876,-3.19457,,0.700378,36.3348
2.70648,2.16944,,1008.49,412.002,39302.8,,-0.134915,-3.29048,,-0.604339,39.6689
2.70517,2.27033,,1006.97,389.218,32101.5,,-0.140149,-3.39239,,-1.91824,41.49
2.70416,2.37219,,1005.59,351.693,25634.2,,-0.139717,-3.49131,,-3.16918,41.8562
2.7036,2.47462,,1004.35,302.438,19894.4,,-0.132306,-3.57758,,-4.29329,40.9036
2.70355,2.57702,,1003.24,245.877,14781.7,,-0.117646,-3.644,,-5.2424,38.8216
2.70394,2.67827,,1002.3,187.467,10432.1,,-0.0969527,-3.68934,,-5.9918,35.8539
2.70461,2.77721,,1001.69,132.008,7687.78,,-0.072988,-3.71175,,-6.55324,32.3631
2.70529,2.87514,,1001.52,77.6281,6876.13,,-0.0484425,-3.68886,,-6.95747,28.6896
2.70581,2.97554,,1001.22,16.4079,5545.78,,-0.0243571,-3.60543,,-7.19215,24.5755
2.70606,3.07847,,1000.4,-54.1416,1814.14,,-0.00248527,-3.48443,,-7.23788,19.4782
2.70589,3.18458,,998.215,-117.029,-8011.6,,0.0148661,-3.39619,,-7.07466,11.5387
2.70532,3.28281,,998.655,-90.2831,-6043.37,,0.0206977,-3.50528,,-6.87978,7.84526
2.70504,3.37513,,1002.77,-251.082,12598.1,,0.0261406,-3.19439,,-6.61447,13.5649
2.70435,3.48686,,996.676,-466.379,-14849.2,,0.0377737,-2.85836,,-5.93317,-5.48875
2.70211,3.5892,,994.82,-255.84,-23016.8,,0.0282028,-3.21179,,-5.27961,-14.7733
2.69999,3.6797,,1001.43,-246.221,6487.66,,0.0142731,-3.21742,,-4.60161,3.398
2.69921,3.77662,,1004.08,-404.981,18636.2,,0.0122662,-2.98529,,-3.80646,11.0968
2.8,-0.3,,1010.33,0,48069,,0,0,,0,0
2.8,-0.2,,1010.12,0,47088,,0,0,,0,0
2.8,-0.1,,1009.92,0,46107,,0,0,,0,0
2.78323,-0.858145,,1013.61,-141.937,64001.6,,-1.17417,-3.97155,,-2.3849,-63.1693
2.78554,-0.790017,,1010.95,-395.382,51046.4,,-1.19776,-4.31067,,-1.83201,-51.6303
2.79133,-0.734102,,1001.91,222.82,8671.58,,-1.05421,-3.44701,,0.0463553,-22.0274
2.79901,-0.685487,,993.477,-187.094,-28866.7,,-0.995511,-4.06065,,1.69571,-0.0923568
2.80633,-0.622589,,996.768,-288.887,-14442,,-0.927238,-4.27391,,1.00231,-12.9339
2.81241,-0.541744,,1007.96,380.612,36787.7,,-0.77852,-2.70926,,-0.96141,-37.8488
2.80326,-0.636212,,942.481,1322.68,-218827,,-0.488471,-1.32622,,10.6865,113.543
2.79624,-0.465191,,1003.39,-1781.75,15451.8,,-0.992687,-9.48441,,-0.487564,-29.3733
2.81505,-0.0848516,,1033.59,-6.19822,167721,,-0.502735,-5.96632,,-3.06647,-11.2397
2.82322,0.127946,,1015.95,-126.329,75523.9,,-0.207502,-4.47255,,-0.87374,-3.46948
2.826,0.266478,,1004.86,-275.587,22234.2,,-0.0813473,-3.69509,,0.0355307,-5.0508
2.82731,0.368516,,999.411,-353.488,-2654.46,,-0.0183354,-3.2333,,0.523383,-6.80534
2.82847,0.454165,,997.088,-389.215,-13024.5,,0.0208207,-2.94994,,0.947827,-8.79587
2.82967,0.535025,,996.62,-400.522,-15099.2,,0.0486462,-2.77334,,1.44464,-11.327
2.83064,0.617726,,997.472,-393.912,-11323.7,,0.0677283,-2.66948,,2.08844,-14.5518
2.83103,0.705603,,999.427,-371.438,-2582.88,,0.0772432,-2.62538,,2.92799,-18.4042
2.83062,0.79948,,1002.31,-334.603,10504,,0.0761977,-2.63486,,3.97708,-22.4818
2.82943,0.898197,,1005.82,-285.735,26712.3,,0.0652717,-2.68681,,5.19272,-26.0141
2.82778,0.999333,,1009.46,-227.692,43929,,0.0474301,-2.76142,,6.47183,-28.0698
2.82604,1.10039,,1012.74,-163.111,59729.2,,0.0269848,-2.83731,,7.68509,-27.9636
2.82445,1.19978,,1015.3,-94.2617,72298.2,,0.00756843,-2.901,,8.72263,-25.529
2.82304,1.29734,,1017.03,-22.9146,80896.4,,-0.0093533,-2.94617,,9.51685,-20.9996
2.82172,1.39385,,1017.97,49.4885,85583.7,,-0.0243283,-2.96965,,10.0266,-14.7523
2.82037,1.48999,,1018.2,121.321,86770.9,,-0.0383305,-2.97602,,10.2222,-7.26371
2.81897,1.58586,,1017.85,190.33,84976.6,,-0.0520586,-2.978,,10.0881,0.89826
2.81753,1.68147,,1017.01,253.043,80775.8,,-0.0657584,-2.98783,,9.62916,9.17209
2.81607,1.7771,,1015.8,305.937,74776.9,,-0.0793998,-3.01319,,8.86579,17.0612
2.81459,1.8732,,1014.35,346.576,67610.7,,-0.0927323,-3.05764,,7.82914,24.1621
2.81309,1.97019,,1012.77,373.476,59889.4,,-0.105202,-3.12155,,6.56157,30.1646
2.81159,2.06844,,1011.17,385.61,52127.9,,-0.115839,-3.20219,,5.11804,34.8793
2.81016,2.16813,,1009.62,382.34,44706.3,,-0.123153,-3.29435,,3.56817,38.1969
2.80891,2.26927,,1008.19,363.727,37887,,-0.125323,-3.39057,,1.99246,40.0878
2.80799,2.37168,,1006.89,331.01,31764.9,,-0.120635,-3.48145,,0.474346,40.6067
2.80748,2.47496,,1005.71,286.844,26223.3,,-0.108025,-3.55723,,-0.909183,39.8799
2.80738,2.57836,,1004.59,235.226,21008,,-0.0876349,-3.61211,,-2.09561,38.0798
2.8076,2.68031,,1003.55,181.446,16207.9,,-0.0613943,-3.64891,,-3.04876,35.4283
2.8079,2.77912,,1002.84,130.568,12931.8,,-0.0328675,-3.66995,,-3.77947,32.2878
2.80805,2.87628,,1002.59,80.5,11793.9,,-0.00476202,-3.65082,,-4.32987,29.0217
2.80795,2.97597,,1002.23,22.9259,10129.8,,0.0223309,-3.57433,,-4.70374,25.3282
2.80755,3.07797,,1001.43,-42.0139,6477.44,,0.0462315,-3.47054,,-4.8951,20.7766
2.80677,3.18243,,999.638,-101.988,-1631.36,,0.0641846,-3.38936,,-4.91167,14.0734
2.80559,3.28049,,1000.1,-88.1466,453.704,,0.0702403,-3.47097,,-4.8257,11.0809
2.8046,3.37318,,1003.97,-241.817,18141.6,,0.0775902,-3.18114,,-4.58893,16.8672
2.80343,3.48302,,998.973,-466.217,-4618.57,,0.0865461,-2.83352,,-4.17349,1.36336
2.80128,3.58566,,997.119,-338.889,-12889.5,,0.0753717,-3.06682,,-3.6938,-7.16776
2.79946,3.67853,,1002.17,-369.118,9859.94,,0.0641338,-3.02674,,-3.07153,6.52326
2.7987,3.77667,,1003.91,-506.643,17866.5,,0.0599648,-2.83175,,-2.42084,11.2658
2.9,-0.3,,1010.33,0,48069,,0,0,,0,0
2.9,-0.2,,1010.12,0,47088,,0,0,,0,0
2.9,-0.1,,1009.92,0,46107,,0,0,,0,0
2.87986,-0.871674,,1007.23,-552.906,33322.4,,-1.18803,-4.44178,,0.044053,-39.0066
2.88413,-0.797377,,1010.16,-777.884,47291.7,,-1.20311,-4.7666,,-0.321247,-49.0526
2.89206,-0.739417,,1002.86,-3.55988,13010.9,,-1.04645,-3.71197,,1.25551,-24.8587
2.90155,-0.69077,,994.652,-351.076,-23750,,-0.963076,-4.23397,,2.92347,-2.98722
2.91048,-0.628281,,998.027,-426.163,-8852,,-0.872228,-4.40509,,2.67321,-15.5546
2.91756,-0.546036,,1010.2,247.445,47475.7,,-0.72077,-2.85624,,1.26682,-41.8539
2.90922,-0.641327,,943.987,1242.51,-214039,,-0.472286,-1.36728,,10.9847,111.535
2.90357,-0.464778,,1007.3,-1840.37,33652.8,,-0.88548,-9.47317,,1.69811,-34.4022
2.92318,-0.0807453,,1036.1,-71.1121,181664,,-0.374895,-5.78655,,0.281912,-10.0407
2.93189,0.130444,,1017.91,-176.728,85304,,-0.0756912,-4.35333,,2.86443,-2.78963
2.93476,0.268315,,1006.51,-308.927,29969.2,,0.0476933,-3.61641,,4.05959,-4.62564
2.93591,0.370265,,1000.82,-376.885,3705.01,,0.103423,-3.17724,,4.70145,-6.4069
2.93684,0.455847,,998.289,-406.364,-7681.99,,0.13322,-2.90959,,5.21284,-8.3025
2.93784,0.536384,,997.626,-413.594,-10636.3,,0.150974,-2.74705,,5.7747,-10.6571
2.93869,0.61845,,998.273,-404.831,-7751.5,,0.159998,-2.65691,,6.48851,-13.6381
2.93901,0.705476,,1000.01,-382.237,33.4136,,0.159911,-2.62556,,7.42439,-17.2074
2.93848,0.798471,,1002.67,-347.257,12159,,0.150026,-2.64566,,8.61714,-21.0239
2.93705,0.896483,,1006,-301.794,27552.4,,0.131131,-2.70525,,10.0385,-24.399
2.93494,0.997235,,1009.53,-248.021,44252,,0.105971,-2.78415,,11.5809,-26.4598
2.93253,1.09824,,1012.77,-187.875,59879,,0.0784325,-2.86102,,13.0862,-26.519
2.93013,1.19778,,1015.35,-123.021,72548.4,,0.052028,-2.92318,,14.4048,-24.3608
2.92792,1.29553,,1017.13,-54.9405,81404.6,,0.0286011,-2.96601,,15.4393,-20.1705
2.92586,1.39215,,1018.13,14.9649,86412,,0.00790993,-2.98783,,16.1325,-14.3039
2.9239,1.48834,,1018.44,85.0481,87936.2,,-0.0111152,-2.99314,,16.4453,-7.21526
2.922,1.58424,,1018.15,153.06,86484.3,,-0.0291607,-2.99427,,16.3594,0.551927
2.92017,1.67991,,1017.38,215.596,82629.5,,-0.0463805,-3.0031,,15.882,8.45782
2.91843,1.77561,,1016.25,269.127,76989.4,,-0.0626015,-3.02717,,15.0401,16.0205
2.91679,1.87176,,1014.88,311.188,70209,,-0.077375,-3.06984,,13.8734,22.8487
2.91526,1.96879,,1013.39,340.297,62908.2,,-0.0899357,-3.13124,,12.4334,28.6441
2.91385,2.06709,,1011.89,355.514,55600.9,,-0.0991552,-3.20827,,10.7836,33.2286
2.9126,2.16692,,1010.45,356.265,48653.4,,-0.103534,-3.29531,,9.00095,36.5032
2.91159,2.26835,,1009.12,342.599,42294.4,,-0.101412,-3.38454,,7.17342,38.4425
2.91089,2.37125,,1007.91,315.581,36552.4,,-0.0913903,-3.46634,,5.39275,39.0997
2.91051,2.47521,,1006.77,277.502,31198.9,,-0.0728748,-3.53135,,3.74594,38.5924
2.9104,2.57923,,1005.63,231.881,25862.2,,-0.0467011,-3.57572,,2.30647,37.0756
2.91038,2.68138,,1004.52,183.691,20654.8,,-0.0157202,-3.60615,,1.1193,34.7458
2.9102,2.77979,,1003.71,137.918,16930.3,,0.0159967,-3.62721,,0.178256,31.9499
2.90972,2.87629,,1003.38,92.248,15427.2,,0.0464397,-3.61264,,-0.561877,29.0426
2.90895,2.97537,,1002.95,38.9161,13417.2,,0.0754708,-3.54624,,-1.12509,25.7028
2.90787,3.07646,,1002.2,-20.1667,10009.2,,0.100363,-3.46015,,-1.51571,21.6602
2.90647,3.17968,,1000.73,-77.3605,3289.23,,0.118524,-3.38581,,-1.75669,15.9562
2.90473,3.27774,,1001.19,-72.2652,5372.74,,0.124982,-3.44981,,-1.82599,13.4827
2.90313,3.37093,,1004.82,-217.766,22082.9,,0.134838,-3.18209,,-1.66449,19.1974
2.90159,3.47942,,1000.67,-441.254,3016.98,,0.141577,-2.83898,,-1.56849,6.41338
2.89964,3.58217,,998.971,-368.895,-4629.75,,0.129378,-2.99332,,-1.33525,-1.0761
2.89823,3.67673,,1003.02,-425.307,13754.8,,0.120277,-2.92446,,-0.878781,9.79913
2.89752,3.77579,,1004.19,-546.718,19128.7,,0.11207,-2.75825,,-0.482887,12.6898
3,-0.3,,1010.33,0,48069,,0,0,,0,0
3,-0.2,,1010.12,0,47088,,0,0,,0,0
3,-0.1,,1009.92,0,46107,,0,0,,0,0
2.97238,-0.881496,,1002.64,-879.187,12028,,-1.17076,-4.81124,,1.95095,-21.1587
2.97857,-0.803182,,1009.39,-1063.22,43575.9,,-1.16454,-5.10088,,1.62455,-46.1106
2.98796,-0.743338,,1003.64,-191.623,16605.8,,-1.02172,-3.93214,,2.86792,-26.8341
2.99867,-0.694259,,995.768,-464.733,-18857.4,,-0.919644,-4.34158,,4.28969,-5.38022
3.00889,-0.632876,,998.718,-530.665,-5761.75,,-0.811355,-4.4948,,4.6943,-16.4083
3.01725,-0.548421,,1012.21,136.253,57177,,-0.674493,-2.97771,,4.42378,-45.0126
3.01411,-0.64379,,945.853,1198.92,-208047,,-0.50092,-1.34252,,9.46558,108.73
3.01388,-0.464871,,1010.5,-1899.24,48910.9,,-0.641941,-9.45561,,5.25378,-37.9722
3.031,-0.0770599,,1038.67,-119.36,196125,,-0.161438,-5.62397,,5.32898,-8.94743
3.03801,0.132335,,1020.16,-203.939,96654,,0.102894,-4.2522,,7.70041,-2.03729
3.03973,0.269375,,1008.5,-318.711,39326.5,,0.203613,-3.55821,,8.9122,-4.10211
3.04012,0.371245,,1002.52,-378.135,11464.9,,0.241096,-3.1424,,9.57948,-5.93146
3.0406,0.456907,,999.728,-403.207,-1225.26,,0.255172,-2.88937,,10.1143,-7.74946
3.0414,0.537336,,998.806,-408.212,-5369.81,,0.258981,-2.73868,,10.7116,-9.93326
3.04225,0.618975,,999.173,-399.067,-3724.04,,0.255501,-2.65949,,11.4849,-12.661
3.04268,0.705283,,1000.59,-378.059,2688.66,,0.244355,-2.63797,,12.517,-15.916
3.0423,0.797419,,1002.93,-346.645,13340.4,,0.22503,-2.66588,,13.8579,-19.4142
3.04089,0.894631,,1005.95,-306.373,27315.8,,0.198292,-2.73074,,15.4903,-22.5584
3.03854,0.994825,,1009.24,-258.705,42868.7,,0.166343,-2.81237,,17.3008,-24.5604
3.03557,1.0956,,1012.34,-204.744,57766.7,,0.132171,-2.88964,,19.104,-24.7592
3.03238,1.19518,,1014.86,-145.384,70131.4,,0.0987058,-2.95017,,20.7118,-22.897
3.02928,1.2931,,1016.65,-81.7093,79005.3,,0.0679691,-2.99038,,21.9951,-19.0956
3.02641,1.38989,,1017.7,-15.1013,84228.3,,0.0403712,-3.01012,,22.8801,-13.6714
3.0238,1.48621,,1018.07,52.7266,86078.2,,0.0152254,-3.01391,,23.3207,-7.04667
3.02146,1.58225,,1017.85,119.458,85018.1,,-0.00786037,-3.01359,,23.2971,0.265926
3.01939,1.67809,,1017.17,181.684,81599.9,,-0.0288201,-3.02064,,22.8194,7.74944
3.0176,1.77396,,1016.14,235.853,76434.6,,-0.0473076,-3.04246,,21.9201,14.9377
3.01608,1.87029,,1014.87,279.464,70168.3,,-0.0627502,-3.08223,,20.6472,21.4509
3.0148,1.96748,,1013.49,311.036,63418.2,,-0.0743104,-3.13985,,19.0603,27.0016
3.01374,2.06596,,1012.11,329.709,56685.8,,-0.0808701,-3.21198,,17.2304,31.4214
3.01291,2.16599,,1010.79,334.965,50310.2,,-0.0810895,-3.29271,,15.2404,34.6205
3.01232,2.2677,,1009.58,326.831,44471.8,,-0.0736455,-3.37404,,13.1833,36.5779
3.01197,2.37095,,1008.45,306.194,39123.6,,-0.057669,-3.44651,,11.1558,37.3458
3.01179,2.47522,,1007.36,274.97,33944,,-0.0333213,-3.50182,,9.25095,37.0339
3.01165,2.57926,,1006.2,236.202,28522.4,,-0.00244589,-3.53868,,7.54819,35.7795
3.01131,2.68091,,1005.04,194.442,23102,,0.0312323,-3.5665,,6.09909,33.7561
3.01056,2.77858,,1004.2,154.159,19197.5,,0.0640237,-3.58891,,4.9092,31.2865
3.00943,2.87467,,1003.81,112.715,17383.5,,0.0954912,-3.57819,,3.93939,28.6718
3.00805,2.97347,,1003.29,63.9946,15013,,0.12543,-3.52369,,3.14415,25.5847
3.00636,3.07386,,1002.63,10.8718,11967.5,,0.150473,-3.45491,,2.51861,21.9661
3.00447,3.17639,,1001.37,-43.4516,6198.23,,0.168696,-3.38732,,2.02475,16.9515
3.00232,3.2747,,1001.79,-41.9392,8139.88,,0.175455,-3.44518,,1.76977,14.7609
3.0003,3.36854,,1005.2,-178.12,23838.2,,0.188356,-3.20002,,1.82677,20.2131
2.99859,3.47641,,1001.55,-388.915,7021.04,,0.193303,-2.87989,,1.56981,9.02924
2.99699,3.57911,,1000.15,-335.032,676.969,,0.180141,-3.00814,,1.52361,2.74335
2.99608,3.67449,,1003.89,-397.277,17755.4,,0.172768,-2.93521,,1.75499,12.8428
2.99551,3.77408,,1004.91,-507.788,22469.9,,0.159886,-2.7883,,1.82267,15.3088
3.1,-0.3,,1010.33,0,48069,,0,0,,0,0
3.1,-0.2,,1010.12,0,47088,,0,0,,0,0
3.1,-0.1,,1009.92,0,46107,,0,0,,0,0
3.05965,-0.886836,,1000.16,-1108.71,742.877,,-1.13871,-5.06582,,3.18436,-10.9781
3.06734,-0.806725,,1008.67,-1234.92,40137.7,,-1.1055,-5.29055,,3.82155,-42.975
3.0775,-0.745315,,1004.14,-333.874,18895.8,,-1.00128,-4.09279,,4.80482,-27.5802
3.08902,-0.695298,,996.745,-527.869,-14543.8,,-0.89166,-4.37902,,5.75394,-7.09595
3.10059,-0.635495,,998.806,-599.649,-5367.96,,-0.772747,-4.53226,,6.83327,-15.4225
3.11116,-0.548291,,1013.73,48.6386,64556,,-0.664936,-3.0619,,8.48234,-46.7932
3.11958,-0.641956,,948.097,1185.42,-200745,,-0.60422,-1.25326,,5.84683,104.742
3.13091,-0.465703,,1011.92,-1978.81,55737.2,,-0.214728,-9.41923,,10.5763,-38.6062
3.13995,-0.0745881,,1040.94,-154.056,209034,,0.156449,-5.49533,,12.3842,-8.29305
3.14152,0.13299,,1022.44,-209.114,108326,,0.328006,-4.17936,,13.5113,-1.34162
3.14003,0.269176,,1010.56,-307.174,49194.8,,0.37777,-3.52738,,14.2862,-3.54846
3.13864,0.371108,,1004.28,-360.08,19581.4,,0.382552,-3.13362,,14.7663,-5.42617
3.13831,0.457118,,1001.19,-382.697,5371.37,,0.373471,-2.89274,,15.221,-7.17654
3.13892,0.537753,,999.958,-387.135,-191.732,,0.359582,-2.75067,,15.8032,-9.19538
3.13995,0.619262,,999.993,-378.99,-30.3404,,0.34184,-2.67894,,16.6115,-11.6674
3.14079,0.705084,,1001.04,-360.747,4723.7,,0.319107,-2.66373,,17.7271,-14.5911
3.1409,0.796473,,1002.97,-333.97,13541.8,,0.290781,-2.69611,,19.2062,-17.7315
3.13988,0.892862,,1005.59,-299.985,25646.4,,0.257418,-2.76334,,21.0367,-20.583
3.13763,0.99236,,1008.54,-259.637,39539.7,,0.22026,-2.84566,,23.0983,-22.46
3.13431,1.09272,,1011.4,-213.129,53221.6,,0.180821,-2.92235,,25.1812,-22.7551
3.13039,1.19221,,1013.8,-160.457,64904.7,,0.140951,-2.98106,,27.0637,-21.1844
3.12635,1.29027,,1015.56,-102.164,73562.1,,0.102645,-3.01858,,28.5872,-17.8006
3.12259,1.38727,,1016.63,-39.5509,78891.4,,0.067206,-3.03582,,29.661,-12.8618
3.1193,1.48382,,1017.06,25.5661,81044.2,,0.0349469,-3.03755,,30.2343,-6.74772
3.11659,1.58013,,1016.93,90.7459,80402.1,,0.00617871,-3.03502,,30.2866,0.0655055
3.11447,1.67626,,1016.35,152.487,77476.2,,-0.0185831,-3.03941,,29.8311,7.08425
3.11292,1.77245,,1015.41,207.184,72858.4,,-0.0387669,-3.05797,,28.9046,13.8574
3.11185,1.86907,,1014.26,252.298,67187.6,,-0.0537887,-3.09375,,27.5608,20.0163
3.11118,1.96655,,1013.01,286.378,61070.3,,-0.06296,-3.14648,,25.8652,25.2844
3.1108,2.06527,,1011.76,308.641,54984.6,,-0.0654496,-3.21265,,23.8937,29.5024
3.11064,2.16554,,1010.57,318.624,49228.1,,-0.0603506,-3.28624,,21.7322,32.5892
3.11063,2.26745,,1009.46,316.315,43919.6,,-0.0469455,-3.35935,,19.476,34.528
3.1107,2.37079,,1008.41,302.398,38937.2,,-0.0251906,-3.42321,,17.2236,35.3694
3.11069,2.47485,,1007.35,278.432,33911.2,,0.00366505,-3.4714,,15.07,35.2134
3.11039,2.57813,,1006.2,247.058,28513.3,,0.0366468,-3.50549,,13.0983,34.1812
3.10957,2.67848,,1005.07,212.375,23230.7,,0.0698583,-3.53541,,11.3702,32.4348
3.1082,2.7751,,1004.28,177.846,19574.8,,0.10152,-3.55986,,9.91137,30.2692
3.10654,2.87114,,1003.85,140.317,17583.9,,0.133194,-3.55064,,8.68709,27.8784
3.10474,2.97018,,1003.25,96.3616,14809.9,,0.163211,-3.50812,,7.62971,24.9251
3.10265,3.07023,,1002.67,49.2742,12160.7,,0.18778,-3.45574,,6.7555,21.6107
3.10049,3.17267,,1001.52,-1.86363,6880.73,,0.206015,-3.39489,,5.99242,16.9606
3.09815,3.27153,,1001.87,1.32154,8487.95,,0.21236,-3.4578,,5.53717,14.7804
3.09592,3.36619,,1005.05,-124.251,23148.4,,0.228461,-3.23539,,5.48272,19.7626
3.09427,3.47428,,1001.52,-311.877,6901.96,,0.231417,-2.95418,,4.84547,8.9354
3.09319,3.57695,,1000.46,-237.694,2062.54,,0.216638,-3.11306,,4.52994,3.66166
3.09293,3.67229,,1004.57,-279.19,20894.3,,0.211502,-3.06913,,4.54888,14.9261
3.09265,3.77199,,1005.91,-381.073,27158.9,,0.195393,-2.93517,,4.2602,18.5091
3.2,-0.3,,1010.33,0,48069,,0,0,,0,0
3.2,-0.2,,1010.12,0,47088,,0,0,,0,0
3.2,-0.1,,1009.92,0,46107,,0,0,,0,0
3.14099,-0.887716,,999.725,-1240.25,-1239.05,,-1.1096,-5.2037,,4.08304,-8.42798
3.14947,-0.807898,,1007.99,-1297.49,36913,,-1.05579,-5.33966,,6.08401,-39.6562
3.15995,-0.74529,,1004.3,-431.519,19657.2,,-1.00519,-4.19313,,6.893,-26.9905
3.17221,-0.693883,,997.519,-549.764,-11111.4,,-0.902296,-4.35826,,7.25917,-8.00317
3.18572,-0.635774,,998.376,-637.533,-7294.62,,-0.780393,-4.52242,,8.78314,-12.8576
3.19998,-0.54547,,1014.59,-19.2229,68809.3,,-0.715602,-3.11534,,13.2377,-46.9265
3.22778,-0.633061,,951.061,1195.1,-190936,,-0.822246,-1.10198,,0.147137,98.2193
3.26004,-0.468415,,1009.14,-2137.93,42401.3,,0.439049,-9.33474,,16.852,-32.7442
3.25304,-0.0749969,,1042.39,-190.246,217382,,0.605639,-5.42494,,21.8042,-8.60887
3.24378,0.131264,,1024.58,-198.751,119438,,0.60516,-4.14494,,20.2047,-0.836906
3.23619,0.266905,,1012.61,-280.07,59114.5,,0.567847,-3.52918,,19.9347,-3.00809
3.23162,0.369284,,1006.04,-328.199,27742.4,,0.522482,-3.15388,,19.9561,-4.91696
3.22991,0.456081,,1002.61,-349.922,11875.6,,0.481561,-2.92152,,20.1967,-6.61078
3.23021,0.537367,,1001.04,-354.961,4728.91,,0.445596,-2.78436,,20.6898,-8.47901
3.23155,0.619147,,1000.71,-348.647,3231.58,,0.411427,-2.71635,,21.4846,-10.7068
3.23304,0.704804,,1001.35,-333.733,6135.11,,0.376311,-2.70382,,22.6443,-13.3019
3.23397,0.795665,,1002.83,-311.978,12885.6,,0.339292,-2.73721,,24.2222,-16.0696
3.23373,0.891314,,1004.98,-284.625,22817.2,,0.300581,-2.80368,,26.2071,-18.5886
3.23193,0.990071,,1007.52,-252.042,34688.4,,0.2601,-2.8842,,28.4722,-20.2828
3.22853,1.08989,,1010.06,-213.583,46794,,0.217277,-2.95873,,30.7897,-20.6198
3.22398,1.18918,,1012.28,-168.281,57511,,0.172322,-3.01491,,32.9123,-19.3104
3.219,1.28734,,1013.98,-116.009,65777,,0.126935,-3.04939,,34.6548,-16.3425
3.21428,1.38461,,1015.07,-57.879,71133.7,,0.0834248,-3.0636,,35.9088,-11.9044
3.21031,1.48151,,1015.56,4.19035,73567.1,,0.0436038,-3.06259,,36.6173,-6.32316
3.20732,1.57821,,1015.51,67.5799,73340.4,,0.0089462,-3.05707,,36.7589,-0.0345796
3.20536,1.67477,,1015.02,128.633,70903.3,,-0.0192951,-3.05795,,36.3482,6.49193
3.20437,1.77138,,1014.19,183.636,66822.7,,-0.0402664,-3.07239,,35.4254,12.8189
3.20414,1.86841,,1013.15,230.035,61731.7,,-0.0534915,-3.10332,,34.0473,18.5889
3.20445,1.96623,,1012.02,266.437,56227,,-0.0587184,-3.15035,,32.2823,23.5376
3.20507,2.06525,,1010.89,292.156,50758.6,,-0.0557858,-3.2099,,30.2076,27.5164
3.2058,2.16571,,1009.81,306.779,45574.1,,-0.0446224,-3.27597,,27.9091,30.4531
3.20646,2.26768,,1008.79,310.221,40724.1,,-0.0255056,-3.34115,,25.4807,32.3351
3.20686,2.37081,,1007.8,302.941,36027,,0.000424659,-3.39794,,23.0201,33.209
3.20679,2.47413,,1006.76,286.178,31133.1,,0.0306549,-3.44251,,20.6239,33.1622
3.20602,2.57589,,1005.65,262.314,25924.4,,0.0616012,-3.47903,,18.3844,32.3035
3.20451,2.67424,,1004.63,235.008,21191.3,,0.0909084,-3.51526,,16.3865,30.7973
3.20257,2.76959,,1003.99,206.331,18222.9,,0.120421,-3.54171,,14.6774,28.9072
3.20072,2.86597,,1003.55,172.473,16200.6,,0.152759,-3.53121,,13.2008,26.6746
3.19889,2.96575,,1002.85,133.359,12962.6,,0.182314,-3.4996,,11.8653,23.7391
3.19669,3.06587,,1002.35,92.3937,10657.4,,0.205894,-3.46253,,10.7477,20.5955
3.19458,3.16877,,1001.21,44.8848,5469.21,,0.224077,-3.40845,,9.7055,16.0242
3.1923,3.26851,,1001.43,54.1219,6484.38,,0.228468,-3.4854,,9.04412,13.5707
3.19008,3.36415,,1004.4,-59.3837,20120.3,,0.247447,-3.2864,,8.89292,17.9049
3.18872,3.47326,,1000.63,-218.066,2866.57,,0.247604,-3.05216,,7.84405,6.29052
3.18832,3.57622,,999.741,-90.3097,-1166.25,,0.229585,-3.29183,,7.29673,1.27563
3.18888,3.67091,,1004.72,-80.2918,21593.5,,0.228027,-3.31761,,7.1867,14.9624
3.1891,3.77032,,1006.83,-169.96,31480.9,,0.21241,-3.19798,,6.56411,21.0107
3.3,-0.3,,1010.33,0,48069,,0,0,,0,0
3.3,-0.2,,1010.12,0,47088,,0,0,,0,0
3.3,-0.1,,1009.92,0,46107,,0,0,,0,0
3.21618,-0.884925,,1000.93,-1278.23,4219.77,,-1.10059,-5.23031,,5.23043,-12.0903
3.22474,-0.80722,,1007.27,-1272.77,33552.2,,-1.04259,-5.27684,,8.22723,-35.9794
3.23543,-0.743686,,1004.17,-491.128,19058.7,,-1.04842,-4.24379,,8.91392,-25.2491
3.24868,-0.690603,,998.05,-544.447,-8746.7,,-0.966992,-4.30341,,8.70738,-8.03668
3.26512,-0.633861,,997.583,-651.083,-10827.1,,-0.851352,-4.4809,,10.2532,-9.16544
3.28468,-0.540305,,1014.71,-75.2147,69403.4,,-0.848553,-3.16781,,18.2782,-45.3091
3.33927,-0.612558,,955.607,1216.74,-175538,,-1.21492,-0.912787,,-6.55915,86.4819
3.40706,-0.474225,,997.358,-2466.84,-11827,,1.27076,-9.08994,,17.3374,-11.5764
3.37544,-0.0812001,,1041.92,-268.979,214719,,1.22585,-5.45154,,33.778,-10.6908
3.34845,0.125381,,1026.43,-185.428,129172,,0.954864,-4.16126,,27.7992,-0.710309
3.33117,0.261383,,1014.73,-244.442,69493.8,,0.787057,-3.56781,,25.7705,-2.48968
3.32161,0.364963,,1007.94,-287.659,36703.6,,0.671205,-3.20483,,25.0292,-4.38458
3.31765,0.453212,,1004.19,-309.158,19149.4,,0.587901,-2.97673,,24.9009,-6.0393
3.31725,0.535725,,1002.26,-315.425,10282.7,,0.523711,-2.84082,,25.2064,-7.7855
3.31874,0.61827,,1001.54,-311.373,6962.58,,0.469104,-2.77316,,25.9089,-9.79824
3.32089,0.704172,,1001.73,-299.987,7843.18,,0.418966,-2.76,,27.038,-12.089
3.32276,0.79482,,1002.71,-283.251,12335.8,,0.371884,-2.79113,,28.6377,-14.4948
3.32353,0.889939,,1004.35,-262.406,19868.9,,0.327761,-2.85362,,30.6962,-16.6681
3.32247,0.988053,,1006.4,-237.492,29460.9,,0.285053,-2.92935,,33.0851,-18.139
3.31923,1.08735,,1008.58,-207.133,39744,,0.240629,-2.99933,,35.57,-18.4628
3.31419,1.18641,,1010.59,-169.425,49313.1,,0.192423,-3.05132,,37.8873,-17.3656
3.30831,1.28468,,1012.2,-123.498,57091.1,,0.141354,-3.08169,,39.827,-14.7842
3.30263,1.38228,,1013.3,-70.1496,62443.7,,0.0905583,-3.09192,,41.2567,-10.8347
3.29798,1.47961,,1013.85,-11.367,65146.6,,0.043551,-3.08729,,42.1056,-5.78627
3.2948,1.5768,,1013.88,50.0143,65304.8,,0.00335009,-3.07806,,42.3466,-0.0317305
3.29322,1.67387,,1013.47,110.141,63285.3,,-0.0277925,-3.07484,,41.9935,5.98547
3.29307,1.771,,1012.72,165.152,59630.5,,-0.0486386,-3.08462,,41.089,11.8414
3.29403,1.86848,,1011.76,212.491,54979,,-0.0589188,-3.11024,,39.6927,17.1915
3.29567,1.9667,,1010.71,250.851,49932.9,,-0.0591267,-3.15117,,37.8752,21.7858
3.29753,2.06599,,1009.67,279.669,44925.6,,-0.050225,-3.20382,,35.7136,25.4902
3.29922,2.16661,,1008.67,298.577,40161,,-0.0334824,-3.2624,,33.2908,28.2431
3.3004,2.26852,,1007.72,307.388,35632.5,,-0.0106334,-3.32022,,30.6974,30.0362
3.30078,2.37121,,1006.76,306.317,31128.5,,0.0157261,-3.37153,,28.0294,30.9089
3.3001,2.47342,,1005.75,296.322,26382,,0.0421182,-3.41535,,25.3902,30.9328
3.29833,2.57325,,1004.71,279.623,21541.8,,0.0658271,-3.45761,,22.8963,30.2063
3.29585,2.66933,,1003.86,259.415,17632.3,,0.0884662,-3.50195,,20.671,28.9
3.29354,2.76338,,1003.41,236.329,15526.9,,0.116538,-3.53023,,18.768,27.2344
3.29207,2.86022,,1002.96,206.156,13495.1,,0.151139,-3.51808,,17.0647,25.0857
3.29076,2.96093,,1002.15,172.172,9780.49,,0.179765,-3.49702,,15.4485,22.0803
3.28885,3.06138,,1001.7,137.326,7725.22,,0.201839,-3.47395,,14.1055,18.9865
3.28718,3.16508,,1000.52,93.9437,2343.19,,0.219845,-3.42702,,12.7755,14.2806
3.28524,3.26599,,1000.55,111.986,2482.81,,0.219978,-3.52345,,11.9015,11.2983
3.28323,3.36273,,1003.32,12.2637,15149.5,,0.241206,-3.34974,,11.6872,14.8627
3.2824,3.4735,,999.071,-118.631,-4178.69,,0.238038,-3.15918,,10.1918,1.68063
3.28281,3.57749,,997.957,81.7508,-9163.91,,0.214107,-3.51083,,9.4444,-4.43613
3.2843,3.6714,,1003.92,173.282,17899.6,,0.217221,-3.64995,,9.3369,11.6912
3.28522,3.77026,,1007.11,106.374,32789.7,,0.207392,-3.55671,,8.46401,20.9696
3.4,-0.3,,1010.33,0,48069,,0,0,,0,0
3.4,-0.2,,1010.12,0,47088,,0,0,,0,0
3.4,-0.1,,1009.92,0,46107,,0,0,,0,0
3.28558,-0.879828,,1003.17,-1231.49,14425.5,,-1.12625,-5.1576,,7.10175,-19.5789
3.29377,-0.805611,,1006.46,-1191.66,29720.5,,-1.08204,-5.14551,,10.0655,-31.7764
3.30483,-0.741257,,1003.84,-520.293,17546.2,,-1.13833,-4.26028,,10.6838,-22.7292
3.31959,-0.686403,,998.339,-526.623,-7456.49,,-1.09043,-4.24433,,9.96485,-7.2325
3.33999,-0.630265,,996.621,-644.407,-15094.2,,-0.994351,-4.42496,,11.0515,-4.86886
3.36594,-0.533975,,1013.91,-130.873,65455.9,,-1.07757,-3.27326,,22.9012,-41.7573
3.44965,-0.575539,,962.993,1216.07,-149560,,-1.83008,-0.803314,,-10.7306,66.8385
3.57203,-0.478903,,970.62,-2847.33,-121450,,1.84443,-8.30886,,-9.66905,39.7501
3.51589,-0.0973001,,1036.39,-498.995,183246,,2.05618,-5.62983,,46.5331,-15.0281
3.46375,0.113005,,1027.31,-197.064,133815,,1.43195,-4.25015,,36.4521,-1.44592
3.43262,0.251198,,1016.88,-210.196,80125.6,,1.08398,-3.65013,,32.0089,-2.07348
3.4158,0.357203,,1010.16,-242.758,47269.7,,0.872477,-3.2895,,30.1775,-3.80262
3.40822,0.447813,,1006.16,-262.679,28300.6,,0.731899,-3.06089,,29.4924,-5.41457
3.40618,0.53225,,1003.87,-270.084,17650.4,,0.628957,-2.92306,,29.471,-7.0665
3.40711,0.616117,,1002.71,-268.539,12337.2,,0.545507,-2.85291,,29.9566,-8.89755
3.40936,0.702729,,1002.42,-260.913,10990.7,,0.473444,-2.83615,,30.9326,-10.9162
3.41181,0.793563,,1002.86,-249.271,12999.1,,0.411006,-2.86175,,32.429,-12.9842
3.41344,0.888491,,1003.92,-234.857,17883,,0.358128,-2.91669,,34.4352,-14.817
3.41316,0.98622,,1005.44,-217.494,24935.3,,0.312074,-2.98395,,36.8328,-16.0416
3.41024,1.08517,,1007.19,-195.224,33167,,0.267014,-3.04594,,39.3982,-16.3047
3.4049,1.18412,,1008.94,-165.3,41436.7,,0.217858,-3.09096,,41.8635,-15.3668
3.39822,1.28256,,1010.45,-126.061,48666.2,,0.163722,-3.11519,,43.9905,-13.1324
3.39163,1.38056,,1011.56,-77.8618,54019.1,,0.107751,-3.11995,,45.6071,-9.6532
3.38631,1.47839,,1012.18,-22.6754,57006.9,,0.054823,-3.11069,,46.6101,-5.13807
3.38298,1.57612,,1012.29,36.4377,57525.7,,0.00961787,-3.09717,,46.9553,0.0665878
3.38184,1.67374,,1011.94,95.3866,55829.8,,-0.0243722,-3.08954,,46.6514,5.54806
3.38268,1.7714,,1011.23,150.135,52434.5,,-0.0453206,-3.09447,,45.7441,10.9001
3.38497,1.86937,,1010.31,198.093,48001.2,,-0.0531361,-3.11461,,44.3005,15.7937
3.38801,1.96797,,1009.3,238.05,43169,,-0.0492392,-3.14929,,42.399,19.9976
3.39107,2.06754,,1008.3,269.575,38390.1,,-0.0360772,-3.19495,,40.1213,23.3956
3.39348,2.16828,,1007.34,292.36,33860.9,,-0.0166825,-3.24611,,37.5508,25.9389
3.3947,2.27009,,1006.42,306.116,29554.4,,0.00543142,-3.29694,,34.7759,27.623
3.39432,2.37232,,1005.51,310.807,25266,,0.0262567,-3.34344,,31.894,28.4781
3.39218,2.47351,,1004.55,307.099,20817.1,,0.0421782,-3.3869,,29.0207,28.5568
3.38862,2.57168,,1003.62,296.928,16521.4,,0.0531354,-3.43394,,26.3049,27.9422
3.38475,2.66594,,1002.94,282.885,13407,,0.066463,-3.48441,,23.9051,26.7929
3.38217,2.75894,,1002.61,264.635,11856.1,,0.0929777,-3.51525,,21.8554,25.2634
3.38152,2.85585,,1002.12,238.539,9615.44,,0.129605,-3.50672,,19.9417,23.1052
3.38122,2.95691,,1001.23,210.447,5585.67,,0.155855,-3.49885,,18.0561,19.9999
3.38001,3.05762,,1000.82,181.349,3722.51,,0.176037,-3.48779,,16.5134,16.8751
3.37919,3.16221,,999.547,142.661,-2041.03,,0.193607,-3.44933,,14.8827,11.8955
3.37788,3.26447,,999.339,170.316,-2977.72,,0.186791,-3.56656,,13.7855,8.21438
3.37626,3.36238,,1001.93,86.2515,8761.4,,0.209575,-3.42158,,13.555,10.9315
3.37621,3.47508,,997.136,-24.5657,-12814.8,,0.20436,-3.26074,,11.5925,-3.99332
3.37751,3.58118,,995.228,245.538,-21228.3,,0.171558,-3.72431,,10.6361,-12.9174
3.37991,3.67493,,1001.79,439.195,8129.41,,0.178751,-4.01221,,10.6712,4.11381
3.38165,3.7733,,1006.1,410.109,28051.8,,0.180087,-3.96676,,9.70714,16.4163
3.5,-0.3,,1010.33,0,48069,,0,0,,0,0
3.5,-0.2,,1010.12,0,47088,,0,0,,0,0
3.5,-0.1,,1009.92,0,46107,,0,0,,0,0
3.35013,-0.87404,,1005.75,-1114.67,26403.3,,-1.19624,-5.00592,,9.82604,-28.2577
3.3579,-0.804063,,1005.54,-1084.66,25409.6,,-1.17605,-4.99037,,11.4515,-27.0989
3.36966,-0.73888,,1003.44,-524.517,15702.9,,-1.2748,-4.25662,,12.1112,-19.8748
3.38651,-0.682355,,998.415,-508.809,-7118.96,,-1.26735,-4.20923,,10.8829,-5.68032
3.41154,-0.625646,,995.738,-615.238,-18989.6,,-1.21096,-4.36551,,11.1288,-0.619777
3.44407,-0.528971,,1011.73,-199.72,54833.8,,-1.3898,-3.49323,,25.9105,-35.568
3.54819,-0.52362,,973.646,1112.22,-109927,,-2.56728,-1.05761,,-7.5447,41.0741
3.72955,-0.462217,,936.975,-2341.54,-235937,,1.05561,-6.45819,,-75.4108,106.141
3.68288,-0.126287,,1017.28,-1092.72,82125.9,,2.90626,-5.94659,,45.3628,-15.9896
3.60396,0.0914133,,1024,-316.22,116399,,2.1011,-4.46124,,44.6477,-4.15349
3.55521,0.23483,,1017.66,-207.19,84046.8,,1.54611,-3.79997,,38.6441,-2.30786
3.52825,0.345021,,1011.97,-205.612,56005.9,,1.21001,-3.42207,,35.5956,-3.36473
3.51476,0.439134,,1008.06,-215.877,37280.6,,0.989181,-3.1853,,34.1593,-4.7819
3.50905,0.526298,,1005.54,-221.701,25399.8,,0.828087,-3.04126,,33.6178,-6.29362
3.50756,0.612111,,1003.99,-221.962,18233.4,,0.698689,-2.9648,,33.6968,-7.9308
3.50827,0.699972,,1003.21,-218.105,14618,,0.589614,-2.94025,,34.3307,-9.68002
3.50998,0.791491,,1003.07,-211.726,13982.7,,0.499031,-2.95558,,35.5316,-11.419
3.51158,0.886688,,1003.5,-203.883,15955.7,,0.427638,-2.99785,,37.2927,-12.9138
3.51167,0.984431,,1004.4,-194.228,20132.9,,0.372566,-3.05151,,39.5228,-13.8747
3.5091,1.08333,,1005.66,-180.405,25962.9,,0.325901,-3.1009,,42.0375,-14.037
3.50372,1.18236,,1007.08,-158.945,32649.2,,0.278765,-3.13528,,44.5856,-13.212
3.49657,1.28109,,1008.46,-127.312,39172.8,,0.226461,-3.15077,,46.897,-11.2967
3.48925,1.37956,,1009.58,-85.1836,44498.7,,0.169974,-3.14841,,48.7339,-8.2927
3.48329,1.47792,,1010.28,-34.3071,47824.6,,0.114077,-3.13354,,49.9267,-4.34733
3.47969,1.57621,,1010.47,22.0924,48766,,0.0646017,-3.11528,,50.3883,0.250117
3.47876,1.67439,,1010.19,79.6376,47405.4,,0.0264269,-3.10298,,50.1107,5.13029
3.48027,1.7726,,1009.52,134.04,44203.1,,0.00238714,-3.10282,,49.1442,9.91534
3.48352,1.87107,,1008.61,182.564,39850.2,,-0.00716743,-3.11714,,47.5745,14.2977
3.48753,1.97007,,1007.59,224.028,35061.6,,-0.0042517,-3.14521,,45.5051,18.0674
3.49124,2.06991,,1006.6,258.11,30368.5,,0.00742497,-3.18365,,43.0413,21.1266
3.49367,2.17076,,1005.67,284.587,26031.6,,0.0232558,-3.22744,,40.2824,23.4375
3.49407,2.27252,,1004.82,303.131,22070.9,,0.0382169,-3.27156,,37.3256,24.9974
3.49196,2.37449,,1004.01,313.507,18318.4,,0.0473466,-3.3131,,34.2718,25.826
3.48735,2.47518,,1003.21,315.998,14608.2,,0.0475021,-3.35421,,31.2402,25.9569
3.48109,2.57267,,1002.46,311.915,11160.6,,0.0415349,-3.40114,,28.3857,25.448
3.47506,2.66629,,1001.91,303.028,8676.58,,0.0415605,-3.4527,,25.8624,24.4107
3.47161,2.75876,,1001.57,288.894,7125.39,,0.0609036,-3.48807,,23.6636,22.9115
3.47136,2.85497,,1000.99,267.841,4495.51,,0.0926717,-3.49362,,21.5285,20.6672
3.47192,2.95507,,1000.14,246.62,645.916,,0.112869,-3.5039,,19.4208,17.5261
3.47163,3.0556,,999.775,222.092,-1015.6,,0.131503,-3.50136,,17.7104,14.3399
3.47198,3.16093,,998.374,188.849,-7300.71,,0.147919,-3.47444,,15.7557,9.00335
3.47156,3.26446,,997.931,225.105,-9279.26,,0.131754,-3.61001,,14.4322,4.60445
3.47052,3.36358,,1000.33,158.022,1479.59,,0.155513,-3.49752,,14.2366,6.40689
3.47149,3.47806,,995.176,56.3496,-21454.9,,0.152535,-3.34744,,11.8333,-9.72195
3.47374,3.58744,,991.92,367.809,-35587.7,,0.109549,-3.88421,,10.6064,-22.8827
3.47684,3.6825,,998.188,663.352,-8132.95,,0.117881,-4.33069,,10.892,-7.86214
3.4793,3.78093,,1003.3,684.94,15049.4,,0.133945,-4.35575,,10.0786,6.09066
3.6,-0.3,,1010.33,0,48069,,0,0,,0,0
3.6,-0.2,,1010.12,0,47088,,0,0,,0,0
3.6,-0.1,,1009.92,0,46107,,0,0,,0,0
3.4113,-0.869056,,1008.14,-947.617,37652,,-1.31322,-4.80313,,13.1906,-36.029
3.41895,-0.803421,,1004.57,-974.341,20929.4,,-1.31519,-4.84538,,12.3199,-22.2047
3.43179,-0.737305,,1003.13,-506.966,14255.6,,-1.45149,-4.24304,,13.2341,-17.2017
3.45143,-0.67947,,998.259,-498.02,-7817.46,,-1.48188,-4.21499,,11.2802,-3.31209
3.48104,-0.6205,,995.316,-558.199,-20841.1,,-1.49384,-4.3083,,10.776,2.62559
3.52037,-0.528439,,1007.34,-285.329,33881,,-1.73174,-3.82941,,25.2717,-24.9481
3.62676,-0.473788,,984.362,817.91,-67342.4,,-3.06005,-1.94328,,1.15291,19.3022
3.82379,-0.405435,,931.696,-715.811,-251787,,-1.14972,-4.43419,,-101.191,107.543
3.85049,-0.157553,,978.901,-1697.47,-89392.7,,2.54488,-5.92726,,-8.41404,7.93977
3.77424,0.0593325,,1007.87,-693.93,36358.6,,2.65841,-4.82547,,37.7413,-7.32769
3.71189,0.210767,,1011.76,-328.38,54994.5,,2.12247,-4.07485,,40.6552,-4.39054
3.67322,0.327326,,1009.87,-226.674,45897.8,,1.69362,-3.64384,,38.7629,-3.93474
3.65075,0.42633,,1007.38,-197.917,34028.7,,1.38235,-3.37973,,37.1837,-4.63095
3.63788,0.517212,,1005.32,-188.386,24385.9,,1.1426,-3.21722,,36.2592,-5.72125
3.63048,0.605781,,1003.82,-183.503,17445.8,,0.94473,-3.12433,,35.9144,-7.00872
3.6264,0.695623,,1002.84,-179.577,12917,,0.776544,-3.08247,,36.1186,-8.40645
3.62457,0.788504,,1002.31,-176.049,10502.4,,0.637048,-3.07856,,36.884,-9.78283
3.624,0.884568,,1002.2,-173.049,10003.8,,0.529019,-3.10006,,38.2117,-10.9312
3.62323,0.982794,,1002.49,-169.911,11334.5,,0.451907,-3.13328,,40.0545,-11.617
3.62076,1.08194,,1003.17,-164.15,14430.6,,0.398248,-3.16484,,42.305,-11.6455
3.61585,1.1812,,1004.16,-151.816,19001.3,,0.355882,-3.18497,,44.7784,-10.8863
3.60903,1.28028,,1005.3,-129.31,24319,,0.313802,-3.18947,,47.2052,-9.25676
3.60169,1.37924,,1006.38,-95.073,29325.7,,0.266738,-3.17868,,49.2752,-6.73451
3.5954,1.47818,,1007.15,-50.0288,32956.9,,0.215616,-3.15732,,50.713,-3.40956
3.59134,1.57709,,1007.47,2.76089,34492,,0.165251,-3.13357,,51.342,0.501027
3.59002,1.67593,,1007.31,58.6532,33740.4,,0.121414,-3.11582,,51.1067,4.69232
3.59129,1.77477,,1006.74,112.944,31016.3,,0.0885835,-3.10966,,50.0534,8.8327
3.59439,1.8738,,1005.88,162.496,26989.3,,0.0686405,-3.11733,,48.299,12.644
3.5982,1.97322,,1004.9,205.902,22446.6,,0.0605879,-3.13837,,45.9993,15.9371
3.60144,2.07326,,1003.95,242.777,18039.4,,0.0612286,-3.16992,,43.3159,18.624
3.60294,2.1741,,1003.11,272.931,14162.4,,0.066118,-3.20767,,40.3946,20.6685
3.60177,2.27567,,1002.41,296.075,10955.9,,0.0701301,-3.24722,,37.3615,22.0651
3.59743,2.37741,,1001.83,311.946,8325.37,,0.0679827,-3.28569,,34.3217,22.8251
3.59006,2.47804,,1001.34,320.545,6050.34,,0.0562019,-3.32406,,31.3687,22.9708
3.58078,2.57591,,1000.89,322.41,4027.01,,0.037476,-3.36685,,28.599,22.5349
3.57197,2.67026,,1000.52,318.412,2371.7,,0.0237076,-3.41456,,26.0896,21.5617
3.56642,2.76304,,1000.18,308.687,794.061,,0.0276358,-3.4554,,23.7863,20.0312
3.56498,2.85804,,999.598,294.041,-1812.76,,0.043446,-3.48208,,21.4895,17.7278
3.56531,2.95609,,998.951,279.499,-4717.04,,0.0541229,-3.5106,,19.2935,14.704
3.56576,3.0561,,998.603,257.345,-6278.39,,0.0729333,-3.5119,,17.4423,11.4253
3.56741,3.16187,,997.054,230.796,-13175.8,,0.0862033,-3.50223,,15.1324,5.70041
3.56797,3.26635,,996.461,273.138,-15803.5,,0.0593729,-3.65062,,13.6207,0.762073
3.56765,3.36681,,998.622,222.438,-6192.88,,0.0839997,-3.57178,,13.5068,1.58145
3.56987,3.48251,,993.508,120.534,-28730,,0.0903323,-3.41685,,10.7707,-14.6252
3.57312,3.59605,,988.652,424.16,-49496.8,,0.0399447,-3.95326,,9.18348,-32.3534
3.5766,3.69454,,993.435,790.154,-29046.7,,0.0449997,-4.52369,,9.77316,-22.7552
3.57946,3.79421,,998.678,863.517,-5943.94,,0.0758743,-4.62873,,9.42286,-9.45739
3.7,-0.3,,1010.33,0,48069,,0,0,,0,0
3.7,-0.2,,1010.12,0,47088,,0,0,,0,0
3.7,-0.1,,1009.92,0,46107,,0,0,,0,0
3.4709,-0.865906,,1010.07,-750.129,46858.9,,-1.47282,-4.57739,,16.8609,-41.8936
3.47896,-0.804308,,1003.62,-870.876,16522.2,,-1.48506,-4.72637,,12.6519,-17.2738
3.49333,-0.736909,,1003.13,-472.405,14267.9,,-1.65656,-4.22969,,14.2938,-15.4446
3.51683,-0.678494,,997.715,-487.199,-10241.6,,-1.71673,-4.252,,10.7805,0.357621
3.55072,-0.614632,,995.848,-481.185,-18505.7,,-1.80838,-4.27179,,10.7602,3.61783
3.5989,-0.531447,,1000.65,-332.744,2931.4,,-2.05448,-4.12199,,18.9551,-8.79792
3.69571,-0.446072,,988.781,363.503,-48954.5,,-3.00602,-3.20743,,4.0152,12.7254
3.85259,-0.343596,,954.924,7.06929,-177879,,-2.38409,-4.0568,,-62.235,60.1389
3.93585,-0.16255,,959.071,-1048.69,-163505,,0.401664,-5.30352,,-55.3178,29.4718
3.9174,0.0277767,,982.305,-903.129,-75732.6,,1.88485,-5.04338,,-2.98848,-0.976559
3.87109,0.181378,,995.057,-541.592,-21977.3,,2.06633,-4.42952,,21.6605,-5.80024
3.83098,0.304396,,999.604,-338.676,-1785.82,,1.859,-3.96581,,29.4327,-5.59724
3.80165,0.409294,,1000.8,-241.673,3641.32,,1.59053,-3.65755,,31.8,-5.48115
3.78047,0.504973,,1000.9,-193.617,4059.68,,1.33292,-3.45682,,32.6564,-5.83544
3.76476,0.597327,,1000.7,-167.74,3171.08,,1.09615,-3.32992,,33.2,-6.53164
3.75304,0.690075,,1000.49,-152.802,2202.9,,0.88187,-3.25621,,33.8419,-7.44135
3.74474,0.785094,,1000.33,-144.083,1493.87,,0.695261,-3.22173,,34.7465,-8.40964
3.73934,0.882613,,1000.25,-139.485,1131.98,,0.544365,-3.21441,,35.976,-9.22702
3.73582,0.981697,,1000.28,-137.512,1263.79,,0.434865,-3.22202,,37.5361,-9.66965
3.73269,1.08127,,1000.49,-135.814,2202.04,,0.364822,-3.23265,,39.4071,-9.56757
3.72873,1.18079,,1000.94,-130.605,4264.44,,0.323767,-3.23671,,41.5359,-8.8272
3.72352,1.28022,,1001.64,-117.452,7423.95,,0.296587,-3.22891,,43.7769,-7.39925
3.71761,1.37972,,1002.44,-92.9531,11108.2,,0.269874,-3.20851,,45.8602,-5.27064
3.71208,1.47936,,1003.16,-56.1006,14374.7,,0.236268,-3.1794,,47.452,-2.50099
3.70799,1.57906,,1003.58,-8.81572,16319,,0.195218,-3.14886,,48.2699,0.757941
3.70601,1.67869,,1003.6,44.4518,16429.2,,0.150878,-3.12454,,48.1655,4.27359
3.70617,1.77826,,1003.23,98.5587,14722.5,,0.108947,-3.11176,,47.1409,7.77392
3.70795,1.87784,,1002.57,149.647,11671.8,,0.074054,-3.11299,,45.3222,11.0184
3.71037,1.97754,,1001.76,195.598,7980.01,,0.0485457,-3.12828,,42.9117,13.8376
3.71229,2.07751,,1000.95,235.457,4302.75,,0.0326407,-3.15546,,40.1304,16.1439
3.71257,2.17793,,1000.24,268.657,1105.99,,0.0249402,-3.19097,,37.1785,17.8934
3.71035,2.2788,,999.701,294.788,-1347.92,,0.0224831,-3.23075,,34.2223,19.072
3.70507,2.37978,,999.332,313.752,-3009.42,,0.0206996,-3.27124,,31.384,19.6843
3.69679,2.48007,,999.104,325.798,-4032.08,,0.0146706,-3.31088,,28.7335,19.7494
3.68644,2.57849,,998.953,331.431,-4712.02,,0.00256744,-3.351,,26.2868,19.2896
3.67614,2.67428,,998.799,331.253,-5401.46,,-0.0108852,-3.39344,,24.0044,18.3067
3.66852,2.76826,,998.547,325.996,-6528.74,,-0.0179306,-3.43624,,21.7834,16.7406
3.66484,2.86274,,998.135,317.38,-8370.73,,-0.0184538,-3.47725,,19.5389,14.4832
3.66392,2.95926,,997.754,306.546,-10069.4,,-0.0142025,-3.51388,,17.4271,11.6509
3.66482,3.05914,,997.303,284.848,-12071.8,,0.00605735,-3.51774,,15.4008,8.14657
3.66762,3.16509,,995.635,267.238,-19440.6,,0.0115326,-3.53372,,12.7376,2.10936
3.66906,3.27016,,995.061,311.674,-21960,,-0.0251778,-3.6863,,11.1669,-2.99957
3.66952,3.37223,,996.937,273.541,-13697.7,,0.00158488,-3.63666,,11.1806,-3.19587
3.67306,3.48849,,992.345,167.194,-33761.2,,0.025216,-3.47107,,8.32047,-18.1239
3.67737,3.60633,,986.198,407.986,-59762.7,,-0.0242113,-3.91819,,6.31544,-39.0332
3.68092,3.71049,,988.496,780.689,-50157,,-0.0261849,-4.52513,,7.19816,-37.2187
3.68366,3.81306,,993.022,887.559,-30839,,0.0152029,-4.6908,,7.64436,-26.9934
3.8,-0.3,,1010.33,0,48069,,0,0,,0,0
3.8,-0.2,,1010.12,0,47088,,0,0,,0,0
3.8,-0.1,,1009.92,0,46107,,0,0,,0,0
3.53087,-0.864969,,1011.61,-534.125,54256.9,,-1.6667,-4.34669,,20.6798,-46.1076
3.54014,-0.807108,,1002.62,-767.625,11927.8,,-1.67383,-4.62599,,12.3384,-12.0908
3.55647,-0.73764,,1003.69,-437.798,16850.5,,-1.86851,-4.23825,,15.743,-15.3798
3.58544,-0.679127,,996.779,-439.008,-14393.7,,-1.96797,-4.26505,,9.02972,5.37972
3.62424,-0.60804,,996.991,-431.427,-13457.8,,-2.08294,-4.31442,,11.1637,3.21125
3.68314,-0.527953,,995.214,-249.048,-21289.6,,-2.36776,-4.18711,,10.1309,5.69697
3.77457,-0.432374,,985.688,-0.138472,-61878.5,,-2.7048,-4.07777,,-5.88588,20.9574
3.88615,-0.308497,,971.091,-179.296,-119670,,-2.16409,-4.57723,,-36.9411,35.1575
3.96073,-0.149402,,969.584,-543.516,-125348,,-0.673489,-5.08583,,-40.573,21.2752
3.97944,0.0143272,,977.745,-586.452,-93967.8,,0.570031,-4.9953,,-19.5442,3.73527
3.96618,0.159337,,985.847,-463.159,-61219.9,,1.16594,-4.60662,,0.333909,-3.58902
3.94312,0.283377,,991.216,-336.643,-38609,,1.33412,-4.21542,,12.5148,-5.47468
3.91991,0.392249,,994.441,-247.64,-24669.6,,1.30033,-3.90692,,19.3895,-5.82048
3.89906,0.492327,,996.453,-190.787,-15836.7,,1.17988,-3.68174,,23.5483,-5.97032
3.88075,0.588643,,997.835,-155.085,-9705.9,,1.02185,-3.52372,,26.4399,-6.26996
3.86495,0.684606,,998.865,-132.82,-5102.5,,0.849281,-3.41806,,28.7694,-6.7627
3.85196,0.78202,,999.639,-119.405,-1626.43,,0.678578,-3.353,,30.8601,-7.36443
3.84211,0.881155,,1000.16,-112.054,742.916,,0.525427,-3.31774,,32.8323,-7.9014
3.83527,0.981201,,1000.44,-108.686,1999.07,,0.402937,-3.3012,,34.7014,-8.16297
3.83065,1.0813,,1000.53,-107.091,2409.52,,0.31733,-3.29205,,36.4683,-7.9803
3.82711,1.1812,,1000.57,-104.325,2562.54,,0.266152,-3.28045,,38.171,-7.26478
3.82374,1.28112,,1000.68,-96.566,3085.13,,0.239432,-3.26021,,39.8441,-5.9822
3.8202,1.38129,,1000.93,-79.7318,4206.11,,0.223173,-3.22984,,41.4142,-4.1358
3.81677,1.48175,,1001.24,-51.0331,5602.12,,0.204682,-3.19283,,42.6675,-1.78258
3.81399,1.58228,,1001.46,-10.5258,6628.29,,0.17676,-3.15603,,43.3347,0.958422
3.81236,1.68267,,1001.48,38.4918,6701.86,,0.138719,-3.12656,,43.2107,3.90631
3.81203,1.78281,,1001.23,91.1331,5591.37,,0.0944133,-3.10936,,42.2314,6.84515
3.81273,1.88273,,1000.77,143.128,3473.01,,0.0492814,-3.1068,,40.4806,9.57983
3.81383,1.98245,,1000.17,191.588,772.833,,0.00824991,-3.11897,,38.1428,11.9692
3.81451,2.08208,,999.538,234.705,-2079.91,,-0.025006,-3.14399,,35.4305,13.9304
3.81402,2.18177,,998.94,271.129,-4767.2,,-0.0482444,-3.17879,,32.538,15.4129
3.81172,2.28157,,998.425,299.88,-7071.68,,-0.0610509,-3.21969,,29.6336,16.3892
3.8072,2.38133,,998.023,320.646,-8868.87,,-0.0654381,-3.26299,,26.8519,16.847
3.80042,2.48066,,997.737,333.874,-10143.7,,-0.0656447,-3.30574,,24.2805,16.7878
3.7919,2.57895,,997.538,340.601,-11029.4,,-0.0665698,-3.34679,,21.9388,16.2189
3.78295,2.6757,,997.361,342.103,-11813.7,,-0.0710885,-3.38721,,19.7672,15.1355
3.77545,2.77108,,997.136,339.639,-12813,,-0.0784151,-3.42907,,17.6617,13.5006
3.7708,2.86626,,996.852,334.029,-14070.2,,-0.0846042,-3.47232,,15.5748,11.2781
3.76925,2.96299,,996.542,323.299,-15444.9,,-0.0810376,-3.50796,,13.5296,8.46272
3.77079,3.0636,,995.83,303.48,-18584.2,,-0.0646018,-3.52236,,11.21,4.55867
3.77447,3.16954,,994.206,297.489,-25694.9,,-0.0741745,-3.57075,,8.33768,-1.49098
3.77662,3.27509,,993.867,338.04,-27169.6,,-0.116069,-3.71462,,6.96314,-6.30652
3.77795,3.37933,,995.422,305.337,-20375.5,,-0.0831978,-3.68346,,7.15873,-7.46664
3.78269,3.49583,,991.767,196.203,-36245.3,,-0.0358914,-3.51251,,4.47835,-19.985
3.78806,3.61725,,985.254,335.493,-63672.4,,-0.0710798,-3.79835,,2.1233,-41.0735
3.79152,3.72853,,984.86,636.569,-65294.9,,-0.0803974,-4.31872,,3.19491,-46.7276
3.79362,3.83576,,988.046,741.12,-52046.5,,-0.0367009,-4.4919,,4.66763,-40.9014
3.9,-0.3,,1010.33,0,48069,,0,0,,0,0
3.9,-0.2,,1010.12,0,47088,,0,0,,0,0
3.9,-0.1,,1009.92,0,46107,,0,0,,0,0
3.59309,-0.865919,,1013.11,-298.725,61523.8,,-1.88752,-4.11226,,24.9216,-49.9909
3.60468,-0.811739,,1001.48,-631.6,6725.39,,-1.88203,-4.50556,,11.1631,-6.32403
3.62352,-0.739591,,1004.54,-440.173,20761.9,,-2.05205,-4.30715,,17.527,-16.1532
3.65897,-0.67877,,996.705,-303.308,-14723,,-2.24859,-4.19062,,7.57378,8.01072
3.7054,-0.602784,,996.325,-413.949,-16403.2,,-2.2801,-4.41215,,8.27219,7.59508
3.77051,-0.51285,,994.645,-165.323,-23781.5,,-2.56854,-4.2464,,6.03099,9.55699
3.8594,-0.409916,,984.659,-37.4641,-66121.7,,-2.64619,-4.30567,,-14.5937,25.1101
3.94849,-0.282234,,976.271,-236.769,-99750.4,,-1.9798,-4.73577,,-34.8051,29.3384
4.00777,-0.134546,,976.4,-413.556,-99245.2,,-0.90038,-5.00547,,-34.5906,17.1968
4.03281,0.013393,,980.684,-411.456,-82273.8,,-0.00558398,-4.9122,,-22.4854,5.07436
4.03574,0.14887,,985.075,-342.063,-64407.1,,0.541081,-4.6336,,-9.96994,-1.35507
4.02802,0.269849,,988.531,-269.909,-50009.6,,0.817701,-4.32893,,-0.391947,-4.10289
4.01601,0.379411,,991.143,-213.82,-38922.4,,0.928022,-4.06274,,6.54941,-5.2016
4.00238,0.481835,,993.223,-174.876,-29967.2,,0.942208,-3.84875,,11.8209,-5.67171
3.98819,0.580944,,995.002,-149.779,-22218.1,,0.899617,-3.68343,,16.1545,-5.94974
3.97414,0.679503,,996.575,-135.116,-15299.9,,0.822374,-3.56007,,19.9463,-6.21026
3.9611,0.779021,,997.915,-128.049,-9349.46,,0.72581,-3.47213,,23.336,-6.48912
3.95001,0.879705,,998.929,-125.971,-4815.56,,0.623435,-3.41268,,26.3014,-6.7179
3.9415,0.98084,,999.526,-126.19,-2136.46,,0.52711,-3.37341,,28.7519,-6.7627
3.93555,1.08175,,999.691,-126.07,-1391.37,,0.44533,-3.34458,,30.6305,-6.49066
3.93164,1.18237,,999.524,-123.145,-2143.58,,0.382046,-3.31695,,31.986,-5.81657
3.92902,1.28302,,999.2,-114.875,-3600.53,,0.336118,-3.28431,,32.9568,-4.6989
3.92702,1.38394,,998.889,-98.235,-4998.51,,0.300868,-3.24504,,33.6718,-3.13784
3.92535,1.48509,,998.67,-70.4706,-5978.12,,0.26654,-3.20231,,34.1417,-1.18392
3.92397,1.58619,,998.526,-30.8376,-6623.4,,0.225068,-3.1621,,34.2586,1.06571
3.92298,1.687,,998.392,18.3107,-7222.59,,0.173595,-3.13033,,33.8848,3.46904
3.92238,1.78743,,998.222,72.5252,-7980.92,,0.114636,-3.11106,,32.9516,5.86141
3.922,1.88746,,998.014,127.342,-8908.22,,0.053731,-3.10625,,31.4956,8.096
3.92149,1.98712,,997.792,179.3,-9899.13,,-0.00320323,-3.11607,,29.6278,10.065
3.92044,2.08647,,997.568,226.054,-10894.5,,-0.0515065,-3.13886,,27.4674,11.6955
3.91848,2.18559,,997.338,265.869,-11916.6,,-0.0882871,-3.1719,,25.1132,12.9338
3.91534,2.28452,,997.093,297.591,-13002.7,,-0.112675,-3.21188,,22.6547,13.7398
3.91086,2.3832,,996.835,320.88,-14147,,-0.126092,-3.25541,,20.1825,14.082
3.90507,2.48145,,996.575,336.231,-15295.8,,-0.131911,-3.29964,,17.7838,13.9361
3.89832,2.57901,,996.328,344.768,-16388.4,,-0.134504,-3.3428,,15.5211,13.2863
3.89134,2.67571,,996.096,347.864,-17414.1,,-0.137693,-3.38474,,13.4076,12.1223
3.88533,2.77168,,995.863,346.589,-18439.6,,-0.14266,-3.42633,,11.3996,10.4304
3.88155,2.86773,,995.589,340.915,-19643.1,,-0.146192,-3.46704,,9.40615,8.17043
3.88098,2.96547,,995.139,329.699,-21617.9,,-0.143284,-3.50274,,7.24426,5.17592
3.88381,3.06699,,994.207,316.471,-25693.5,,-0.141846,-3.53782,,4.62243,0.959246
3.88839,3.17276,,992.942,321.856,-31185.2,,-0.169972,-3.61365,,1.94173,-4.57195
3.8915,3.2792,,993.006,350.249,-30906.7,,-0.205694,-3.73222,,1.09373,-8.72645
3.89419,3.3865,,994.228,314.105,-25598,,-0.159148,-3.70578,,1.51618,-10.7096
3.90008,3.50363,,991.717,207.645,-36460,,-0.0851182,-3.54218,,-0.63232,-20.2896
3.90641,3.62749,,986.095,241.711,-60191,,-0.0907338,-3.64406,,-3.01763,-38.0396
3.90984,3.74588,,983.959,415.042,-68993.2,,-0.100764,-3.96828,,-1.93953,-47.6747
3.91102,3.85899,,985.817,480.341,-61340.8,,-0.0634315,-4.07998,,0.502619,-45.6072
4,-0.3,,1010.33,0,48069,,0,0,,0,0
4,-0.2,,1010.12,0,47088,,0,0,,0,0
4,-0.1,,1009.92,0,46107,,0,0,,0,0
3.65919,-0.867865,,1015.09,-33.4826,71240,,-2.13266,-3.86269,,30.3988,-55.4306
3.67446,-0.817055,,1000.57,-396.099,2595.26,,-2.13319,-4.29307,,9.55411,-1.32245
3.69709,-0.743809,,1004.03,-484.282,18395.4,,-2.18642,-4.4259,,17.0276,-12.459
3.73725,-0.674352,,999.522,-163.676,-2154.89,,-2.49812,-4.13216,,10.7164,2.03531
3.79341,-0.596808,,994.451,-241.617,-24627.7,,-2.53889,-4.32151,,1.65416,15.038
3.86153,-0.498795,,993.041,-184.715,-30757.1,,-2.59501,-4.40502,,-1.76904,15.5397
3.94059,-0.385742,,987.885,-88.9198,-52722,,-2.5304,-4.49235,,-14.8216,21.1443
4.01431,-0.257699,,983.214,-148.656,-72038.7,,-2.00684,-4.73104,,-27.5272,21.3625
4.06605,-0.12018,,982.752,-202.177,-73919,,-1.23808,-4.86691,,-28.9004,13.5651
4.09412,0.0156535,,984.548,-187.376,-66579.1,,-0.555598,-4.79853,,-23.1693,5.58375
4.10541,0.142681,,986.785,-152.18,-57320.5,,-0.0672523,-4.60861,,-15.8523,0.410058
4.10684,0.259569,,988.859,-120.519,-48626.7,,0.250356,-4.38386,,-9.13447,-2.47945
4.10283,0.368257,,990.665,-100.751,-40963.6,,0.448842,-4.16881,,-3.42705,-4.01872
4.09577,0.471743,,992.245,-93.6705,-34193.1,,0.569159,-3.97929,,1.43813,-4.83791
4.08695,0.572853,,993.637,-96.9709,-28169.7,,0.635916,-3.8188,,5.68506,-5.28926
4.07731,0.673661,,994.839,-107.248,-22931.7,,0.662044,-3.68722,,9.44052,-5.55604
4.06774,0.775244,,995.799,-120.678,-18720.1,,0.654621,-3.5833,,12.7161,-5.71469
4.05909,0.877626,,996.447,-133.24,-15861.9,,0.619126,-3.50426,,15.4501,-5.76208
4.05193,0.9801,,996.741,-140.978,-14561.8,,0.561309,-3.44497,,17.5779,-5.64328
4.04639,1.0821,,996.697,-140.79,-14757.2,,0.487772,-3.39789,,19.0885,-5.29048
4.04228,1.18368,,996.406,-131.288,-16045.1,,0.406529,-3.35491,,20.0706,-4.64845
4.0392,1.28517,,996.02,-112.412,-17747.9,,0.325342,-3.31034,,20.7061,-3.67903
4.0367,1.3868,,995.711,-84.3315,-19107.9,,0.248883,-3.26266,,21.2083,-2.37589
4.0344,1.48848,,995.599,-46.9032,-19598.8,,0.177088,-3.21453,,21.7089,-0.774812
4.03216,1.58997,,995.704,-0.782861,-19138.1,,0.107769,-3.17082,,22.179,1.05073
4.03001,1.69107,,995.959,51.2435,-18016.8,,0.0406352,-3.1365,,22.4638,2.99151
4.02802,1.79166,,996.269,104.73,-16649,,-0.0214815,-3.11523,,22.3918,4.9216
4.02621,1.89172,,996.555,155.576,-15384.9,,-0.0746005,-3.10899,,21.8546,6.72992
4.02446,1.99122,,996.763,201.131,-14464.3,,-0.116017,-3.11783,,20.8244,8.33407
4.02255,2.09022,,996.853,240.391,-14068.4,,-0.145541,-3.13982,,19.3199,9.67193
4.02025,2.18878,,996.798,273.099,-14311.6,,-0.164851,-3.17195,,17.3941,10.691
4.01734,2.28693,,996.6,299.282,-15189,,-0.176392,-3.21089,,15.1431,11.3434
4.01367,2.38464,,996.289,319.171,-16562,,-0.182807,-3.25351,,12.7042,11.584
4.00927,2.48185,,995.912,333.191,-18224,,-0.186654,-3.29743,,10.2224,11.3717
4.00442,2.57848,,995.509,341.852,-19996.7,,-0.189995,-3.34118,,7.80576,10.6702
3.99975,2.67455,,995.097,345.606,-21802.1,,-0.193963,-3.38423,,5.494,9.44665
3.99621,2.77039,,994.662,344.816,-23705.4,,-0.198726,-3.42667,,3.24648,7.66079
3.99489,2.86676,,994.147,340.122,-25951.2,,-0.204514,-3.46921,,0.948988,5.23721
3.99661,2.96498,,993.463,333.828,-28926.4,,-0.214471,-3.51485,,-1.53029,2.03226
4.00126,3.06651,,992.612,332.213,-32607.5,,-0.237066,-3.57362,,-4.09402,-2.06169
4.00722,3.17175,,992.035,342.441,-35095.9,,-0.273513,-3.65838,,-5.94941,-6.55136
4.0125,3.27956,,992.518,349.16,-33014.8,,-0.283713,-3.73781,,-6.03375,-9.94863
4.01795,3.39072,,993.401,301.772,-29195.1,,-0.213403,-3.70574,,-5.42232,-12.5629
4.0256,3.50965,,991.972,203.606,-35364.4,,-0.113201,-3.56339,,-6.73753,-19.4138
4.03305,3.63524,,988.266,164.431,-51120.9,,-0.0763887,-3.51995,,-8.48836,-31.5221
4.03685,3.75952,,986.135,210.168,-60025.5,,-0.070249,-3.61255,,-7.38891,-40.1903
4.03732,3.87908,,987.367,222.217,-54890.3,,-0.0403272,-3.61551,,-4.31883,-39.6273
4.1,-0.3,,1010.33,0,48069,,0,0,,0,0
4.1,-0.2,,1010.12,0,47088,,0,0,,0,0
4.1,-0.1,,1009.92,0,46107,,0,0,,0,0
3.73033,-0.869789,,1017.95,272.463,85473.1,,-2.40477,-3.58555,,38.1206,-63.7139
3.75024,-0.820322,,1001.47,2.28889,6654.24,,-2.46414,-3.92912,,10.4876,-2.6707
3.7794,-0.750122,,1000.7,-387.45,3154.23,,-2.36897,-4.38537,,10.2885,0.390838
3.82253,-0.669783,,1001.65,-199.003,7496.02,,-2.58273,-4.26431,,13.2868,-2.12023
3.883,-0.583862,,997.101,-22.2004,-12968.3,,-2.78171,-4.19223,,3.4729,10.1258
3.95453,-0.483965,,991.86,4.00674,-35846.4,,-2.76839,-4.30726,,-10.1966,20.1184
4.02772,-0.369198,,987.483,-61.3009,-54405.1,,-2.47647,-4.52385,,-23.3332,23.8664
4.09063,-0.243025,,985.757,-149.405,-61591.8,,-1.91011,-4.73554,,-29.6551,19.9036
4.1359,-0.11228,,986.443,-166.16,-58746,,-1.26816,-4.8094,,-28.4219,12.3733
4.16435,0.0157013,,987.74,-134.826,-53330.1,,-0.711391,-4.73818,,-24.4092,6.07957
4.18045,0.13691,,988.843,-103.941,-48691.5,,-0.280159,-4.58477,,-20.3421,1.86998
4.18845,0.250792,,989.627,-85.6328,-45377.6,,0.0375844,-4.40238,,-16.9289,-0.820399
4.19128,0.358797,,990.146,-80.0776,-43172.7,,0.264694,-4.22081,,-14.163,-2.5584
4.19062,0.463094,,990.499,-83.8189,-41670.2,,0.420134,-4.05353,,-11.8154,-3.70527
4.1875,0.565739,,990.775,-92.8451,-40496.3,,0.516537,-3.90576,,-9.65013,-4.45827
4.18261,0.668238,,991.032,-103.523,-39397.9,,0.562108,-3.77909,,-7.5067,-4.91833
4.17662,0.771343,,991.297,-112.725,-38261.1,,0.563505,-3.67324,,-5.31773,-5.1361
4.17014,0.874993,,991.574,-117.96,-37074.9,,0.528548,-3.58628,,-3.08982,-5.13516
4.16368,0.978553,,991.858,-117.631,-35854.4,,0.467561,-3.51465,,-0.8622,-4.92274
4.1576,1.08157,,992.147,-111.009,-34612.9,,0.391952,-3.45305,,1.31292,-4.49624
4.15212,1.18411,,992.431,-98.5056,-33390.6,,0.31314,-3.39568,,3.35716,-3.84681
4.14735,1.28648,,992.717,-81.3225,-32155.4,,0.241285,-3.33884,,5.21532,-2.96335
4.14327,1.38884,,993.04,-60.388,-30759.3,,0.182873,-3.28215,,6.88234,-1.84849
4.13979,1.49108,,993.433,-35.5337,-29057.3,,0.13858,-3.22826,,8.35787,-0.528004
4.13686,1.59298,,993.874,-5.89367,-27140.9,,0.103858,-3.18145,,9.54395,0.945309
4.13451,1.69432,,994.278,28.4916,-25380.1,,0.0730416,-3.14601,,10.2331,2.4889
4.13276,1.79499,,994.55,66.1615,-24194.3,,0.042387,-3.12495,,10.2274,4.00613
4.13155,1.89495,,994.637,105.498,-23816.7,,0.0100354,-3.11933,,9.4533,5.41389
4.13061,1.99422,,994.54,145.372,-24240.6,,-0.024884,-3.12826,,7.98178,6.6489
4.12959,2.09287,,994.296,185.243,-25305.5,,-0.0628647,-3.14936,,5.97581,7.65946
4.12814,2.19098,,993.955,224.137,-26788.3,,-0.103323,-3.17976,,3.63454,8.39557
4.12601,2.28858,,993.568,260.326,-28471,,-0.144078,-3.21675,,1.15101,8.80696
4.12311,2.38563,,993.179,291.741,-30157.7,,-0.182093,-3.25812,,-1.30486,8.84514
4.11956,2.48207,,992.822,316.825,-31703,,-0.215123,-3.3023,,-3.60719,8.46675
4.11574,2.57788,,992.51,335.125,-33047.6,,-0.242866,-3.34836,,-5.69797,7.6361
4.11229,2.67315,,992.235,347.319,-34236.2,,-0.266966,-3.39613,,-7.59611,6.32375
4.1101,2.76822,,991.967,354.814,-35386.1,,-0.290096,-3.44629,,-9.37521,4.50251
4.11011,2.86379,,991.688,359.381,-36587.2,,-0.314769,-3.50058,,-11.0996,2.14968
4.11298,2.96091,,991.422,362.819,-37726.1,,-0.341947,-3.56142,,-12.7215,-0.721955
4.11876,3.0609,,991.297,365.532,-38260.6,,-0.367677,-3.62983,,-13.9679,-3.97357
4.1267,3.16489,,991.534,362.479,-37246,,-0.376102,-3.69785,,-14.3868,-7.2395
4.13593,3.27366,,992.195,338.615,-34407.8,,-0.337966,-3.73586,,-13.8562,-10.144
4.14627,3.38823,,992.709,277.408,-32192.1,,-0.238207,-3.69978,,-13.2434,-13.19
4.15747,3.50987,,992.113,190.585,-34759.8,,-0.116285,-3.58947,,-13.5495,-17.9978
4.16716,3.63753,,990.6,122.862,-41241.9,,-0.0316403,-3.47675,,-13.7796,-24.5443
4.17247,3.76667,,989.915,92.5425,-44153.6,,0.0151034,-3.39709,,-11.9968,-29.0985
4.17332,3.8933,,991.371,68.9861,-37944.4,,0.0530654,-3.29281,,-8.46414,-27.923
4.2,-0.3,,1010.33,0,48069,,0,0,,0,0
4.2,-0.2,,1010.12,0,47088,,0,0,,0,0
4.2,-0.1,,1009.92,0,46107,,0,0,,0,0
3.80736,-0.871315,,1021.32,631.99,102568,,-2.71483,-3.26729,,47.8425,-73.1507
3.83149,-0.818471,,1006.27,522.903,28849.5,,-2.86978,-3.46512,,19.5902,-17.4172
3.86875,-0.751847,,998.94,141.158,-4768.09,,-2.79845,-3.92092,,4.86147,7.77049
3.91796,-0.668775,,997.956,-13.2255,-9168.06,,-2.7866,-4.15602,,2.4765,10.4679
3.97895,-0.573884,,996.427,67.1522,-15950.7,,-2.87313,-4.18948,,-2.29491,13.3858
4.04816,-0.468901,,992.223,147.358,-34284.9,,-2.85824,-4.24789,,-15.3028,20.6176
4.11682,-0.354261,,987.71,95.4662,-53457.1,,-2.55225,-4.42318,,-30.2278,24.8949
4.17488,-0.231997,,985.765,-3.77167,-61556.1,,-2.00353,-4.60604,,-37.8278,21.6863
4.21766,-0.107102,,986.126,-40.4707,-60059.5,,-1.41855,-4.67655,,-37.7516,14.8206
4.24636,0.0152662,,987.223,-21.4998,-55492.2,,-0.930287,-4.6306,,-34.5027,8.62428
4.2644,0.132345,,988.307,16.1091,-50951.3,,-0.567007,-4.51742,,-30.6895,4.13649
4.27492,0.243795,,989.202,54.6483,-47178.2,,-0.311879,-4.37871,,-27.1375,1.06893
4.28015,0.350751,,989.935,84.288,-44070.7,,-0.136473,-4.23755,,-23.9201,-1.00738
4.28152,0.454927,,990.581,100.01,-41323,,-0.0148794,-4.10346,,-20.8862,-2.40155
4.28,0.557992,,991.191,99.8608,-38716.2,,0.0719929,-3.979,,-17.9087,-3.30302
4.27636,0.661187,,991.777,84.3486,-36204.4,,0.136318,-3.86425,,-14.9615,-3.82984
4.27136,0.765125,,992.309,56.3472,-33917.8,,0.184641,-3.75909,,-12.1284,-4.0637
4.26575,0.869707,,992.725,20.899,-32120.8,,0.219478,-3.66382,,-9.58012,-4.06555
4.26022,0.974305,,992.959,-15.5935,-31111.5,,0.241049,-3.57871,,-7.51842,-3.87864
4.25526,1.07845,,992.967,-46.7283,-31075.7,,0.248667,-3.50245,,-6.09109,-3.52569
4.25117,1.18216,,992.742,-67.0788,-32046.1,,0.241243,-3.43238,,-5.37026,-3.00888
4.24807,1.28559,,992.313,-73.5047,-33897.3,,0.219385,-3.36659,,-5.34963,-2.31856
4.24592,1.38882,,991.754,-65.0741,-36302.6,,0.185222,-3.30487,,-5.91081,-1.45183
4.24449,1.49173,,991.172,-41.7671,-38796.5,,0.139799,-3.24907,,-6.84244,-0.425287
4.2435,1.59409,,990.666,-3.69002,-40958.1,,0.0815622,-3.20255,,-7.93388,0.716246
4.24271,1.69567,,990.29,47.8384,-42563.2,,0.00896413,-3.16867,,-9.06041,1.90148
4.24191,1.79636,,990.065,109.231,-43518.5,,-0.0761124,-3.14941,,-10.1478,3.053
4.24089,1.89617,,990.009,175.471,-43754.4,,-0.167969,-3.14507,,-11.1131,4.11099
4.23944,1.99518,,990.127,241.31,-43256.6,,-0.259077,-3.1547,,-11.8905,5.03175
4.23741,2.09347,,990.39,302.364,-42137.4,,-0.342444,-3.17634,,-12.4798,5.78512
4.23473,2.19112,,990.737,355.107,-40656.6,,-0.412773,-3.20767,,-12.9661,6.33811
4.23149,2.28811,,991.081,397.232,-39188.9,,-0.467168,-3.24652,,-13.504,6.65053
4.2279,2.3844,,991.336,427.755,-38093.7,,-0.505075,-3.29112,,-14.2449,6.67402
4.22428,2.47992,,991.454,447.036,-37588.4,,-0.528081,-3.34007,,-15.2665,6.35459
4.22104,2.57469,,991.427,456.406,-37706.2,,-0.539098,-3.39227,,-16.5547,5.63869
4.21874,2.66886,,991.284,457.504,-38316.8,,-0.541125,-3.44684,,-18.0199,4.48324
4.21802,2.76278,,991.085,451.783,-39171.7,,-0.536415,-3.50302,,-19.5242,2.86948
4.2196,2.85705,,990.899,440.41,-39964.4,,-0.526189,-3.5601,,-20.9116,0.815068
4.22416,2.95263,,990.796,423.876,-40405.2,,-0.509756,-3.61702,,-22.0355,-1.62166
4.23213,3.05085,,990.826,400.907,-40277.3,,-0.482587,-3.6708,,-22.7672,-4.3458
4.24351,3.1533,,991.002,367.714,-39523,,-0.435255,-3.71409,,-23.0182,-7.2485
4.25781,3.26158,,991.263,319.405,-38407.7,,-0.356992,-3.73355,,-22.8056,-10.2693
4.27404,3.37694,,991.47,254.795,-37521.9,,-0.245373,-3.71335,,-22.2319,-13.4494
4.29048,3.4999,,991.568,181.461,-37102.1,,-0.114326,-3.64482,,-21.189,-16.7495
4.30456,3.6296,,991.838,113.211,-35940.6,,0.0129459,-3.53178,,-19.1071,-19.527
4.31383,3.76347,,992.834,60.1919,-31649.6,,0.119707,-3.38272,,-15.5362,-20.3763
4.3177,3.89846,,994.79,26.3732,-23146.8,,0.19797,-3.20663,,-11.134,-18.2692
4.3,-0.3,,1010.33,0,48069,,0,0,,0,0
4.3,-0.2,,1010.12,0,47088,,0,0,,0,0
4.3,-0.1,,1009.92,0,46107,,0,0,,0,0
3.89188,-0.873418,,1023.15,1081.98,111992,,-3.09585,-2.87168,,55.002,-75.925
3.91858,-0.811435,,1014.27,1024.67,67202.5,,-3.28006,-3.03964,,37.9399,-42.169
3.96061,-0.741145,,1006.03,920.721,27728.4,,-3.39971,-3.25501,,19.8853,-13.1241
4.01512,-0.657897,,1000.31,839.874,1407.38,,-3.47183,-3.45451,,5.29236,4.73566
4.07853,-0.562049,,995.553,847.508,-19803.1,,-3.5241,-3.58688,,-9.09604,16.386
4.14666,-0.456145,,989.953,864.12,-43992.5,,-3.46739,-3.7239,,-27.6086,26.2951
4.21242,-0.342691,,984.476,786.189,-66874.4,,-3.17544,-3.9365,,-46.7657,31.7218
4.26849,-0.224208,,980.98,651.55,-81084.7,,-2.67622,-4.16413,,-59.8891,30.0351
4.31154,-0.104344,,979.498,528.283,-87016,,-2.10235,-4.31799,,-65.9166,23.941
4.34223,0.0133481,,979.185,422.781,-88264.3,,-1.5507,-4.37682,,-67.2426,17.0272
4.36298,0.126937,,979.461,323.297,-87165.5,,-1.05886,-4.36275,,-65.9561,10.972
4.37635,0.236233,,979.971,223.409,-85130.1,,-0.632563,-4.30271,,-63.4802,6.19567
4.38441,0.342175,,980.483,120.37,-83080.4,,-0.26631,-4.21627,,-60.7349,2.62325
4.38865,0.446151,,980.838,15.3308,-81656.9,,0.0454307,-4.1157,,-58.3105,0.0352606
4.39018,0.549494,,980.92,-87.6158,-81325.6,,0.304257,-4.00897,,-56.597,-1.78953
4.38986,0.653166,,980.653,-182.317,-82397.2,,0.507807,-3.90209,,-55.8428,-3.03047
4.3884,0.75759,,980.011,-261.304,-84970.9,,0.651437,-3.80009,,-56.1451,-3.81777
4.38634,0.862612,,979.04,-316.853,-88840.6,,0.730807,-3.70671,,-57.3969,-4.23626
4.38403,0.96767,,977.875,-342.78,-93453.8,,0.745058,-3.62368,,-59.2536,-4.33411
4.38159,1.0724,,976.713,-336.437,-98022.8,,0.699044,-3.54953,,-61.1955,-4.13526
4.37901,1.17683,,975.765,-298.884,-101727,,0.60227,-3.48099,,-62.6665,-3.65792
4.37626,1.28104,,975.189,-234.106,-103964,,0.467033,-3.41568,,-63.2652,-2.93896
4.37331,1.38508,,975.086,-148.709,-104364,,0.30782,-3.35325,,-62.7599,-2.03829
4.37007,1.48876,,975.515,-50.7806,-102697,,0.139371,-3.29607,,-61.0191,-1.02767
4.36648,1.59176,,976.488,51.3559,-98903.2,,-0.0254018,-3.24816,,-58.0352,0.0197662
4.36253,1.6938,,977.933,149.394,-93226.2,,-0.175464,-3.21296,,-54.0147,1.03983
4.35834,1.79475,,979.701,235.182,-86207.2,,-0.300795,-3.19217,,-49.3665,1.98457
4.35407,1.89465,,981.605,302.383,-78564.7,,-0.393562,-3.18611,,-44.597,2.82232
4.34986,1.99357,,983.448,348.332,-71083.8,,-0.450871,-3.19404,,-40.2225,3.53022
4.34583,2.09161,,985.054,374.644,-64496.7,,-0.476045,-3.21385,,-36.6854,4.09642
4.34205,2.18884,,986.299,385.656,-59343.4,,-0.476963,-3.24273,,-34.2714,4.49522
4.33855,2.28528,,987.13,386.986,-55882.2,,-0.463847,-3.27802,,-33.0661,4.68218
4.33538,2.3809,,987.57,383.909,-54043.5,,-0.44643,-3.31754,,-32.9421,4.60036
4.33261,2.47569,,987.71,380.431,-53457.4,,-0.432266,-3.35981,,-33.5891,4.19191
4.33042,2.56973,,987.673,379.039,-53612.5,,-0.426227,-3.40418,,-34.6245,3.41067
4.32919,2.66318,,987.566,380.564,-54059.3,,-0.430225,-3.45076,,-35.7298,2.22986
4.3295,2.75634,,987.454,384.039,-54528.2,,-0.442852,-3.50025,,-36.7228,0.643343
4.33212,2.8497,,987.363,386.927,-54906.9,,-0.459285,-3.55333,,-37.5344,-1.33693
4.33784,2.94401,,987.312,385.593,-55121.4,,-0.471755,-3.60963,,-38.1163,-3.67677
4.34728,3.04043,,987.341,375.904,-55002.7,,-0.470667,-3.6666,,-38.3423,-6.30267
4.36064,3.14048,,987.523,353.916,-54240.1,,-0.445972,-3.71878,,-37.9707,-9.08199
4.3776,3.24587,,987.954,316.719,-52433.2,,-0.388635,-3.75739,,-36.6871,-11.8112
4.39716,3.35825,,988.731,263.873,-49167.2,,-0.293018,-3.77053,,-34.1911,-14.2114
4.41766,3.4788,,989.934,199.236,-44074,,-0.1603,-3.74422,,-30.3051,-15.9257
4.43694,3.60786,,991.603,131.673,-36949,,-0.00148407,-3.66511,,-25.1241,-16.546
4.45275,3.74469,,993.649,73.1195,-28118.6,,0.162658,-3.52528,,-19.2137,-15.7754
4.46374,3.88755,,995.709,32.0756,-19113.9,,0.311439,-3.32275,,-13.6594,-13.8369
4.4,-0.3,,1010.33,0,48069,,0,0,,0,0
4.4,-0.2,,1010.12,0,47088,,0,0,,0,0
4.4,-0.1,,1009.92,0,46107,,0,0,,0,0
4.4,0,,1009.71,0,45126,,0,0,,0,0
4.4,0.1,,1009.51,0,44145,,0,0,,0,0
4.4,0.2,,1009.3,0,43164,,0,0,,0,0
4.4,0.3,,1009.1,0,42183,,0,0,,0,0
4.4,0.4,,1008.89,0,41202,,0,0,,0,0
4.4,0.5,,1008.68,0,40221,,0,0,,0,0
4.4,0.6,,1008.48,0,39240,,0,0,,0,0
4.4,0.7,,1008.27,0,38259,,0,0,,0,0
4.4,0.8,,1008.06,0,37278,,0,0,,0,0
4.4,0.9,,1007.86,0,36297,,0,0,,0,0
4.4,1,,1007.65,0,35316,,0,0,,0,0
4.4,1.1,,1007.44,0,34335,,0,0,,0,0
4.4,1.2,,1007.23,0,33354,,0,0,,0,0
4.4,1.3,,1007.02,0,32373,,0,0,,0,0
4.4,1.4,,1006.82,0,31392,,0,0,,0,0
4.4,1.5,,1006.61,0,30411,,0,0,,0,0
4.4,1.6,,1006.4,0,29430,,0,0,,0,0
4.4,1.7,,1006.19,0,28449,,0,0,,0,0
4.4,1.8,,1005.98,0,27468,,0,0,,0,0
4.4,1.9,,1005.77,0,26487,,0,0,,0,0
4.4,2,,1005.56,0,25506,,0,0,,0,0
4.4,2.1,,1005.35,0,24525,,0,0,,0,0
4.4,2.2,,1005.14,0,23544,,0,0,,0,0
4.4,2.3,,1004.93,0,22563,,0,0,,0,0
4.4,2.4,,1004.72,0,21582,,0,0,,0,0
4.4,2.5,,1004.5,0,20601,,0,0,,0,0
4.4,2.6,,1004.29,0,19620,,0,0,,0,0
4.4,2.7,,1004.08,0,18639,,0,0,,0,0
4.4,2.8,,1003.87,0,17658,,0,0,,0,0
4.4,2.9,,1003.66,0,16677,,0,0,,0,0
4.4,3,,1003.44,0,15696,,0,0,,0,0
4.4,3.1,,1003.23,0,14715,,0,0,,0,0
4.4,3.2,,1003.02,0,13734,,0,0,,0,0
4.4,3.3,,1002.8,0,12753,,0,0,,0,0
4.4,3.4,,1002.59,0,11772,,0,0,,0,0
4.4,3.5,,1002.37,0,10791,,0,0,,0,0
4.4,3.6,,1002.16,0,9810,,0,0,,0,0
4.4,3.7,,1001.95,0,8829,,0,0,,0,0
4.4,3.8,,1001.73,0,7848,,0,0,,0,0
4.4,3.9,,1001.51,0,6867,,0,0,,0,0
4.4,4,,1001.3,0,5886,,0,0,,0,0
4.4,4.1,,1001.08,0,4905,,0,0,,0,0
4.4,4.2,,1000.87,0,3924,,0,0,,0,0
4.4,4.3,,1000.65,0,2943,,0,0,,0,0
4.4,4.4,,1000.43,0,1962,,0,0,,0,0
4.4,4.5,,1000.22,0,981,,0,0,,0,0
4.4,4.6,,1000,0,0,,0,0,,0,0
4.5,-0.3,,1010.33,0,48069,,0,0,,0,0
4.5,-0.2,,1010.12,0,47088,,0,0,,0,0
4.5,-0.1,,1009.92,0,46107,,0,0,,0,0
4.5,0,,1009.71,0,45126,,0,0,,0,0
4.5,0.1,,1009.51,0,44145,,0,0,,0,0
4.5,0.2,,1009.3,0,43164,,0,0,,0,0
4.5,0.3,,1009.1,0,42183,,0,0,,0,0
4.5,0.4,,1008.89,0,41202,,0,0,,0,0
4.5,0.5,,1008.68,0,40221,,0,0,,0,0
4.5,0.6,,1008.48,0,39240,,0,0,,0,0
4.5,0.7,,1008.27,0,38259,,0,0,,0,0
4.5,0.8,,1008.06,0,37278,,0,0,,0,0
4.5,0.9,,1007.86,0,36297,,0,0,,0,0
4.5,1,,1007.65,0,35316,,0,0,,0,0
4.5,1.1,,1007.44,0,34335,,0,0,,0,0
4.5,1.2,,1007.23,0,33354,,0,0,,0,0
4.5,1.3,,1007.02,0,32373,,0,0,,0,0
4.5,1.4,,1006.82,0,31392,,0,0,,0,0
4.5,1.5,,1006.61,0,30411,,0,0,,0,0
4.5,1.6,,1006.4,0,29430,,0,0,,0,0
4.5,1.7,,1006.19,0,28449,,0,0,,0,0
4.5,1.8,,1005.98,0,27468,,0,0,,0,0
4.5,1.9,,1005.77,0,26487,,0,0,,0,0
4.5,2,,1005.56,0,25506,,0,0,,0,0
4.5,2.1,,1005.35,0,24525,,0,0,,0,0
4.5,2.2,,1005.14,0,23544,,0,0,,0,0
4.5,2.3,,1004.93,0,22563,,0,0,,0,0
4.5,2.4,,1004.72,0,21582,,0,0,,0,0
4.5,2.5,,1004.5,0,20601,,0,0,,0,0
4.5,2.6,,1004.29,0,19620,,0,0,,0,0
4.5,2.7,,1004.08,0,18639,,0,0,,0,0
4.5,2.8,,1003.87,0,17658,,0,0,,0,0
4.5,2.9,,1003.66,0,16677,,0,0,,0,0
4.5,3,,1003.44,0,15696,,0,0,,0,0
4.5,3.1,,1003.23,0,14715,,0,0,,0,0
4.5,3.2,,1003.02,0,13734,,0,0,,0,0
4.5,3.3,,1002.8,0,12753,,0,0,,0,0
4.5,3.4,,1002.59,0,11772,,0,0,,0,0
4.5,3.5,,1002.37,0,10791,,0,0,,0,0
4.5,3.6,,1002.16,0,9810,,0,0,,0,0
4.5,3.7,,1001.95,0,8829,,0,0,,0,0
4.5,3.8,,1001.73,0,7848,,0,0,,0,0
4.5,3.9,,1001.51,0,6867,,0,0,,0,0
4.5,4,,1001.3,0,5886,,0,0,,0,0
4.5,4.1,,1001.08,0,4905,,0,0,,0,0
4.5,4.2,,1000.87,0,3924,,0,0,,0,0
4.5,4.3,,1000.65,0,2943,,0,0,,0,0
4.5,4.4,,1000.43,0,1962,,0,0,,0,0
4.5,4.5,,1000.22,0,981,,0,0,,0,0
4.5,4.6,,1000,0,0,,0,0,,0,0
4.6,-0.3,,1010.33,0,48069,,0,0,,0,0
4.6,-0.2,,1010.12,0,47088,,0,0,,0,0
4.6,-0.1,,1009.92,0,46107,,0,0,,0,0
4.6,0,,1009.71,0,45126,,0,0,,0,0
4.6,0.1,,1009.51,0,44145,,0,0,,0,0
4.6,0.2,,1009.3,0,43164,,0,0,,0,0
4.6,0.3,,1009.1,0,42183,,0,0,,0,0
4.6,0.4,,1008.89,0,41202,,0,0,,0,0
4.6,0.5,,1008.68,0,40221,,0,0,,0,0
4.6,0.6,,1008.48,0,39240,,0,0,,0,0
4.6,0.7,,1008.27,0,38259,,0,0,,0,0
4.6,0.8,,1008.06,0,37278,,0,0,,0,0
4.6,0.9,,1007.86,0,36297,,0,0,,0,0
4.6,1,,1007.65,0,35316,,0,0,,0,0
4.6,1.1,,1007.44,0,34335,,0,0,,0,0
4.6,1.2,,1007.23,0,33354,,0,0,,0,0
4.6,1.3,,1007.02,0,32373,,0,0,,0,0
4.6,1.4,,1006.82,0,31392,,0,0,,0,0
4.6,1.5,,1006.61,0,30411,,0,0,,0,0
4.6,1.6,,1006.4,0,29430,,0,0,,0,0
4.6,1.7,,1006.19,0,28449,,0,0,,0,0
4.6,1.8,,1005.98,0,27468,,0,0,,0,0
4.6,1.9,,1005.77,0,26487,,0,0,,0,0
4.6,2,,1005.56,0,25506,,0,0,,0,0
4.6,2.1,,1005.35,0,24525,,0,0,,0,0
4.6,2.2,,1005.14,0,23544,,0,0,,0,0
4.6,2.3,,1004.93,0,22563,,0,0,,0,0
4.6,2.4,,1004.72,0,21582,,0,0,,0,0
4.6,2.5,,1004.5,0,20601,,0,0,,0,0
4.6,2.6,,1004.29,0,19620,,0,0,,0,0
4.6,2.7,,1004.08,0,18639,,0,0,,0,0
4.6,2.8,,1003.87,0,17658,,0,0,,0,0
4.6,2.9,,1003.66,0,16677,,0,0,,0,0
4.6,3,,1003.44,0,15696,,0,0,,0,0
4.6,3.1,,1003.23,0,14715,,0,0,,0,0
4.6,3.2,,1003.02,0,13734,,0,0,,0,0
4.6,3.3,,1002.8,0,12753,,0,0,,0,0
4.6,3.4,,1002.59,0,11772,,0,0,,0,0
4.6,3.5,,1002.37,0,10791,,0,0,,0,0
4.6,3.6,,1002.16,0,9810,,0,0,,0,0
4.6,3.7,,1001.95,0,8829,,0,0,,0,0
4.6,3.8,,1001.73,0,7848,,0,0,,0,0
4.6,3.9,,1001.51,0,6867,,0,0,,0,0
4.6,4,,1001.3,0,5886,,0,0,,0,0
4.6,4.1,,1001.08,0,4905,,0,0,,0,0
4.6,4.2,,1000.87,0,3924,,0,0,,0,0
4.6,4.3,,1000.65,0,2943,,0,0,,0,0
4.6,4.4,,1000.43,0,1962,,0,0,,0,0
4.6,4.5,,1000.22,0,981,,0,0,,0,0
4.6,4.6,,1000,0,0,,0,0,,0,0
