h/dp :,2
L2norm Pressure,KE,dp,Nparticles
37917.3,1.51305e+07,0.5,480

t,14.95
ID,x,y,,rho,drhodt,pressure,,u,v,,dudt,dvdt,type
0,-1.25,-0.25,,1007.01,0,56153.5,,0,0,,0,0,boundary
1,-0.75,-0.25,,1007.05,0,56519.9,,0,0,,0,0,boundary
2,-0.25,-0.25,,1007.12,0,57104.6,,0,0,,0,0,boundary
3,0.25,-0.25,,1007.14,0,57209.9,,0,0,,0,0,boundary
4,0.75,-0.25,,1007.13,0,57154.7,,0,0,,0,0,boundary
5,1.25,-0.25,,1007.16,0,57407.9,,0,0,,0,0,boundary
6,1.75,-0.25,,1007.16,0,57400.1,,0,0,,0,0,boundary
7,2.25,-0.25,,1007.1,0,56962,,0,0,,0,0,boundary
8,2.75,-0.25,,1007.02,0,56288.6,,0,0,,0,0,boundary
9,3.25,-0.25,,1006.92,0,55431.9,,0,0,,0,0,boundary
10,3.75,-0.25,,1006.85,0,54883.3,,0,0,,0,0,boundary
11,4.25,-0.25,,1006.79,0,54418.5,,0,0,,0,0,boundary
12,4.75,-0.25,,1006.74,0,53999.2,,0,0,,0,0,boundary
13,5.25,-0.25,,1006.65,0,53227.2,,0,0,,0,0,boundary
14,5.75,-0.25,,1006.47,0,51758.6,,0,0,,0,0,boundary
15,6.25,-0.25,,1006.36,0,50891,,0,0,,0,0,boundary
16,6.75,-0.25,,1006.41,0,51257.8,,0,0,,0,0,boundary
17,7.25,-0.25,,1006.46,0,51667.8,,0,0,,0,0,boundary
18,7.75,-0.25,,1006.38,0,51012.7,,0,0,,0,0,boundary
19,8.25,-0.25,,1006.24,0,49927.6,,0,0,,0,0,boundary
20,8.75,-0.25,,1006.13,0,49011,,0,0,,0,0,boundary
21,9.25,-0.25,,1006.01,0,48031,,0,0,,0,0,boundary
22,9.75,-0.25,,1005.88,0,46972.9,,0,0,,0,0,boundary
23,10.25,-0.25,,1005.79,0,46221.1,,0,0,,0,0,boundary
24,10.75,-0.25,,1005.72,0,45697.2,,0,0,,0,0,boundary
25,11.25,-0.25,,1005.66,0,45163.2,,0,0,,0,0,boundary
26,11.75,-0.25,,1005.58,0,44566.1,,0,0,,0,0,boundary
27,12.25,-0.25,,1005.49,0,43799.5,,0,0,,0,0,boundary
28,12.75,-0.25,,1005.43,0,43331,,0,0,,0,0,boundary
29,13.25,-0.25,,1005.4,0,43083.8,,0,0,,0,0,boundary
30,13.75,-0.25,,1005.34,0,42620.8,,0,0,,0,0,boundary
31,14.25,-0.25,,1005.25,0,41879.1,,0,0,,0,0,boundary
32,14.75,-0.25,,1005.17,0,41191.9,,0,0,,0,0,boundary
33,15.25,-0.25,,1005.13,0,40864.4,,0,0,,0,0,boundary
34,15.75,-0.25,,1005.09,0,40569.3,,0,0,,0,0,boundary
35,16.25,-0.25,,1005.06,0,40354.6,,0,0,,0,0,boundary
36,16.75,-0.25,,1005.02,0,40009.7,,0,0,,0,0,boundary
37,17.25,-0.25,,1004.99,0,39756,,0,0,,0,0,boundary
38,17.75,-0.25,,1004.97,0,39608.2,,0,0,,0,0,boundary
39,18.25,-0.25,,1004.96,0,39476.4,,0,0,,0,0,boundary
40,18.75,-0.25,,1004.93,0,39231.8,,0,0,,0,0,boundary
41,19.25,-0.25,,1004.9,0,39018.6,,0,0,,0,0,boundary
42,19.75,-0.25,,1004.89,0,38957.5,,0,0,,0,0,boundary
43,20.25,-0.25,,1004.9,0,38995.2,,0,0,,0,0,boundary
44,20.75,-0.25,,1004.91,0,39142.1,,0,0,,0,0,boundary
45,21.25,-0.25,,1004.91,0,39108.5,,0,0,,0,0,boundary
46,21.75,-0.25,,1004.89,0,38906.6,,0,0,,0,0,boundary
47,22.25,-0.25,,1004.89,0,38943,,0,0,,0,0,boundary
48,22.75,-0.25,,1004.92,0,39159.1,,0,0,,0,0,boundary
49,23.25,-0.25,,1004.89,0,38970.4,,0,0,,0,0,boundary
50,23.75,-0.25,,1004.83,0,38431.2,,0,0,,0,0,boundary
51,24.25,-0.25,,1004.8,0,38188.5,,0,0,,0,0,boundary
52,24.75,-0.25,,1004.82,0,38402.4,,0,0,,0,0,boundary
53,25.25,-0.25,,1004.85,0,38609.3,,0,0,,0,0,boundary
54,25.75,-0.25,,1004.79,0,38159.6,,0,0,,0,0,boundary
55,26.25,-0.25,,1004.7,0,37411.8,,0,0,,0,0,boundary
56,-1.25,-0.75,,1007.44,0,59727.7,,0,0,,0,0,boundary
57,-0.75,-0.75,,1007.56,0,60667.1,,0,0,,0,0,boundary
58,-0.25,-0.75,,1007.55,0,60633.5,,0,0,,0,0,boundary
59,0.25,-0.75,,1007.59,0,60902.4,,0,0,,0,0,boundary
60,0.75,-0.75,,1007.62,0,61195.8,,0,0,,0,0,boundary
61,1.25,-0.75,,1007.63,0,61281.1,,0,0,,0,0,boundary
62,1.75,-0.75,,1007.6,0,61039.8,,0,0,,0,0,boundary
63,2.25,-0.75,,1007.55,0,60586.1,,0,0,,0,0,boundary
64,2.75,-0.75,,1007.5,0,60160.6,,0,0,,0,0,boundary
65,3.25,-0.75,,1007.4,0,59417.6,,0,0,,0,0,boundary
66,3.75,-0.75,,1007.28,0,58413.5,,0,0,,0,0,boundary
67,4.25,-0.75,,1007.22,0,57937,,0,0,,0,0,boundary
68,4.75,-0.75,,1007.2,0,57735.1,,0,0,,0,0,boundary
69,5.25,-0.75,,1007.08,0,56756.2,,0,0,,0,0,boundary
70,5.75,-0.75,,1006.86,0,54937.6,,0,0,,0,0,boundary
71,6.25,-0.75,,1006.79,0,54425,,0,0,,0,0,boundary
72,6.75,-0.75,,1006.9,0,55252.8,,0,0,,0,0,boundary
73,7.25,-0.75,,1007.01,0,56150.8,,0,0,,0,0,boundary
74,7.75,-0.75,,1006.96,0,55811.1,,0,0,,0,0,boundary
75,8.25,-0.75,,1006.81,0,54561.9,,0,0,,0,0,boundary
76,8.75,-0.75,,1006.68,0,53454.6,,0,0,,0,0,boundary
77,9.25,-0.75,,1006.57,0,52548.7,,0,0,,0,0,boundary
78,9.75,-0.75,,1006.45,0,51571.3,,0,0,,0,0,boundary
79,10.25,-0.75,,1006.37,0,50983.8,,0,0,,0,0,boundary
80,10.75,-0.75,,1006.33,0,50621.8,,0,0,,0,0,boundary
81,11.25,-0.75,,1006.26,0,50038.9,,0,0,,0,0,boundary
82,11.75,-0.75,,1006.18,0,49436.5,,0,0,,0,0,boundary
83,12.25,-0.75,,1006.12,0,48887.7,,0,0,,0,0,boundary
84,12.75,-0.75,,1006.07,0,48554,,0,0,,0,0,boundary
85,13.25,-0.75,,1006.04,0,48293.6,,0,0,,0,0,boundary
86,13.75,-0.75,,1005.99,0,47877.8,,0,0,,0,0,boundary
87,14.25,-0.75,,1005.91,0,47198.6,,0,0,,0,0,boundary
88,14.75,-0.75,,1005.82,0,46482.5,,0,0,,0,0,boundary
89,15.25,-0.75,,1005.79,0,46227.9,,0,0,,0,0,boundary
90,15.75,-0.75,,1005.77,0,46089.2,,0,0,,0,0,boundary
91,16.25,-0.75,,1005.73,0,45730.3,,0,0,,0,0,boundary
92,16.75,-0.75,,1005.68,0,45330.2,,0,0,,0,0,boundary
93,17.25,-0.75,,1005.63,0,44964.7,,0,0,,0,0,boundary
94,17.75,-0.75,,1005.61,0,44763.9,,0,0,,0,0,boundary
95,18.25,-0.75,,1005.58,0,44491.5,,0,0,,0,0,boundary
96,18.75,-0.75,,1005.54,0,44221.6,,0,0,,0,0,boundary
97,19.25,-0.75,,1005.53,0,44106.4,,0,0,,0,0,boundary
98,19.75,-0.75,,1005.51,0,43979.1,,0,0,,0,0,boundary
99,20.25,-0.75,,1005.5,0,43913.9,,0,0,,0,0,boundary
100,20.75,-0.75,,1005.52,0,44015,,0,0,,0,0,boundary
101,21.25,-0.75,,1005.5,0,43918.7,,0,0,,0,0,boundary
102,21.75,-0.75,,1005.46,0,43579.8,,0,0,,0,0,boundary
103,22.25,-0.75,,1005.47,0,43603.2,,0,0,,0,0,boundary
104,22.75,-0.75,,1005.48,0,43760.1,,0,0,,0,0,boundary
105,23.25,-0.75,,1005.46,0,43525.2,,0,0,,0,0,boundary
106,23.75,-0.75,,1005.4,0,43043.3,,0,0,,0,0,boundary
107,24.25,-0.75,,1005.39,0,42990.8,,0,0,,0,0,boundary
108,24.75,-0.75,,1005.45,0,43460.6,,0,0,,0,0,boundary
109,25.25,-0.75,,1005.45,0,43494.8,,0,0,,0,0,boundary
110,25.75,-0.75,,1005.38,0,42920.1,,0,0,,0,0,boundary
111,26.25,-0.75,,1005.32,0,42387,,0,0,,0,0,boundary
112,-1.25,-1.25,,1007.67,0,61569.6,,0,0,,0,0,boundary
113,-0.75,-1.25,,1007.9,0,63485.1,,0,0,,0,0,boundary
114,-0.25,-1.25,,1007.85,0,63076,,0,0,,0,0,boundary
115,0.25,-1.25,,1007.83,0,62938.4,,0,0,,0,0,boundary
116,0.75,-1.25,,1007.95,0,63889.7,,0,0,,0,0,boundary
117,1.25,-1.25,,1007.95,0,63874.5,,0,0,,0,0,boundary
118,1.75,-1.25,,1007.92,0,63633.8,,0,0,,0,0,boundary
119,2.25,-1.25,,1007.97,0,64097.2,,0,0,,0,0,boundary
120,2.75,-1.25,,1008.03,0,64553.3,,0,0,,0,0,boundary
121,3.25,-1.25,,1007.97,0,64058.8,,0,0,,0,0,boundary
122,3.75,-1.25,,1007.86,0,63134.1,,0,0,,0,0,boundary
123,4.25,-1.25,,1007.87,0,63201.2,,0,0,,0,0,boundary
124,4.75,-1.25,,1007.87,0,63282.4,,0,0,,0,0,boundary
125,5.25,-1.25,,1007.73,0,62109.5,,0,0,,0,0,boundary
126,5.75,-1.25,,1007.52,0,60358.8,,0,0,,0,0,boundary
127,6.25,-1.25,,1007.46,0,59903.5,,0,0,,0,0,boundary
128,6.75,-1.25,,1007.53,0,60461.7,,0,0,,0,0,boundary
129,7.25,-1.25,,1007.61,0,61129.4,,0,0,,0,0,boundary
130,7.75,-1.25,,1007.58,0,60846.6,,0,0,,0,0,boundary
131,8.25,-1.25,,1007.36,0,59014.6,,0,0,,0,0,boundary
132,8.75,-1.25,,1007.16,0,57383.4,,0,0,,0,0,boundary
133,9.25,-1.25,,1007.06,0,56609.9,,0,0,,0,0,boundary
134,9.75,-1.25,,1007,0,56107.1,,0,0,,0,0,boundary
135,10.25,-1.25,,1006.97,0,55817,,0,0,,0,0,boundary
136,10.75,-1.25,,1006.91,0,55406.3,,0,0,,0,0,boundary
137,11.25,-1.25,,1006.84,0,54805.2,,0,0,,0,0,boundary
138,11.75,-1.25,,1006.79,0,54405.3,,0,0,,0,0,boundary
139,12.25,-1.25,,1006.78,0,54337.9,,0,0,,0,0,boundary
140,12.75,-1.25,,1006.74,0,53957.3,,0,0,,0,0,boundary
141,13.25,-1.25,,1006.67,0,53425.8,,0,0,,0,0,boundary
142,13.75,-1.25,,1006.62,0,53017.7,,0,0,,0,0,boundary
143,14.25,-1.25,,1006.52,0,52207.4,,0,0,,0,0,boundary
144,14.75,-1.25,,1006.41,0,51265.6,,0,0,,0,0,boundary
145,15.25,-1.25,,1006.36,0,50901,,0,0,,0,0,boundary
146,15.75,-1.25,,1006.37,0,50961.2,,0,0,,0,0,boundary
147,16.25,-1.25,,1006.32,0,50536.7,,0,0,,0,0,boundary
148,16.75,-1.25,,1006.27,0,50147.3,,0,0,,0,0,boundary
149,17.25,-1.25,,1006.22,0,49745,,0,0,,0,0,boundary
150,17.75,-1.25,,1006.18,0,49437.4,,0,0,,0,0,boundary
151,18.25,-1.25,,1006.16,0,49207.7,,0,0,,0,0,boundary
152,18.75,-1.25,,1006.15,0,49129.6,,0,0,,0,0,boundary
153,19.25,-1.25,,1006.14,0,49070.6,,0,0,,0,0,boundary
154,19.75,-1.25,,1006.09,0,48693,,0,0,,0,0,boundary
155,20.25,-1.25,,1006.06,0,48453.2,,0,0,,0,0,boundary
156,20.75,-1.25,,1006.07,0,48519.1,,0,0,,0,0,boundary
157,21.25,-1.25,,1006.06,0,48446.5,,0,0,,0,0,boundary
158,21.75,-1.25,,1006.05,0,48364.7,,0,0,,0,0,boundary
159,22.25,-1.25,,1006.02,0,48103,,0,0,,0,0,boundary
160,22.75,-1.25,,1005.97,0,47696,,0,0,,0,0,boundary
161,23.25,-1.25,,1005.92,0,47304,,0,0,,0,0,boundary
162,23.75,-1.25,,1005.91,0,47208.3,,0,0,,0,0,boundary
163,24.25,-1.25,,1005.95,0,47532.4,,0,0,,0,0,boundary
164,24.75,-1.25,,1006.03,0,48171.2,,0,0,,0,0,boundary
165,25.25,-1.25,,1005.98,0,47814.9,,0,0,,0,0,boundary
166,25.75,-1.25,,1005.88,0,46991,,0,0,,0,0,boundary
167,26.25,-1.25,,1005.83,0,46599.9,,0,0,,0,0,boundary
168,-0.25,0.25,,1006.55,0,52428.1,,0,0,,0,0,boundary
169,-0.25,0.75,,1005.95,0,47551.5,,0,0,,0,0,boundary
170,-0.25,1.25,,1005.53,0,44095.2,,0,0,,0,0,boundary
171,-0.25,1.75,,1005.19,0,41331.8,,0,0,,0,0,boundary
172,-0.25,2.25,,1004.63,0,36810.2,,0,0,,0,0,boundary
173,-0.25,2.75,,1004,0,31773.1,,0,0,,0,0,boundary
174,-0.25,3.25,,1003.63,0,28830.5,,0,0,,0,0,boundary
175,-0.25,3.75,,1003.3,0,26132.9,,0,0,,0,0,boundary
176,-0.25,4.25,,1002.8,0,22133.8,,0,0,,0,0,boundary
177,-0.25,4.75,,1002.38,0,18836.1,,0,0,,0,0,boundary
178,-0.25,5.25,,1002.08,0,16420.1,,0,0,,0,0,boundary
179,-0.25,5.75,,1001.71,0,13467.1,,0,0,,0,0,boundary
180,-0.25,6.25,,1001.35,0,10648.4,,0,0,,0,0,boundary
181,-0.25,6.75,,1000.93,0,7281.95,,0,0,,0,0,boundary
182,-0.25,7.25,,1000.82,0,6477.15,,0,0,,0,0,boundary
183,-0.25,7.75,,1000.8,0,6324.28,,0,0,,0,0,boundary
184,-0.25,8.25,,1000.86,0,6781.94,,0,0,,0,0,boundary
185,-0.25,8.75,,1000,0,0,,0,0,,0,0,boundary
186,-0.25,9.25,,1000,0,0,,0,0,,0,0,boundary
187,-0.25,9.75,,1000,0,0,,0,0,,0,0,boundary
188,-0.75,0.25,,1006.49,0,51954.6,,0,0,,0,0,boundary
189,-0.75,0.75,,1005.95,0,47546.9,,0,0,,0,0,boundary
190,-0.75,1.25,,1005.45,0,43479,,0,0,,0,0,boundary
191,-0.75,1.75,,1005.02,0,39957.3,,0,0,,0,0,boundary
192,-0.75,2.25,,1004.43,0,35240.6,,0,0,,0,0,boundary
193,-0.75,2.75,,1003.92,0,31157.7,,0,0,,0,0,boundary
194,-0.75,3.25,,1003.64,0,28877,,0,0,,0,0,boundary
195,-0.75,3.75,,1003.19,0,25280.5,,0,0,,0,0,boundary
196,-0.75,4.25,,1002.67,0,21140,,0,0,,0,0,boundary
197,-0.75,4.75,,1002.31,0,18294.2,,0,0,,0,0,boundary
198,-0.75,5.25,,1002.02,0,15921.3,,0,0,,0,0,boundary
199,-0.75,5.75,,1001.63,0,12852.8,,0,0,,0,0,boundary
200,-0.75,6.25,,1001.19,0,9381.51,,0,0,,0,0,boundary
201,-0.75,6.75,,1001.03,0,8086.71,,0,0,,0,0,boundary
202,-0.75,7.25,,1000.75,0,5885.9,,0,0,,0,0,boundary
203,-0.75,7.75,,1000.69,0,5417.57,,0,0,,0,0,boundary
204,-0.75,8.25,,1000.76,0,5986.91,,0,0,,0,0,boundary
205,-0.75,8.75,,1000.87,0,6866.43,,0,0,,0,0,boundary
206,-0.75,9.25,,1000,0,0,,0,0,,0,0,boundary
207,-0.75,9.75,,1000,0,0,,0,0,,0,0,boundary
208,-1.25,0.25,,1006.45,0,51573.8,,0,0,,0,0,boundary
209,-1.25,0.75,,1005.85,0,46744.4,,0,0,,0,0,boundary
210,-1.25,1.25,,1005.25,0,41882.5,,0,0,,0,0,boundary
211,-1.25,1.75,,1004.68,0,37276.5,,0,0,,0,0,boundary
212,-1.25,2.25,,1004.15,0,32938.7,,0,0,,0,0,boundary
213,-1.25,2.75,,1003.78,0,30042.5,,0,0,,0,0,boundary
214,-1.25,3.25,,1003.51,0,27840.8,,0,0,,0,0,boundary
215,-1.25,3.75,,1003.01,0,23865,,0,0,,0,0,boundary
216,-1.25,4.25,,1002.53,0,20015.1,,0,0,,0,0,boundary
217,-1.25,4.75,,1002.17,0,17158.2,,0,0,,0,0,boundary
218,-1.25,5.25,,1001.78,0,14037,,0,0,,0,0,boundary
219,-1.25,5.75,,1001.36,0,10719.2,,0,0,,0,0,boundary
220,-1.25,6.25,,1000.97,0,7607.3,,0,0,,0,0,boundary
221,-1.25,6.75,,1000.66,0,5171.88,,0,0,,0,0,boundary
222,-1.25,7.25,,1000.65,0,5112.18,,0,0,,0,0,boundary
223,-1.25,7.75,,1000.51,0,4046.24,,0,0,,0,0,boundary
224,-1.25,8.25,,1000.39,0,3054.3,,0,0,,0,0,boundary
225,-1.25,8.75,,1000,0,0,,0,0,,0,0,boundary
226,-1.25,9.25,,1000,0,0,,0,0,,0,0,boundary
227,-1.25,9.75,,1000,0,0,,0,0,,0,0,boundary
228,25.25,0.25,,1004.25,0,33768.1,,0,0,,0,0,boundary
229,25.25,0.75,,1003.61,0,28663.4,,0,0,,0,0,boundary
230,25.25,1.25,,1002.92,0,23130.8,,0,0,,0,0,boundary
231,25.25,1.75,,1002.29,0,18128.2,,0,0,,0,0,boundary
232,25.25,2.25,,1001.83,0,14449.5,,0,0,,0,0,boundary
233,25.25,2.75,,1001.53,0,12054.9,,0,0,,0,0,boundary
234,25.25,3.25,,1001.14,0,8969.89,,0,0,,0,0,boundary
235,25.25,3.75,,1000.41,0,3231.17,,0,0,,0,0,boundary
236,25.25,4.25,,1000.49,0,3859.12,,0,0,,0,0,boundary
237,25.25,4.75,,1000.37,0,2945.58,,0,0,,0,0,boundary
238,25.25,5.25,,1000.3,0,2321.46,,0,0,,0,0,boundary
239,25.25,5.75,,1000,0,0,,0,0,,0,0,boundary
240,25.25,6.25,,1000,0,0,,0,0,,0,0,boundary
241,25.25,6.75,,1000,0,0,,0,0,,0,0,boundary
242,25.25,7.25,,1000,0,0,,0,0,,0,0,boundary
243,25.25,7.75,,1000,0,0,,0,0,,0,0,boundary
244,25.25,8.25,,1000,0,0,,0,0,,0,0,boundary
245,25.25,8.75,,1000,0,0,,0,0,,0,0,boundary
246,25.25,9.25,,1000,0,0,,0,0,,0,0,boundary
247,25.25,9.75,,1000,0,0,,0,0,,0,0,boundary
248,25.75,0.25,,1004.2,0,33341,,0,0,,0,0,boundary
249,25.75,0.75,,1003.59,0,28499.8,,0,0,,0,0,boundary
250,25.75,1.25,,1002.94,0,23257.7,,0,0,,0,0,boundary
251,25.75,1.75,,1002.31,0,18258.6,,0,0,,0,0,boundary
252,25.75,2.25,,1001.85,0,14624.3,,0,0,,0,0,boundary
253,25.75,2.75,,1001.52,0,11972.2,,0,0,,0,0,boundary
254,25.75,3.25,,1001.04,0,8208.75,,0,0,,0,0,boundary
255,25.75,3.75,,1000.27,0,2116.38,,0,0,,0,0,boundary
256,25.75,4.25,,1000.48,0,3782.13,,0,0,,0,0,boundary
257,25.75,4.75,,1000.4,0,3132.02,,0,0,,0,0,boundary
258,25.75,5.25,,1000.37,0,2892.46,,0,0,,0,0,boundary
259,25.75,5.75,,1000,0,0,,0,0,,0,0,boundary
260,25.75,6.25,,1000,0,0,,0,0,,0,0,boundary
261,25.75,6.75,,1000,0,0,,0,0,,0,0,boundary
262,25.75,7.25,,1000,0,0,,0,0,,0,0,boundary
263,25.75,7.75,,1000,0,0,,0,0,,0,0,boundary
264,25.75,8.25,,1000,0,0,,0,0,,0,0,boundary
265,25.75,8.75,,1000,0,0,,0,0,,0,0,boundary
266,25.75,9.25,,1000,0,0,,0,0,,0,0,boundary
267,25.75,9.75,,1000,0,0,,0,0,,0,0,boundary
268,26.25,0.25,,1004.09,0,32507.1,,0,0,,0,0,boundary
269,26.25,0.75,,1003.53,0,27998,,0,0,,0,0,boundary
270,26.25,1.25,,1002.95,0,23344.4,,0,0,,0,0,boundary
271,26.25,1.75,,1002.34,0,18505.6,,0,0,,0,0,boundary
272,26.25,2.25,,1001.85,0,14589.4,,0,0,,0,0,boundary
273,26.25,2.75,,1001.45,0,11459.8,,0,0,,0,0,boundary
274,26.25,3.25,,1000.93,0,7320.04,,0,0,,0,0,boundary
275,26.25,3.75,,1000.25,0,1979.89,,0,0,,0,0,boundary
276,26.25,4.25,,1000.51,0,4019.59,,0,0,,0,0,boundary
277,26.25,4.75,,1000.46,0,3581.85,,0,0,,0,0,boundary
278,26.25,5.25,,1000.47,0,3658.57,,0,0,,0,0,boundary
279,26.25,5.75,,1000.5,0,3914.43,,0,0,,0,0,boundary
280,26.25,6.25,,1000,0,0,,0,0,,0,0,boundary
281,26.25,6.75,,1000,0,0,,0,0,,0,0,boundary
282,26.25,7.25,,1000,0,0,,0,0,,0,0,boundary
283,26.25,7.75,,1000,0,0,,0,0,,0,0,boundary
284,26.25,8.25,,1000,0,0,,0,0,,0,0,boundary
285,26.25,8.75,,1000,0,0,,0,0,,0,0,boundary
286,26.25,9.25,,1000,0,0,,0,0,,0,0,boundary
287,26.25,9.75,,1000,0,0,,0,0,,0,0,boundary
288,0.895079,5.12797,,1001.64,-7.9922,12942.4,,0.0272505,1.51282,,0.415322,7.32953,fluid
289,0.158265,0.947201,,1005.66,-16.7225,45167.9,,0.155569,-0.0268088,,0.504076,8.41092,fluid
290,0.199961,0.250339,,1006.62,-17.4549,52957,,-0.0578048,0.0459124,,-0.279845,10.4522,fluid
291,0.360698,2.39967,,1004.25,-13.8645,33751.8,,-0.362994,0.127533,,-0.425463,8.61621,fluid
292,3.44371,5.13922,,1001.08,-6.06701,8521.61,,-0.617722,1.11838,,1.03028,6.95282,fluid
293,0.263621,3.52197,,1003.72,-14.3763,29553.4,,-0.0859575,0.925759,,0.136461,8.43143,fluid
294,2.37167,4.09437,,1003.16,-9.17146,25053.8,,-0.590821,1.26239,,0.805562,7.7247,fluid
295,1.16792,4.02451,,1002.95,-12.3047,23377.2,,-0.343883,1.25024,,0.12051,8.13587,fluid
296,1.33448,4.70373,,1002.34,-7.84983,18473.6,,-0.215549,1.02127,,0.506782,7.75358,fluid
297,3.04403,4.79073,,1001.95,-8.23659,15392.4,,-0.342152,0.834705,,0.88938,8.06849,fluid
298,2.4022,3.30213,,1003.72,-9.62057,29556.6,,-0.729895,0.636299,,0.877131,9.10939,fluid
299,0.216599,1.90657,,1005.37,-14.7414,42843,,-0.0587149,0.609879,,0.0363639,8.59596,fluid
300,2.34353,5.58559,,1001.88,-6.42473,14821.9,,-0.552224,1.32296,,0.711059,8.04218,fluid
301,3.17423,2.69288,,1004.43,-9.0914,35222.7,,-1.07888,0.464028,,1.40437,8.01696,fluid
302,0.360979,4.75345,,1002.36,-9.77535,18628.1,,0.138136,1.33104,,0.114308,7.48344,fluid
303,1.0241,6.60633,,1000.38,-2.44741,3005.28,,-0.711771,1.9698,,0.249641,7.00843,fluid
304,0.213612,2.87821,,1003.65,-14.9936,28998,,0.164993,1.08112,,0.336004,7.70521,fluid
305,0.358393,1.33793,,1005.24,-17.4097,41794.3,,-0.163137,0.402353,,0.109417,8.977,fluid
306,0.518185,3.93532,,1002.73,-12.6663,21572.3,,-0.175846,1.32128,,0.017893,8.02132,fluid
307,0.590089,3.17448,,1004.02,-11.8127,31909.5,,-0.334671,0.973228,,0.343642,7.82744,fluid
308,0.872682,4.48957,,1002.53,-8.8429,20010.4,,-0.223965,1.28733,,0.218363,7.90523,fluid
309,0.332633,4.27962,,1002.7,-10.7166,21363.8,,-0.00269767,1.21929,,-0.114828,7.90953,fluid
310,0.652236,1.72149,,1005.1,-15.0176,40660.7,,-0.196817,0.437655,,0.48488,8.94606,fluid
311,1.04759,0.362424,,1006.49,-15.7859,51962.2,,-0.096446,0.207808,,0.463561,9.06097,fluid
312,1.95307,4.35558,,1002.91,-9.87282,23011.8,,-0.305071,1.18608,,0.612451,9.1442,fluid
313,1.57565,4.10313,,1003.03,-12.0495,23983.3,,-0.383594,1.30365,,0.290259,8.03285,fluid
314,2.283,2.10751,,1004.93,-11.0784,39227.8,,-0.84248,0.790801,,1.03608,8.88243,fluid
315,4.30594,5.67982,,1001.17,-6.82349,9179.46,,-0.771154,0.634406,,1.91241,7.387,fluid
316,0.44936,5.175,,1001.78,-9.27605,14066.6,,-0.212431,1.50006,,0.11161,7.59223,fluid
317,3.56362,6.26607,,1000.78,-4.41528,6157.34,,-0.949989,1.16062,,1.93025,6.68004,fluid
318,1.62368,5.0536,,1001.87,-8.69513,14779.1,,-0.326747,1.39513,,0.727036,7.26464,fluid
319,3.20136,3.40164,,1003.69,-7.93365,29283,,-0.798075,0.621104,,0.980197,9.44577,fluid
320,0.639185,0.244501,,1006.48,-16.7264,51827.3,,0.0326716,0.147595,,0.312299,9.26304,fluid
321,1.18525,0.918509,,1005.81,-15.8952,46389,,-0.391854,0.0685726,,0.434589,9.37215,fluid
322,0.897908,1.2436,,1005.35,-15.999,42630.5,,-0.244128,0.492924,,0.33877,9.05657,fluid
323,0.945974,3.65266,,1003.04,-13.0446,24087.2,,-0.0747759,0.886284,,0.142339,7.93267,fluid
324,6.9087,0.338466,,1005.83,5.15443,46547.1,,-0.530297,0.0794607,,1.11082,9.41195,fluid
325,1.43192,3.38491,,1003.44,-10.217,27272.5,,-0.437898,0.944498,,1.03744,8.50511,fluid
326,1.04372,3.074,,1004,-10.7543,31781.1,,-0.573456,0.665851,,0.306693,8.12617,fluid
327,1.95347,3.26073,,1003.69,-9.62086,29247.2,,-0.718205,0.822173,,0.236863,9.12166,fluid
328,1.44011,2.80392,,1004.1,-13.9052,32591,,-0.646747,0.856434,,0.593692,8.7558,fluid
329,2.7353,4.20997,,1003.27,-8.57035,25897,,-0.661787,1.04092,,1.26639,8.4848,fluid
330,1.12676,2.4174,,1004.43,-15.4205,35202.5,,-0.440721,0.524994,,0.656375,8.31198,fluid
331,1.523,5.51224,,1001.35,-5.53927,10622.1,,-0.171147,1.8026,,0.0560503,7.6991,fluid
332,2.42232,6.39897,,1001.12,-6.35931,8780.19,,-0.860468,1.40355,,1.12531,7.60125,fluid
333,3.66232,4.31707,,1002.69,-5.7778,21284.7,,-0.38243,0.890186,,1.93833,7.9417,fluid
334,3.0571,5.42264,,1001.43,-2.94459,11275.4,,-0.983394,1.21069,,1.05241,7.11827,fluid
335,2.78171,6.48162,,1000.71,-5.2853,5556.74,,-0.627456,1.35736,,1.02773,6.84479,fluid
336,0.617106,0.769454,,1006.12,-14.8903,48903.8,,-0.161054,0.0991166,,0.0765023,9.63834,fluid
337,7.46616,0.808529,,1005.3,6.07298,42263.8,,-0.887289,0.015191,,1.16831,9.88459,fluid
338,1.44454,0.334939,,1006.52,-14.9362,52201.3,,-0.101611,0.0493933,,0.615657,9.45933,fluid
339,0.71014,2.46716,,1004.02,-15.984,31899.7,,-0.0643077,0.778511,,0.175993,8.66516,fluid
340,3.97691,0.314579,,1006.61,-6.71316,52882.5,,-0.227665,0.143356,,0.376922,10.133,fluid
341,1.63199,0.914462,,1005.79,-14.6079,46200.8,,-0.197578,-0.0883921,,0.807808,8.59064,fluid
342,4.88759,0.316278,,1006.4,-2.61053,51179,,-0.260552,0.0912625,,1.2329,8.99859,fluid
343,1.04932,1.92486,,1004.7,-13.3387,37441,,-0.161171,0.282732,,0.514366,8.69085,fluid
344,1.36118,1.53034,,1005.39,-13.4375,42993.6,,-0.19303,0.00477433,,0.292458,8.87028,fluid
345,2.02212,2.78277,,1004.33,-14.478,34405.3,,-0.680557,0.773671,,0.96152,8.79424,fluid
346,2.78888,2.91498,,1004.55,-11.4696,36181.6,,-0.862756,0.87242,,0.791094,9.03539,fluid
347,1.84341,0.209333,,1006.72,-13.763,53817.6,,-0.163446,-0.0256909,,1.06601,9.75093,fluid
348,4.51953,4.23762,,1002.55,-3.19187,20139.9,,-1.03732,0.260769,,1.56512,8.88324,fluid
349,0.772028,6.33783,,1001.06,-4.28269,8355.49,,-0.344345,1.77824,,-0.502453,6.98159,fluid
350,4.44146,6.07922,,1000.34,1.67338,2647.64,,-0.835661,0.0548093,,2.26532,6.96651,fluid
351,2.13813,4.89871,,1001.82,-7.38007,14395.1,,-0.585245,1.09545,,0.782382,7.51058,fluid
352,8.70036,3.22257,,1002.34,4.35473,18492.4,,-0.414011,-0.254311,,2.02519,8.80469,fluid
353,7.85124,0.971119,,1005.08,6.71251,40446.2,,-1.14809,0.358399,,1.65561,9.03841,fluid
354,2.1399,0.607019,,1006.21,-12.7902,49667.6,,-0.310891,0.433889,,0.367926,10.1522,fluid
355,9.22387,3.08095,,1002.1,4.95483,16560.1,,-0.519716,-0.25314,,2.00558,9.17974,fluid
356,7.35693,0.23833,,1006.03,6.18794,48187.1,,-0.707383,-0.0232951,,0.903242,9.79853,fluid
357,8.16054,0.327096,,1005.54,7.2672,44186.5,,-0.868614,-0.0543379,,1.82409,9.42066,fluid
358,6.97911,2.04544,,1004.05,3.58537,32193.4,,-1.19486,0.476724,,1.7847,9.16832,fluid
359,6.47872,0.253173,,1006.06,3.74475,48420.3,,-0.54794,0.0566773,,1.24031,9.13157,fluid
360,5.87137,0.654065,,1005.69,1.12531,45446.2,,-0.75427,0.405795,,0.764746,10.0952,fluid
361,6.93037,0.838272,,1005.32,3.85893,42396.3,,-0.845649,0.349145,,1.65251,9.5869,fluid
362,1.85608,1.24861,,1005.51,-14.7499,43971.6,,-0.462686,0.450063,,0.38783,9.07446,fluid
363,5.93715,0.178743,,1006,1.4025,47907.9,,-0.0738449,0.203378,,0.849032,9.74745,fluid
364,1.76196,2.40738,,1004.5,-14.1407,35791.2,,-0.518473,0.552762,,0.634448,8.05812,fluid
365,0.58429,5.96631,,1001.02,-5.17084,8021.54,,-0.0542826,1.41856,,0.131562,6.85593,fluid
366,4.71772,6.0389,,1000.39,0.754435,3035.85,,-0.833484,-0.105658,,2.65884,7.10726,fluid
367,2.56562,4.83811,,1001.72,-7.02382,13593.6,,-0.414052,0.961947,,0.864298,7.81815,fluid
368,8.64055,2.5349,,1003.12,4.76526,24725.4,,-0.845338,-0.0767146,,1.69256,9.2374,fluid
369,8.22362,2.23474,,1003.46,4.75321,27459.3,,-1.06201,0.107054,,1.6106,9.57397,fluid
370,7.80536,1.67188,,1003.99,4.38186,31681.8,,-1.15382,0.348947,,1.72052,9.74796,fluid
371,10.2707,3.0888,,1002.19,4.45353,17292.4,,-0.0914912,-0.605164,,1.91831,9.77705,fluid
372,9.84365,2.684,,1002.53,5.90768,19986.7,,-0.721108,-0.316608,,1.67833,9.39021,fluid
373,7.72678,2.44458,,1003.29,4.15051,26080.2,,-1.03842,0.279101,,1.87905,8.94643,fluid
374,7.4173,2.21875,,1003.78,4.47893,29972.8,,-1.05724,0.229157,,1.52405,8.93754,fluid
375,4.39825,0.206108,,1006.39,-5.09308,51151,,-0.393969,0.199611,,1.46694,9.91308,fluid
376,2.95031,0.240568,,1006.7,-10.5938,53658.6,,-0.297747,-0.159622,,0.7913,9.25492,fluid
377,5.37035,0.22139,,1006.43,-1.32076,51478,,-0.0881835,-0.13219,,1.59511,9.76014,fluid
378,3.51152,0.234598,,1006.41,-8.13521,51246.2,,-0.106268,0.237094,,1.33037,9.22358,fluid
379,6.31899,0.743071,,1005.86,1.36263,46810.1,,-0.47108,0.083981,,0.758534,9.98695,fluid
380,2.4879,2.57045,,1004.64,-12.2159,36935.4,,-0.575477,0.509239,,1.25837,8.13545,fluid
381,6.38193,4.95115,,1001.09,0.596051,8614.91,,-0.556832,-0.236813,,2.58798,9.50418,fluid
382,3.71186,6.39962,,1000.29,-1.72227,2275.96,,-0.910138,1.00071,,2.0624,6.0037,fluid
383,9.19732,4.74023,,1000.64,1.12422,5027.11,,0.0646212,-0.973225,,2.53161,9.32226,fluid
384,8.68012,1.48115,,1004.02,7.11017,31934.7,,-1.08216,-0.0937062,,1.44765,9.65308,fluid
385,8.86992,1.02032,,1004.59,6.69723,36535.7,,-1.02071,-0.208639,,1.87365,9.53229,fluid
386,9.17132,1.65456,,1003.79,7.06209,30112.7,,-1.13754,0.12977,,1.33263,9.42129,fluid
387,5.89737,1.26025,,1005.62,2.42018,44867.5,,-0.671241,0.0455381,,1.66254,8.59257,fluid
388,10.6684,2.30917,,1002.76,5.54826,21804.7,,-0.593036,-0.429726,,1.57006,9.49667,fluid
389,6.28521,3.79123,,1002.42,0.740854,19157.8,,-1.56449,0.0643416,,2.70148,9.51896,fluid
390,9.69084,3.53844,,1001.97,2.99131,15541.4,,-0.109071,-0.586292,,2.14164,9.40836,fluid
391,9.3143,2.31561,,1003.12,5.8296,24737.1,,-0.848094,-0.275924,,1.94788,9.42229,fluid
392,8.26605,1.82896,,1003.76,5.69645,29836.8,,-1.06333,0.191352,,1.78595,9.00009,fluid
393,7.79394,0.313439,,1005.75,6.03126,45918.7,,-0.755999,0.0937869,,1.36659,10.0213,fluid
394,2.4314,0.239501,,1006.62,-12.1511,52984.4,,-0.396118,0.0441714,,1.40434,9.63735,fluid
395,2.74419,1.37407,,1005.92,-12.6971,47291.4,,-0.526992,0.360149,,0.965468,9.06704,fluid
396,10.2453,3.65913,,1001.35,1.95138,10609.4,,0.156251,-0.752126,,2.05382,9.38307,fluid
397,4.65878,4.77909,,1002.16,-1.10063,17089.4,,-0.783225,0.43298,,2.24901,7.98889,fluid
398,5.95633,5.36412,,1000.66,0.122494,5159.88,,-0.184649,-0.191414,,2.71185,9.03232,fluid
399,4.27451,4.96146,,1001.89,-3.30854,14885.8,,-0.786484,0.515837,,1.95463,7.68522,fluid
400,8.12222,1.28869,,1004.54,6.87056,36088.5,,-1.14648,0.0478385,,1.9617,9.27011,fluid
401,8.88829,0.161862,,1005.65,8.68898,45106.4,,-0.900884,-0.0781984,,1.52467,10.1758,fluid
402,9.99369,2.306,,1002.97,5.35518,23543.4,,-0.637011,-0.26337,,1.69808,9.66872,fluid
403,11.67,1.88092,,1003.18,4.49058,25210.6,,-0.415004,-0.618392,,1.32108,9.57433,fluid
404,10.2041,1.91652,,1003.41,6.4297,27035.1,,-0.950227,-0.313698,,1.87747,9.5236,fluid
405,9.35317,1.18983,,1004.32,7.54621,34308.8,,-1.26047,0.0383369,,1.85146,10.1703,fluid
406,11.5867,2.24967,,1002.61,4.10808,20683.7,,-0.261061,-0.384311,,1.73367,10.17,fluid
407,11.2904,3.67479,,1000.9,2.63666,7071.48,,0.356426,-0.867908,,1.91045,9.92048,fluid
408,6.74374,1.57498,,1004.84,3.0498,38556.2,,-1.0043,0.610593,,0.971932,9.34375,fluid
409,5.10662,2.13217,,1004.87,-1.84744,38746.6,,-1.14572,-0.327677,,2.3932,8.87735,fluid
410,11.2921,2.54718,,1002.48,5.23688,19604.2,,-0.183318,-0.625198,,1.5765,10.2076,fluid
411,3.10032,2.13603,,1004.93,-11.6722,39267.2,,-0.621597,0.572446,,0.284892,10.147,fluid
412,7.04696,4.70677,,1001.19,0.349099,9335.09,,-0.645187,-0.462486,,2.05583,9.64401,fluid
413,9.83203,4.44733,,1000.58,1.0721,4586.05,,0.107738,-1.01842,,2.39803,9.53482,fluid
414,10.205,4.34488,,1000.61,1.41948,4771.36,,0.318515,-1.08148,,2.25742,9.74,fluid
415,1.14685,5.47292,,1001.4,-5.93079,11045,,-0.0447053,1.54407,,0.130293,7.82837,fluid
416,9.40887,0.796451,,1004.8,8.25606,38187.4,,-1.14204,-0.0104398,,1.82324,9.57776,fluid
417,8.49904,0.891168,,1004.74,6.15834,37742.9,,-1.51577,0.225005,,0.786767,9.84891,fluid
418,9.87278,1.54993,,1003.95,7.36209,31338.5,,-1.07336,-0.294178,,1.67054,9.57003,fluid
419,9.99456,0.511464,,1004.98,8.45536,39694.2,,-0.940342,-0.165309,,1.66897,9.94723,fluid
420,10.5552,1.6637,,1003.44,6.62515,27241.3,,-0.938444,-0.131737,,1.46529,9.58551,fluid
421,11.0004,2.01785,,1003.06,5.78899,24266.1,,-0.53844,-0.523427,,1.61914,9.79949,fluid
422,12.3994,2.94415,,1001.83,2.40939,14470.2,,0.15974,-0.720601,,1.45505,10.1072,fluid
423,3.19517,1.11226,,1006.06,-8.62477,48456,,-1.00705,0.00738532,,1.40831,9.64372,fluid
424,12.9601,2.94067,,1001.76,1.10413,13914.2,,0.374933,-0.729053,,1.01359,9.62947,fluid
425,11.9007,2.74202,,1002.22,3.72403,17534.7,,0.0114805,-0.600547,,1.57964,9.74349,fluid
426,6.8054,4.18479,,1001.45,1.48243,11464.2,,-1.37235,-0.366634,,1.46054,9.09926,fluid
427,7.17973,1.30099,,1004.86,4.59331,38675.8,,-0.950623,0.171263,,1.37833,8.91439,fluid
428,10.8188,3.32903,,1001.67,3.02351,13142.3,,0.308655,-0.746974,,1.82386,9.68567,fluid
429,7.71298,4.92238,,1000.71,1.23379,5568.95,,-0.452612,-0.711902,,1.91963,9.01808,fluid
430,1.54169,6.66871,,1000.14,-1.65871,1126.31,,-0.722906,1.91248,,0.364154,6.5393,fluid
431,7.43001,5.16364,,1000.7,1.22491,5507.15,,-0.569965,-0.598505,,1.97382,9.28305,fluid
432,9.73161,0.204114,,1005.34,8.22338,42591.7,,-0.8607,-0.0110945,,1.78925,9.40538,fluid
433,9.2856,0.39457,,1005.3,8.52208,42225.7,,-0.987723,0.03209,,1.18066,9.7328,fluid
434,9.92914,1.10724,,1004.39,8.08762,34869.9,,-1.098,-0.186244,,1.04989,9.6842,fluid
435,10.626,1.22048,,1003.97,7.35184,31507,,-1.08127,-0.348785,,1.67033,9.9724,fluid
436,11.1179,1.55059,,1003.68,6.25621,29227.3,,-0.943145,-0.228039,,1.54026,9.93206,fluid
437,13.0065,1.79539,,1002.85,2.53414,22559.6,,-0.203099,-0.413699,,1.64478,9.58854,fluid
438,13.6026,2.46974,,1002.14,1.43383,16903,,0.25126,-0.396086,,1.29817,9.88696,fluid
439,14.0218,3.02153,,1001.09,0.0479398,8599.66,,0.485106,-0.592198,,1.32311,9.76075,fluid
440,8.2014,3.80952,,1002.04,3.15169,16118,,-0.426399,-0.21885,,2.16728,8.65379,fluid
441,5.65351,4.9049,,1001.35,-0.132252,10601.3,,-0.642834,0.0364435,,2.64899,8.0763,fluid
442,4.61302,1.18018,,1005.69,-3.96076,45386.5,,-0.891873,-0.0172114,,1.62111,9.03883,fluid
443,7.28543,4.23139,,1001.31,1.75396,10320.2,,-0.89835,-0.360841,,2.376,9.524,fluid
444,4.18029,4.0327,,1002.68,-3.86599,21200,,-0.918731,0.451316,,0.868382,8.14484,fluid
445,1.93362,6.35829,,1001.39,-8.18572,10939.4,,-0.411954,1.61875,,0.748083,7.36565,fluid
446,3.39362,5.66325,,1002.12,-1.8068,16728.2,,-0.938426,0.925097,,1.71811,8.09151,fluid
447,2.75737,3.59263,,1003.11,-9.76738,24600.1,,-0.974351,0.94987,,1.09957,8.39956,fluid
448,10.4627,0.150797,,1005.3,8.08276,42272.5,,-0.726388,-0.0490358,,1.44987,9.85756,fluid
449,11.1802,0.220092,,1005.1,7.3208,40654.4,,-0.617162,-0.0179573,,1.42018,9.2199,fluid
450,10.6239,0.528474,,1004.87,7.97789,38757.5,,-0.789232,-0.0673835,,1.68871,9.91949,fluid
451,13.404,2.00423,,1002.44,1.93649,19251.8,,-0.01313,-0.477305,,1.25882,9.80344,fluid
452,12.0693,1.56146,,1003.32,5.16789,26329.9,,-0.631102,-0.369605,,1.6268,9.7598,fluid
453,13.3463,1.42542,,1003.31,2.51751,26255.8,,-0.00171198,-0.338758,,0.804395,10.0671,fluid
454,15.0188,1.87673,,1002.54,-1.98389,20120.8,,0.194811,-0.276412,,1.06576,9.9964,fluid
455,15.3486,3.08793,,1001.02,-0.815317,8020.91,,0.525693,-0.237753,,0.771168,10.5114,fluid
456,12.6141,1.90275,,1002.79,3.49407,22104.4,,-0.0327314,-0.457418,,0.797507,10.2582,fluid
457,12.1591,2.15824,,1002.4,4.67382,18942.1,,-0.460786,-0.535099,,1.5231,9.86565,fluid
458,12.414,2.50124,,1002.17,3.37802,17174.2,,0.0297905,-0.573978,,1.55422,9.93809,fluid
459,6.03241,4.05779,,1002.01,-0.377882,15852.2,,-1.46284,-0.144718,,1.99138,9.82167,fluid
460,5.34306,3.00572,,1003.62,-1.3168,28699.8,,-1.52795,-0.107016,,1.09095,9.92175,fluid
461,3.12807,6.5488,,1000.34,-3.27392,2681.97,,-0.628688,1.35218,,1.27041,5.90473,fluid
462,4.15345,6.40861,,1000.46,-0.648164,3654.41,,-0.992081,0.432606,,2.48855,6.72486,fluid
463,6.98902,5.2992,,1000.71,0.648309,5562.66,,-0.395403,-0.400058,,1.63007,9.60579,fluid
464,10.3083,0.926192,,1004.5,7.39507,35796.5,,-1.15624,-0.107753,,1.68463,9.56735,fluid
465,11.7779,0.15491,,1005.13,6.53685,40894.4,,-0.425905,-0.0863806,,1.54973,10.4903,fluid
466,11.1298,0.625113,,1004.74,7.08965,37702.5,,-0.938296,-0.0697275,,1.38382,9.75224,fluid
467,14.596,2.12653,,1002.42,-1.40038,19152.6,,0.236725,-0.165629,,0.81219,10.2731,fluid
468,15.1809,2.33885,,1001.81,-2.4845,14300.3,,0.294707,-0.369795,,0.811632,10.1086,fluid
469,13.9313,1.95145,,1002.48,0.320556,19633.5,,-0.0593959,-0.322657,,1.02842,9.52454,fluid
470,14.4536,2.63185,,1001.92,0.081756,15141.6,,0.609466,-0.664139,,0.687381,10.5098,fluid
471,15.7151,2.89494,,1001.22,-0.977495,9584.75,,0.666823,-0.366636,,0.555932,10.0671,fluid
472,13.5112,3.60775,,1000.62,0.822626,4885.46,,0.908463,-0.908534,,1.58635,10.5715,fluid
473,11.0446,4.0226,,1000.64,1.59425,5058.11,,0.351644,-0.983399,,2.31184,10.1772,fluid
474,12.9296,2.37375,,1002.43,2.333,19221.5,,-0.100765,-0.59497,,1.36552,10.2282,fluid
475,14.9156,2.7283,,1001.54,-2.56463,12113.2,,0.420369,-0.278295,,0.92047,9.95388,fluid
476,13.13,3.37295,,1000.76,1.50968,5999.71,,0.373656,-0.849836,,1.61803,10.3029,fluid
477,8.82422,4.22006,,1000.66,0.812149,5160.14,,-0.198413,-0.533054,,2.25016,8.93738,fluid
478,4.93049,5.25869,,1001.58,-7.09205,12477.1,,-0.683978,0.552732,,2.48439,7.72644,fluid
479,5.34978,5.96842,,1000.57,-0.111924,4495.32,,-0.0969496,-0.382275,,3.57214,7.85263,fluid
480,14.0849,1.55715,,1002.95,0.460745,23332,,0.0341323,-0.350019,,1.19159,9.69027,fluid
481,11.1316,1.05264,,1004.21,6.77396,33457.3,,-0.839088,-0.098916,,1.4064,9.86537,fluid
482,14.6349,1.64671,,1002.76,-1.77656,21854.8,,-0.0942492,-0.21074,,0.821296,9.70599,fluid
483,16.4453,2.42034,,1001.76,-5.30031,13907.7,,0.513613,-0.383839,,0.324384,9.91416,fluid
484,14.6265,1.23538,,1003.37,-1.94381,26756.6,,-0.0393294,-0.244561,,1.07091,9.71924,fluid
485,15.4224,1.66395,,1002.77,-3.05755,21888.2,,0.118153,-0.124287,,0.57165,9.88367,fluid
486,15.829,2.04413,,1002.33,-4.37659,18430.3,,0.177178,-0.382038,,0.403976,9.66193,fluid
487,6.37596,3.28257,,1002.94,1.82528,23239.8,,-1.62091,0.179868,,2.44622,9.18956,fluid
488,7.15446,3.16887,,1002.84,2.07581,22462.3,,-1.23691,0.299924,,1.34565,8.90909,fluid
489,7.18395,2.78327,,1003.44,2.59092,27276.8,,-0.960169,0.212459,,1.88482,8.78011,fluid
490,5.29965,0.739351,,1006.21,-1.42286,49625.5,,-0.556094,-0.0641523,,1.60736,9.37258,fluid
491,3.69474,0.933541,,1005.96,-8.23706,47651.3,,-1.0144,0.210955,,0.692323,8.35505,fluid
492,3.90953,2.80941,,1004.3,-6.47236,34206.6,,-1.13467,0.293699,,1.35342,8.01964,fluid
493,3.75478,1.37713,,1005.72,-8.14225,45688.8,,-0.857129,0.00297954,,0.38467,10.7354,fluid
494,5.47727,3.74063,,1002.72,0.388963,21538.9,,-1.51269,-0.101805,,1.69385,8.25441,fluid
495,3.10794,6.83081,,1000.28,-0.0687254,2203.71,,-0.45182,1.28097,,1.04845,5.86414,fluid
496,11.6326,0.690414,,1004.43,6.28337,35266.8,,-0.874465,-0.207963,,1.44479,9.72555,fluid
497,11.5731,1.36407,,1003.65,6.04235,28926.4,,-0.949599,-0.271084,,1.52605,9.49983,fluid
498,17.2389,1.87063,,1002.29,-8.73954,18058.8,,0.433942,-0.104816,,0.0538627,9.36168,fluid
499,14.1832,0.929633,,1003.83,-0.580157,30427.8,,-0.182444,-0.163871,,1.13601,10.0145,fluid
500,15.7021,1.41028,,1002.98,-4.57312,23607.4,,0.29421,-0.176153,,0.965069,9.79259,fluid
501,15.1637,1.15516,,1003.25,-4.06354,25757.2,,-0.0547977,-0.0461576,,0.654627,9.76153,fluid
502,14.0584,2.30957,,1002.11,-0.0353395,16666.9,,0.147305,-0.311254,,1.58673,10.4021,fluid
503,16.4538,1.63745,,1002.63,-7.16632,20779.3,,0.42568,-0.270942,,0.25339,9.63699,fluid
504,5.50079,2.49783,,1004.28,-0.593512,34021.9,,-1.28232,-0.058662,,2.14224,8.70144,fluid
505,5.81146,4.40561,,1001.39,-0.495853,10961.2,,-1.48695,0.145328,,2.51864,8.96037,fluid
506,7.91565,2.76966,,1002.9,3.67993,22985.3,,-0.987074,0.269903,,1.79424,9.45001,fluid
507,4.44527,2.7399,,1004.34,-2.95436,34507.7,,-1.56271,0.286882,,1.69682,8.79252,fluid
508,7.95193,3.4094,,1002.36,4.11666,18662.2,,-0.551545,-0.15539,,2.05795,8.93476,fluid
509,9.60934,4.08362,,1000.51,2.72876,3984.39,,0.120456,-0.778846,,2.18375,8.85701,fluid
510,6.89951,3.62366,,1002.43,1.71723,19204.6,,-0.988294,0.061349,,0.980053,9.0202,fluid
511,4.0986,0.831299,,1006.03,-5.73904,48155.4,,-0.814068,-0.0182587,,2.17252,8.89695,fluid
512,12.5261,0.944034,,1004.17,3.94912,33165.5,,-0.639124,-0.0842948,,1.49743,9.76398,fluid
513,12.4416,0.231479,,1004.83,5.00943,38459.1,,-0.345536,0.0929241,,1.19226,9.37086,fluid
514,12.5428,1.42774,,1003.56,3.40758,28242.2,,-0.517999,-0.165171,,1.46951,9.4789,fluid
515,14.7107,0.766803,,1003.93,-2.56924,31194.7,,-0.465631,-0.118758,,0.913085,9.42107,fluid
516,13.5826,0.828955,,1004.02,0.931303,31969,,-0.441018,-0.0882815,,0.986183,9.5054,fluid
517,16.1997,1.25205,,1003.08,-7.27417,24361.2,,0.0563628,-0.226661,,0.258778,9.67421,fluid
518,17.4234,2.45394,,1001.75,-7.94188,13839.8,,0.496461,-0.119427,,-0.0855484,9.37825,fluid
519,17.0754,1.41827,,1002.85,-9.76523,22564.2,,0.222748,-0.143753,,0.36352,9.45552,fluid
520,16.2197,2.0361,,1002.19,-5.86557,17340,,0.201442,-0.236111,,0.365978,9.56712,fluid
521,5.3519,1.09947,,1005.64,-2.0411,45058.6,,-0.621316,0.0282421,,1.19844,9.90004,fluid
522,8.05282,4.1066,,1001.63,1.6173,12858.2,,-0.667359,-0.263491,,1.68273,9.111,fluid
523,8.79689,2.02231,,1003.63,6.09607,28827.3,,-1.16064,-0.0802594,,1.82201,9.31113,fluid
524,9.1133,2.63625,,1002.71,4.80987,21410.4,,-0.781878,-0.24218,,1.82733,9.58053,fluid
525,3.57845,2.17774,,1005.3,-7.36466,42224.1,,-0.802098,-0.0543975,,0.678904,10.0729,fluid
526,3.51095,3.01551,,1004.25,-8.61035,33800.6,,-1.13562,0.792999,,1.47896,8.77898,fluid
527,5.85409,3.38105,,1003.45,-0.710902,27380.5,,-1.49087,0.183543,,1.24368,9.35297,fluid
528,11.9803,1.0339,,1003.98,5.33752,31589.7,,-0.575185,-0.302435,,1.21445,10.2015,fluid
529,12.1306,0.573374,,1004.55,5.3617,36229.4,,-0.794479,-0.0865277,,1.41953,9.1839,fluid
530,13.7437,1.23278,,1003.56,0.979323,28219.9,,-0.40598,-0.218361,,1.39839,10.0885,fluid
531,16.6632,1.12792,,1003.31,-9.84865,26258.6,,0.273317,-0.173267,,0.535013,9.48588,fluid
532,12.8217,0.57366,,1004.48,3.82268,35602,,-0.46085,-0.164677,,1.26,9.99135,fluid
533,18.5648,1.68695,,1002.51,-14.1843,19851.2,,0.445461,-0.0932448,,0.555999,9.27728,fluid
534,17.3819,2.93874,,1000.96,-4.9203,7550.94,,0.481257,-0.240529,,-0.00725226,9.38478,fluid
535,15.676,0.956857,,1003.68,-6.31919,29203.2,,-0.0569001,-0.167484,,0.669717,9.86959,fluid
536,18.1112,1.97506,,1002.21,-11.9007,17464.1,,0.531735,0.0108886,,0.0214189,9.13769,fluid
537,15.6354,2.38662,,1001.75,-4.72494,13794.6,,0.50301,-0.129264,,0.442395,9.97985,fluid
538,11.8985,3.31753,,1001.48,0.698743,11655.8,,0.368119,-0.543393,,2.02496,10.0515,fluid
539,9.7169,3.13733,,1002.25,5.27288,17792.2,,-0.116761,-0.611479,,1.83316,9.22962,fluid
540,3.92723,2.01675,,1005.18,-5.65904,41322.4,,-1.22989,-0.168389,,1.54105,7.73166,fluid
541,6.7471,2.51997,,1003.68,2.16494,29229.2,,-1.17079,0.715447,,1.63085,8.98062,fluid
542,5.3099,4.11246,,1002.18,-2.53105,17212,,-1.40004,0.397746,,2.43781,8.88463,fluid
543,8.34975,2.96402,,1002.64,4.3454,20909.5,,-0.703198,-0.0972869,,1.6722,9.04759,fluid
544,13.0222,1.08882,,1003.68,3.00575,29232.3,,-0.766899,-0.278117,,1.61479,9.78305,fluid
545,13.1055,0.157412,,1004.94,2.73697,39371.8,,-0.365395,-0.0104338,,1.22762,10.2172,fluid
546,13.914,0.214276,,1004.77,1.06428,37965.6,,-0.21526,-0.0236138,,0.532425,9.11167,fluid
547,15.7002,0.551427,,1004.24,-6.66761,33694.4,,-0.112632,-0.0439423,,0.645398,9.42604,fluid
548,13.3828,0.471699,,1004.45,2.37058,35380.1,,-0.255925,-0.0784374,,1.67411,9.7269,fluid
549,17.3754,1.06928,,1003.31,-12.6406,26260.4,,0.363713,-0.234434,,-0.032127,9.49863,fluid
550,18.2547,1.40938,,1002.83,-15.0482,22383.6,,0.469021,-0.0674217,,-0.143316,9.05303,fluid
551,18.697,2.11397,,1002.03,-12.2442,16054.5,,0.5949,-0.0998196,,0.134528,8.96279,fluid
552,17.6844,1.56586,,1002.69,-11.8252,21303,,0.26004,-0.0823463,,0.259964,9.35694,fluid
553,16.9835,2.49997,,1001.62,-5.99667,12743.4,,0.394026,-0.245672,,-0.249021,9.42899,fluid
554,2.32597,1.17479,,1005.73,-13.3558,45775.4,,-0.334862,0.320319,,0.616448,9.01885,fluid
555,12.6967,3.46983,,1000.78,2.37737,6106.95,,0.486242,-0.741114,,1.3054,10.3118,fluid
556,5.40576,5.28471,,1000.65,0.46098,5108.13,,-0.483855,0.229228,,3.18808,7.53958,fluid
557,4.90959,3.12507,,1003.82,0.876787,30335.1,,-1.49109,-0.44498,,2.04258,9.54308,fluid
558,11.4798,3.95322,,1000.59,1.24194,4664.88,,0.624948,-0.948158,,2.10426,10.3732,fluid
559,4.69981,0.741397,,1006.38,-2.63663,51037.1,,-0.379758,-0.402436,,0.776734,10.4056,fluid
560,14.6211,0.202499,,1004.57,-1.57224,36336,,0.114788,-0.00740786,,0.858266,9.75703,fluid
561,15.245,0.212215,,1004.54,-4.2284,36138.6,,0.000571461,0.0612324,,0.807656,9.20915,fluid
562,15.1026,0.59373,,1004.07,-4.54725,32365.4,,-0.0190416,0.0738916,,0.879238,9.81165,fluid
563,17.8767,1.08977,,1003.35,-15.7124,26548.4,,0.275853,0.161741,,0.465063,9.56088,fluid
564,16.275,0.738011,,1003.78,-8.99164,30015.4,,0.0609751,-0.152436,,0.497173,9.67877,fluid
565,18.2836,0.726082,,1003.68,-17.8138,29239,,0.18174,-0.06065,,0.421895,9.60398,fluid
566,19.1094,1.55076,,1002.7,-17.2586,21384.4,,0.500255,0.0382451,,-0.246549,9.26849,fluid
567,18.6716,1.1445,,1003.22,-17.7224,25504.5,,0.365725,-0.0678828,,0.160475,9.30632,fluid
568,18.4416,2.45894,,1001.66,-10.1617,13057.9,,0.44721,0.0165287,,-0.0698184,9.11,fluid
569,16.8527,3.10238,,1000.94,-3.0086,7370.17,,0.53154,-0.282791,,-0.0406344,9.77831,fluid
570,14.4985,3.3627,,1000.79,-0.355396,6213.59,,0.939298,-0.208735,,0.776912,10.7346,fluid
571,17.6808,2.12866,,1002.17,-9.94116,17122.5,,0.499243,-0.177902,,0.209726,9.17601,fluid
572,13.8554,3.43023,,1000.68,0.833741,5376.36,,0.85395,-0.707142,,1.21445,10.5439,fluid
573,4.88501,3.87609,,1002.7,-2.86534,21387.5,,-1.239,0.0206919,,2.19375,8.24823,fluid
574,4.59466,1.94206,,1005.1,-2.67669,40608.9,,-1.13457,-0.410262,,1.06667,9.33421,fluid
575,2.00991,6.72875,,1000.15,-0.456081,1208.19,,-0.936782,1.7062,,0.668974,6.60313,fluid
576,14.16,0.481515,,1004.4,-0.617574,34992.5,,-0.264277,-0.211906,,1.75587,9.60233,fluid
577,15.937,0.20263,,1004.46,-6.95624,35510,,0.0711695,0.0421976,,0.860952,9.41617,fluid
578,16.4795,0.318482,,1004.35,-9.79776,34568.3,,0.184966,-0.153509,,0.0535812,9.65412,fluid
579,17.7412,0.635986,,1003.95,-16.0698,31333.4,,0.232414,0.0482666,,0.407116,9.45873,fluid
580,16.9302,0.760997,,1003.79,-11.1716,30106.2,,0.0320516,-0.0821102,,0.716924,9.53027,fluid
581,18.7901,0.616242,,1003.81,-20.6731,30279.5,,0.343938,0.0716381,,0.0197417,9.33937,fluid
582,20.3567,1.61403,,1002.64,-21.6636,20919.8,,0.350428,-0.0462291,,-0.167438,8.68483,fluid
583,19.3167,0.663855,,1003.85,-23.5457,30587.5,,0.383772,0.0995055,,0.314582,9.23431,fluid
584,16.8025,1.97919,,1002.24,-6.58717,17692.7,,0.298127,-0.27435,,0.372831,9.66516,fluid
585,19.1476,2.27536,,1001.83,-13.5978,14405.7,,0.28368,-0.0440861,,-0.236751,8.82166,fluid
586,13.4425,2.77398,,1001.86,0.337431,14681.9,,0.28663,-0.43608,,1.44076,10.1425,fluid
587,18.0203,2.60294,,1001.56,-8.24598,12269.6,,0.365501,-0.20714,,-0.011186,9.18841,fluid
588,16.0107,3.28987,,1000.7,-1.64102,5512.95,,0.523586,-0.306622,,0.266684,10.6224,fluid
589,3.54114,3.87691,,1002.82,-6.36658,22345.5,,-1.08566,0.83166,,1.84173,7.39071,fluid
590,3.22412,1.68832,,1005.68,-9.61374,45361.2,,-1.1091,0.474319,,2.54505,8.15171,fluid
591,2.63978,0.789815,,1006.4,-11.3211,51162.7,,-0.607161,-0.00614483,,1.52382,9.23159,fluid
592,17.3469,0.393103,,1004.11,-13.1151,32638.4,,0.343475,-0.115468,,-0.166778,9.21142,fluid
593,17.8159,0.175169,,1004.46,-16.0701,35445.6,,0.400636,0.0420749,,0.548106,9.65922,fluid
594,16.8844,0.230604,,1004.4,-11.2785,35016.2,,0.233551,0.0782842,,1.02458,9.34727,fluid
595,21.334,1.25073,,1002.97,-29.671,23554.1,,0.493953,0.139445,,-0.233475,8.83514,fluid
596,19.1757,1.07862,,1003.36,-21.1331,26676.1,,0.430956,0.100457,,0.35435,9.45203,fluid
597,22.3989,2.29008,,1001.84,-22.6215,14524.7,,0.470503,0.310634,,-0.0870794,8.40222,fluid
598,19.9772,1.1363,,1003.16,-24.3794,25051.1,,0.508862,-0.00473856,,0.0448347,9.2136,fluid
599,21.3613,1.66524,,1002.54,-25.3607,20093.9,,0.344234,0.269576,,0.0273912,8.99555,fluid
600,19.595,1.75687,,1002.44,-18.4575,19329.6,,0.563075,0.161855,,0.336915,8.88018,fluid
601,19.6974,1.38542,,1002.81,-21.0812,22250.6,,0.40333,-0.0915,,0.0411016,8.96807,fluid
602,16.2617,2.78198,,1001.15,-2.90663,9043.72,,0.38115,-0.288821,,0.232235,9.66591,fluid
603,17.2423,3.39314,,1000.57,-1.9574,4464.71,,0.540671,-0.257515,,-0.257046,9.4382,fluid
604,18.0023,3.04011,,1000.8,-4.98266,6265.45,,0.666578,-0.0777316,,-0.182888,9.04571,fluid
605,10.974,2.8806,,1002.09,5.10926,16472.5,,-0.109261,-0.778673,,1.8076,9.93108,fluid
606,9.15836,3.75826,,1001.82,2.17939,14367.4,,-0.160588,-0.519373,,2.2156,9.18509,fluid
607,1.9579,5.52059,,1001.55,-5.11334,12244,,-0.566971,1.69103,,0.225243,7.55075,fluid
608,18.3936,0.265662,,1004.32,-18.5177,34324.4,,0.38304,0.0144418,,0.173024,9.11493,fluid
609,18.9885,0.197076,,1004.36,-21.4496,34641.1,,0.322686,0.0458116,,0.252446,9.32997,fluid
610,19.6152,0.228939,,1004.31,-24.8518,34264.5,,0.228243,0.010296,,-0.10435,9.11193,fluid
611,22.6857,2.71732,,1001.3,-18.1784,10273.1,,0.367816,0.485928,,0.00317677,8.54638,fluid
612,22.3065,1.79735,,1002.4,-27.7478,18994.4,,0.305163,0.283577,,0.111205,8.61975,fluid
613,23.6768,1.78838,,1002.39,-32.3716,18869.1,,0.157581,0.261788,,0.149356,8.76699,fluid
614,21.8537,2.10764,,1002.07,-23.5181,16338.9,,0.39202,0.228722,,-0.193014,8.50007,fluid
615,23.2558,2.04654,,1002.26,-28.5272,17882.7,,0.418911,0.463665,,0.145771,8.37008,fluid
616,20.0568,2.34862,,1001.79,-15.1622,14147,,0.50028,0.0538582,,-0.251621,8.80151,fluid
617,20.2911,1.98127,,1002.26,-18.403,17843.7,,0.485681,-0.00993619,,-0.145349,8.75952,fluid
618,18.685,2.95579,,1001.19,-7.00575,9363.46,,0.52157,-0.0376122,,-0.268624,9.07023,fluid
619,19.0437,2.71088,,1001.39,-10.239,10959,,0.627997,0.0712507,,-0.0975092,8.97303,fluid
620,12.5591,3.79394,,1000.59,0.923761,4639.54,,0.658892,-0.757464,,1.6139,10.5222,fluid
621,9.4075,4.34124,,1000.68,1.8793,5310.08,,-0.0842262,-0.886706,,2.18079,9.4991,fluid
622,15.6418,3.50119,,1000.61,-1.14255,4795.39,,0.493499,-0.225324,,0.624159,10.8122,fluid
623,6.44567,2.04515,,1004.44,0.747998,35311.1,,-1.17161,0.485375,,1.49134,9.08754,fluid
624,21.872,1.55508,,1002.74,-29.1155,21707.4,,0.449427,0.22568,,0.00460106,8.94063,fluid
625,20.3442,0.93064,,1003.47,-27.3946,27546.1,,0.49487,-0.183299,,0.227878,8.82397,fluid
626,22.9004,2.34943,,1001.9,-23.418,14981,,0.344748,0.373645,,-0.11605,8.17522,fluid
627,20.1479,0.264658,,1004.23,-26.9595,33628.1,,0.362096,-0.0448259,,0.207362,9.25913,fluid
628,22.7234,1.70482,,1002.42,-29.8336,19139.7,,0.373765,0.289674,,0.0640416,8.68958,fluid
629,23.8505,1.31426,,1002.97,-38.8045,23551.6,,0.190274,0.196616,,0.129549,8.76103,fluid
630,22.316,0.749297,,1003.62,-37.2211,28740.2,,0.239971,0.129538,,0.26012,9.36815,fluid
631,21.7194,2.62194,,1001.46,-17.9104,11524.2,,0.448776,0.363577,,-0.13134,8.45291,fluid
632,19.6596,2.60973,,1001.43,-12.1814,11256.1,,0.575844,0.0463117,,0.0505594,8.95409,fluid
633,20.7398,1.21346,,1003.09,-27.455,24498,,0.433926,0.123598,,0.323058,9.34461,fluid
634,19.5058,2.1164,,1002.05,-15.8123,16177.4,,0.592705,0.0717814,,0.121116,9.05654,fluid
635,20.4287,2.56075,,1001.53,-14.9187,12034.6,,0.550093,0.0393017,,-0.0690272,8.65761,fluid
636,16.6105,3.31002,,1000.61,-1.8767,4798.69,,0.631883,-0.274098,,-0.168023,10.0084,fluid
637,6.48869,4.56724,,1001.52,1.85214,11973,,-0.737132,-0.509441,,1.77827,9.05535,fluid
638,8.65366,4.62157,,1000.66,1.40341,5193.99,,-0.169621,-0.849758,,2.50596,8.87396,fluid
639,5.13503,4.52939,,1002,-1.49099,15778.4,,-1.07376,0.498528,,2.62078,8.76667,fluid
640,20.877,0.766649,,1003.65,-30.9097,28943.7,,0.291955,0.0948841,,0.271037,9.22529,fluid
641,19.8316,0.659373,,1003.76,-25.7591,29834.3,,0.311918,-0.0187072,,0.263922,9.44359,fluid
642,22.4282,1.24983,,1003.01,-33.5202,23845.6,,0.320375,0.208409,,0.126578,8.94297,fluid
643,20.5734,0.332838,,1004.2,-29.3458,33352.8,,0.388101,-0.028668,,-0.195578,9.15903,fluid
644,23.5556,0.592742,,1003.79,-43.1985,30047,,-0.00455127,0.128681,,0.26987,9.47869,fluid
645,23.4681,1.13254,,1003.18,-40.2181,25168.5,,0.144435,0.239357,,0.0293456,8.49637,fluid
646,23.1505,1.55984,,1002.66,-33.9056,21032.6,,0.351692,0.385481,,0.00756446,8.65826,fluid
647,24.5057,1.98967,,1002.1,-31.7553,16602.9,,0.260405,0.475924,,0.1551,7.81868,fluid
648,24.1088,1.93178,,1002.17,-30.8179,17125,,0.333295,0.115997,,-0.0542271,8.52961,fluid
649,21.293,2.14669,,1001.99,-20.5564,15671.9,,0.400775,0.179136,,0.00746561,8.48622,fluid
650,19.5079,3.06168,,1001.05,-7.48479,8288.17,,0.542679,-0.164578,,-0.240574,8.90456,fluid
651,20.8425,2.26,,1001.78,-17.9652,14030,,0.343026,0.105909,,-0.0481887,8.45745,fluid
652,17.8168,3.36265,,1000.54,-2.50347,4240.5,,0.754511,-0.141639,,-0.366999,9.14756,fluid
653,1.62278,1.96096,,1004.98,-12.2343,39644.8,,-0.541389,0.484431,,0.472999,8.59809,fluid
654,5.41903,1.56997,,1005.27,-1.10184,42030.9,,-1.00273,0.160849,,1.50698,10.1354,fluid
655,3.87233,3.46666,,1003.17,-7.10083,25102.2,,-1.29825,0.448482,,1.43909,9.59868,fluid
656,22.9751,1.08646,,1003.18,-38.4685,25176.3,,0.142678,0.284449,,0.176968,9.1069,fluid
657,21.3977,0.78705,,1003.57,-33.2153,28283.7,,0.469612,0.13549,,0.0550374,9.14977,fluid
658,21.8929,1.11752,,1003.37,-33.3278,26729.9,,0.333841,0.164735,,0.242524,8.7348,fluid
659,21.0193,0.26474,,1004.3,-32.1689,34193.3,,0.473066,0.175473,,0.246628,9.01998,fluid
660,24.7608,0.738969,,1003.67,-47.8538,29097.6,,-0.0324831,0.183008,,0.319628,8.36546,fluid
661,23.4944,3.16076,,1000.97,-14.0261,7629.33,,0.154279,0.410896,,-0.0281337,8.33672,fluid
662,23.8109,0.231389,,1004.21,-44.1947,33475.1,,0.0956521,0.150354,,0.378279,8.69619,fluid
663,23.5978,2.58371,,1001.57,-23.5855,12362.2,,0.371342,0.458192,,-0.295056,8.15471,fluid
664,22.0437,2.65223,,1001.36,-18.0503,10738.1,,0.426883,0.303413,,0.14272,8.5366,fluid
665,20.8455,1.69555,,1002.49,-22.5175,19681,,0.457099,0.105229,,0.0872387,8.93579,fluid
666,20.8842,2.79106,,1001.15,-13.3051,9044.58,,0.581037,0.451466,,-0.15571,8.59683,fluid
667,21.4254,3.17616,,1001.19,-10.6129,9384.58,,0.553887,0.141306,,-0.248655,8.52378,fluid
668,8.10716,4.84412,,1000.58,1.1428,4542.71,,-0.268046,-0.800427,,2.12962,8.76592,fluid
669,4.62842,3.53972,,1002.83,-4.41826,22372.5,,-1.06124,0.201636,,1.7723,8.48749,fluid
670,8.50464,4.94673,,1000.57,1.04266,4517.32,,-0.17443,-0.891509,,2.41183,8.78655,fluid
671,0.533225,6.76785,,1000.87,-3.6386,6866.43,,-0.448824,2.20541,,1.39144,7.8368,fluid
672,24.0486,0.834014,,1003.43,-43.564,27192.1,,0.06561,0.018739,,0.162742,8.70214,fluid
673,21.5149,0.247084,,1004.29,-34.2679,34085.4,,0.229075,-0.0275275,,0.210859,8.96637,fluid
674,24.6921,0.219603,,1004.26,-49.8363,33873.3,,0.0288633,0.0436998,,0.169117,9.28037,fluid
675,21.8647,0.52117,,1003.92,-36.3644,31119.8,,0.379069,0.161827,,-0.011831,9.22238,fluid
676,24.5845,1.0515,,1003.29,-43.7421,26076.8,,-0.0494016,0.143341,,0.0490853,9.16563,fluid
677,19.4034,3.51165,,1000.49,-4.0506,3885.44,,0.616424,-0.0298641,,-0.42269,8.69772,fluid
678,24.8479,2.31286,,1001.66,-29.0786,13101.7,,-0.0152501,0.566696,,0.019273,7.65078,fluid
679,23.2546,2.68647,,1001.41,-20.9563,11113.4,,0.215045,0.418622,,-0.331988,8.68563,fluid
680,20.3842,3.00464,,1001.25,-10.83,9817.3,,0.690343,0.194033,,-0.0367974,8.79828,fluid
681,20.0475,3.19693,,1000.9,-8.14387,7059.11,,0.796574,0.0865257,,-0.499559,8.72764,fluid
682,18.4856,3.53719,,1000.48,-3.1353,3774.96,,0.586404,-0.0532917,,-0.359219,8.93781,fluid
683,18.1929,3.50949,,1000.49,-2.72308,3838.16,,0.584801,-0.0822409,,-0.380857,9.01172,fluid
684,16.4176,3.39993,,1000.56,-1.5588,4433.89,,0.66865,-0.288689,,-0.303583,10.2347,fluid
685,9.55568,1.91833,,1003.57,6.24019,28340.8,,-0.862944,-0.18684,,1.5789,9.57795,fluid
686,0.477024,5.64932,,1001.88,-7.2444,14831.3,,0.0152044,1.20814,,-0.129601,7.83303,fluid
687,5.78822,2.92649,,1003.58,-0.57674,28425.7,,-1.23557,0.200732,,2.36154,8.33935,fluid
688,24.3097,1.40544,,1002.85,-37.5806,22579.3,,0.0187255,0.369045,,0.371846,8.9517,fluid
689,22.7556,0.248862,,1004.31,-40.657,34266.4,,0.209052,0.132122,,0.00436641,8.99618,fluid
690,24.2734,0.363195,,1004.02,-46.1833,31937.3,,-0.0143359,-0.0324693,,-0.113436,8.95942,fluid
691,23.2437,0.307234,,1004.26,-42.6885,33830.6,,0.0673882,0.054708,,0.186118,8.65412,fluid
692,23.1201,3.45233,,1000.73,-10.5527,5746.12,,0.423578,0.665988,,0.0759346,8.20215,fluid
693,18.7662,3.44875,,1000.54,-4.17905,4205.59,,0.797323,-0.0215212,,-0.36144,8.9355,fluid
694,21.9639,3.4317,,1000.82,-10.2103,6461.26,,0.553287,0.443233,,0.0640123,8.44456,fluid
695,24.1695,2.68858,,1001.45,-22.6374,11418.6,,0.10818,0.682372,,0.363755,8.307,fluid
696,23.9101,2.48259,,1001.65,-25.0553,13031,,0.283026,0.429944,,0.0996519,7.65714,fluid
697,22.8605,3.59644,,1000.42,-6.82059,3285.71,,0.476035,0.706126,,-0.139443,7.88991,fluid
698,22.6908,3.46571,,1000.66,-9.62947,5223.28,,0.353402,0.632787,,-0.154592,8.20991,fluid
699,7.57023,3.34199,,1002.43,1.91141,19204.7,,-0.790576,0.134728,,2.10852,8.87471,fluid
700,15.0038,3.36071,,1000.69,-0.69884,5434.53,,0.489748,-0.0491298,,1.30124,10.5439,fluid
701,10.6721,4.23234,,1000.58,1.39104,4543.39,,0.420532,-1.04944,,2.35772,9.97916,fluid
702,3.78933,4.72846,,1002.14,-4.16711,16881.2,,-0.665739,0.53328,,1.81341,7.98077,fluid
703,5.76079,2.00427,,1004.93,0.776571,39262.2,,-1.07188,0.264498,,0.938643,9.71281,fluid
704,21.2789,2.65877,,1001.54,-15.82,12153.2,,0.507693,0.127413,,-0.173992,8.64749,fluid
705,22.8348,0.721796,,1003.64,-40.3008,28874.9,,0.25953,0.146881,,0.143939,8.96036,fluid
706,4.27214,3.27636,,1003.62,-4.79387,28737.6,,-1.15262,-0.10909,,1.46597,9.05897,fluid
707,24.6048,3.58608,,1000.34,-11.8511,2700.68,,0.275212,0.947888,,-0.505581,7.52452,fluid
708,24.1118,3.27648,,1000.94,-12.8106,7371.36,,0.193576,0.40344,,-0.444227,8.17047,fluid
709,21.1352,3.63657,,1000.46,-5.91537,3647.98,,0.621014,0.280499,,-0.323602,8.00761,fluid
710,20.8764,3.54901,,1000.6,-7.04646,4683.93,,0.599908,0.264876,,-0.335212,8.23301,fluid
711,24.6222,2.56407,,1001.72,-25.731,13563.3,,-0.119411,0.448084,,0.0600958,8.56704,fluid
712,24.1489,3.66883,,1000.32,-6.28378,2540.53,,0.189224,0.7172,,-0.312646,7.59337,fluid
713,19.8012,3.58677,,1000.5,-3.97938,3935.39,,0.804762,0.0602813,,-0.653825,8.5819,fluid
714,24.8625,1.54315,,1002.47,-36.883,19503.2,,0.0228458,-0.00474982,,-0.0471685,8.81249,fluid
715,20.5294,3.61489,,1000.52,-5.90111,4123.6,,0.623559,0.233717,,-0.278739,8.20889,fluid
716,7.93258,4.41022,,1000.74,0.389551,5825.15,,-0.75188,-0.356759,,1.62668,8.7922,fluid
717,1.36971,6.35659,,1001.58,-6.52164,12497.8,,-0.597835,1.7693,,0.288497,7.35542,fluid
718,8.72521,3.61956,,1002.07,3.23972,16359.6,,-0.459963,-0.302551,,1.87029,9.27852,fluid
719,3.17809,4.18758,,1003.06,-7.98349,24248.7,,-0.736323,1.01098,,1.20476,8.02288,fluid
720,22.3649,3.06107,,1001.2,-13.5844,9487.6,,0.478273,0.215734,,-0.196448,8.44769,fluid
721,7.4352,1.60101,,1004.26,4.01365,33862.7,,-1.23085,0.450673,,1.38988,9.59848,fluid
722,2.69861,1.88293,,1005.33,-11.7613,42535,,-0.900516,0.298405,,0.144644,9.66889,fluid
723,22.2173,0.230208,,1004.29,-37.9938,34065,,0.215463,-0.101061,,0.109998,9.00803,fluid
724,4.21217,1.43603,,1005.91,-6.32835,47195.1,,-0.646909,-0.0950853,,1.17465,10.0569,fluid
725,3.1893,0.615022,,1006.65,-10.6609,53277,,-0.497754,-0.200949,,1.48075,10.3913,fluid
726,24.7027,3.23473,,1001.46,-17.2277,11538,,0.139666,0.738466,,0.129634,8.03462,fluid
727,23.7116,3.69305,,1000.49,-7.44713,3860.11,,0.381405,0.659985,,-0.126315,8.07583,fluid
728,21.4753,3.77995,,1000.41,-5.24013,3220.27,,0.64195,0.344627,,-0.237567,7.96116,fluid
729,12.1077,3.701,,1000.65,1.65606,5088.05,,0.472974,-0.656472,,2.11037,10.1651,fluid
730,24.3759,3.73369,,1000.27,-5.28943,2116.16,,0.241493,0.815106,,-0.442287,7.33279,fluid
731,4.91332,2.52062,,1004.05,-4.48829,32172.2,,-1.27099,-0.0530701,,1.07369,9.61563,fluid
732,8.53774,0.460964,,1005.23,7.36623,41719,,-0.760066,0.132346,,1.72519,9.49776,fluid
733,11.96,3.97503,,1000.57,0.993936,4474.24,,0.795076,-0.812245,,1.81187,10.5132,fluid
734,6.09267,1.63549,,1005.22,0.978205,41627.3,,-0.821517,0.0513029,,1.92536,9.57832,fluid
735,3.95577,5.28051,,1001.55,-3.60301,12245.4,,-0.86675,1.14402,,1.47703,7.86174,fluid
736,6.13576,2.39468,,1004.28,1.45012,34015,,-1.4199,0.160738,,1.22032,10.1371,fluid
737,11.4844,3.12172,,1001.83,3.45366,14438.2,,0.240898,-0.697558,,1.40719,9.57583,fluid
738,21.8056,3.74706,,1000.42,-5.92866,3285.01,,0.678209,0.450405,,-0.000457332,8.048,fluid
739,4.21707,2.24657,,1004.28,-6.44813,33996.3,,-1.19884,0.145962,,2.09117,9.91917,fluid
740,39.3004,-907.598,,996.14,0.0629572,-29945.1,,0.0807864,-135.228,,9.76793,-11.2791,fluid
741,14.8446,3.46545,,1000.56,-0.49144,4440.3,,0.744606,-0.0701871,,0.788449,10.5121,fluid
742,22.3378,3.76898,,1000.4,-5.78522,3173.29,,0.540482,0.633758,,-0.030549,8.082,fluid
743,10.5573,3.92228,,1000.83,2.45599,6492.93,,0.214498,-0.948359,,2.26418,9.71198,fluid
744,7.28377,3.84849,,1002.27,1.88123,17934.8,,-0.795329,-0.334717,,2.42151,9.41422,fluid
745,14.1662,3.48152,,1000.69,0.531949,5415.19,,1.08662,-0.503693,,1.00549,11.0092,fluid
746,19.1549,3.57166,,1000.47,-3.64972,3702.07,,0.554071,-0.0223793,,-0.426796,8.7951,fluid
747,6.52023,1.13239,,1005.41,2.48771,43177.1,,-0.733797,0.445453,,0.77231,10.1378,fluid
748,2.04511,1.68096,,1005.31,-12.7633,42348.8,,-0.646066,0.470427,,1.01332,9.43545,fluid
749,4.90562,1.57093,,1005.8,-2.64711,46319.9,,-0.960525,0.039582,,1.73881,8.93701,fluid
750,10.5124,2.71641,,1002.39,4.94454,18862.3,,-0.343171,-0.609295,,1.62986,9.69676,fluid
751,2.62864,5.48902,,1001.51,-3.64273,11872.7,,-0.605239,1.34352,,1.36505,7.22083,fluid
752,39.3425,-907.671,,996.255,-0.0135483,-29063.6,,1.03829,-134.694,,2.95932,1.26748,fluid
753,13.1939,3.80133,,1000.57,0.595855,4503.12,,0.608955,-0.87967,,1.40657,10.4518,fluid
754,23.3751,3.9522,,1000.5,-7.47617,3914.43,,0.127903,0.690169,,0.0212652,8.12813,fluid
755,20.2402,3.88799,,1000.5,-5.09265,3942.69,,0.394665,0.158178,,-0.468129,8.20742,fluid
756,-75.4226,-355.973,,966.232,15.0685,-239628,,-10.7788,-83.2382,,-10.2626,0.331127,fluid
757,-75.4527,-355.972,,966.232,15.0685,-239628,,-10.0281,-83.2471,,10.2626,-0.331127,fluid
758,39.3108,-907.655,,996.26,0.0346412,-29026.4,,0.835386,-135.106,,8.34041,-1.36322,fluid
759,39.3648,-907.679,,996.252,-0.0252242,-29088.9,,1.14172,-134.402,,-0.867433,2.59111,fluid
760,39.4961,-907.724,,996.283,-0.0128252,-28849.5,,1.6713,-132.807,,-20.2002,8.78375,fluid
761,-81.0545,-423.518,,970.27,0,-213513,,-9.97458,-90.8569,,0,0,fluid
762,-76.2999,-399.301,,965.181,0,-246317,,-9.92828,-88.2005,,0,0,fluid
763,6.15316,5.29361,,1000.66,0.0406718,5189.84,,-0.128315,-0.248451,,2.80567,9.16456,fluid
764,17.3824,3.65985,,1000.55,-2.25677,4293.2,,0.675727,-0.225627,,-0.281613,9.44243,fluid
765,6.48361,2.90084,,1003.58,2.23598,28379.4,,-1.07309,0.199511,,1.37912,8.96145,fluid
766,5.15705,5.72588,,1000.44,0.810642,3482.68,,-0.301757,-0.166627,,2.8498,7.50037,fluid
767,1.92616,3.80505,,1002.99,-11.2129,23699.8,,-0.621367,0.755922,,0.810944,7.07191,fluid
