h/dp :,2
L2norm Pressure,KE,dr0,Nfluid
2.75378,16.7156,0.0141421,660

t,2.5102
ID,x,y,,rho,drhodt,pressure,,u,v,velocity,,dudt,dvdt,vorticity,type
0,0.05,0,,999.999,0,-2.833,,-0,1.89621e-13,1.89621e-13,,0,0,0,boundary
1,0.0479746,0.0140866,,999.999,0,-2.41534,,0.0064843,-0.0220835,0.0230158,,0,0,0,boundary
2,0.0420627,0.027032,,999.999,0,-1.51869,,0.025814,-0.0401674,0.0477471,,0,0,0,boundary
3,0.032743,0.0377875,,1000,0,-0.579647,,0.0546048,-0.0473153,0.0722525,,0,0,0,boundary
4,0.0207708,0.0454816,,1000,0,0.246806,,0.0845096,-0.0385943,0.0929053,,0,0,0,boundary
5,0.00711574,0.0494911,,1000,0,1.01591,,0.105409,-0.0151555,0.106493,,0,0,0,boundary
6,-0.00711574,0.0494911,,1000,0,1.87052,,0.11019,0.0158429,0.111323,,0,0,0,boundary
7,-0.0207708,0.0454816,,1000,0,2.73551,,0.0967366,0.0441781,0.106347,,0,0,0,boundary
8,-0.032743,0.0377875,,1000,0,3.39897,,0.0678554,0.058797,0.0897855,,0,0,0,boundary
9,-0.0420627,0.027032,,1000,0,3.86653,,0.0350692,0.0545687,0.064866,,0,0,0,boundary
10,-0.0479746,0.0140866,,1000,0,4.18926,,0.00952689,0.0324456,0.0338154,,0,0,0,boundary
11,-0.05,6.12323e-18,,1000,0,4.3068,,-2.61244e-29,-2.13322e-13,2.13322e-13,,0,0,0,boundary
12,-0.0479746,-0.0140866,,1000,0,4.18926,,0.00952689,-0.0324456,0.0338154,,0,0,0,boundary
13,-0.0420627,-0.027032,,1000,0,3.86653,,0.0350692,-0.0545687,0.064866,,0,0,0,boundary
14,-0.032743,-0.0377875,,1000,0,3.39897,,0.0678554,-0.058797,0.0897855,,0,0,0,boundary
15,-0.0207708,-0.0454816,,1000,0,2.73551,,0.0967366,-0.0441781,0.106347,,0,0,0,boundary
16,-0.00711574,-0.0494911,,1000,0,1.87052,,0.11019,-0.0158429,0.111323,,0,0,0,boundary
17,0.00711574,-0.0494911,,1000,0,1.01591,,0.105409,0.0151555,0.106493,,0,0,0,boundary
18,0.0207708,-0.0454816,,1000,0,0.246806,,0.0845096,0.0385943,0.0929053,,0,0,0,boundary
19,0.032743,-0.0377875,,1000,0,-0.579647,,0.0546048,0.0473153,0.0722525,,0,0,0,boundary
20,0.0420627,-0.027032,,999.999,0,-1.51869,,0.025814,0.0401674,0.0477471,,0,0,0,boundary
21,0.0479746,-0.0140866,,999.999,0,-2.41534,,0.0064843,0.0220835,0.0230158,,0,0,0,boundary
22,0.0641421,0,,999.999,7.72897e-06,-1.70741,,0.0534126,1.89621e-13,0.0534126,,2.15702e-05,2.47346e-12,-3.52785e-12,fluid
23,0.0615439,0.0180709,,999.999,-1.44441e-06,-1.55416,,0.0598439,-0.00641572,0.0601868,,-2.95508e-05,1.08714e-05,-0.448468,fluid
24,0.0539598,0.0346779,,1000,-2.09081e-05,-0.979856,,0.0753319,-0.00834422,0.0757926,,-0.000180773,-8.08433e-05,-0.690099,fluid
25,0.0420042,0.0484754,,1000,-2.83934e-05,-0.0686337,,0.0915581,-0.00466894,0.0916771,,-0.000290074,-0.000177056,-0.703689,fluid
26,0.0266456,0.0583457,,1000,-3.25552e-05,0.663994,,0.102848,0.00156018,0.102859,,-0.000321538,-0.000120357,-0.600944,fluid
27,0.00912838,0.0634893,,1000,-1.58459e-05,1.41503,,0.108713,0.00782618,0.108994,,-0.000324841,-4.66296e-05,-0.494427,fluid
28,-0.00912838,0.0634893,,1000,1.00453e-09,1.43613,,0.110347,0.014753,0.111329,,-0.000312054,-3.54564e-05,-0.407141,fluid
29,-0.0266456,0.0583457,,1000,-6.37638e-06,2.43949,,0.106888,0.0219499,0.109118,,-0.000288466,-4.9222e-05,-0.306945,fluid
30,-0.0420042,0.0484754,,1000,-1.98544e-06,2.68878,,0.0978537,0.024177,0.100796,,-0.000253485,-3.92129e-05,-0.214375,fluid
31,-0.0539598,0.0346779,,1000,-7.2238e-06,3.05349,,0.0886609,0.0201274,0.0909168,,-0.000237494,-3.59979e-05,-0.127452,fluid
32,-0.0615439,0.0180709,,1000,-7.82011e-06,3.32099,,0.0821337,0.0111263,0.0828839,,-0.000220543,-3.13167e-05,-0.0594762,fluid
33,-0.0641421,7.85515e-18,,1000,-6.81169e-06,3.46465,,0.079946,-2.13332e-13,0.079946,,-0.000210775,6.347e-13,5.0731e-13,fluid
34,-0.0615439,-0.0180709,,1000,-7.82021e-06,3.32099,,0.0821337,-0.0111263,0.0828839,,-0.000220543,3.13167e-05,0.0594762,fluid
35,-0.0539598,-0.0346779,,1000,-7.22379e-06,3.05349,,0.0886609,-0.0201274,0.0909168,,-0.000237494,3.59979e-05,0.127452,fluid
36,-0.0420042,-0.0484754,,1000,-1.98541e-06,2.68878,,0.0978537,-0.024177,0.100796,,-0.000253485,3.92129e-05,0.214375,fluid
37,-0.0266456,-0.0583457,,1000,-6.37655e-06,2.43949,,0.106888,-0.0219499,0.109118,,-0.000288466,4.9222e-05,0.306945,fluid
38,-0.00912838,-0.0634893,,1000,7.75943e-10,1.43613,,0.110347,-0.014753,0.111329,,-0.000312054,3.54564e-05,0.407141,fluid
39,0.00912838,-0.0634893,,1000,-1.58457e-05,1.41503,,0.108713,-0.00782618,0.108994,,-0.000324841,4.66295e-05,0.494427,fluid
40,0.0266456,-0.0583457,,1000,-3.25548e-05,0.663994,,0.102848,-0.00156018,0.102859,,-0.000321538,0.000120357,0.600944,fluid
41,0.0420042,-0.0484754,,1000,-2.83931e-05,-0.0686337,,0.0915581,0.00466894,0.0916771,,-0.000290074,0.000177056,0.703689,fluid
42,0.0539598,-0.0346779,,1000,-2.0908e-05,-0.979856,,0.0753319,0.00834422,0.0757926,,-0.000180773,8.08433e-05,0.690099,fluid
43,0.0615439,-0.0180709,,999.999,-1.44436e-06,-1.55416,,0.0598439,0.00641572,0.0601868,,-2.95508e-05,-1.08714e-05,0.448468,fluid
44,0.0790004,0,,999.999,2.68487e-05,-2.77448,,0.0532523,1.31374e-13,0.0532523,,-2.07428e-05,1.20094e-12,-3.60082e-12,fluid
45,0.0758004,0.022257,,999.999,-2.78187e-05,-1.8876,,0.06157,-0.00818199,0.0621112,,-4.77069e-05,0.000167928,-0.450682,fluid
46,0.0664594,0.0427109,,1000,-1.66959e-05,-0.918493,,0.0797728,-0.00956852,0.0803446,,-0.000257685,8.82005e-05,-0.666374,fluid
47,0.0517343,0.0597046,,1000,1.2382e-05,0.135005,,0.0964104,-0.00449022,0.0965149,,-0.000412609,-0.000133833,-0.631143,fluid
48,0.032818,0.0718613,,1000,4.36185e-05,0.639744,,0.106122,0.00233151,0.106147,,-0.000370406,-0.000116897,-0.482495,fluid
49,0.0112429,0.0781963,,1000,1.94032e-06,0.907997,,0.109762,0.00818958,0.110068,,-0.000341881,-1.69676e-05,-0.34336,fluid
50,-0.0112429,0.0781963,,1000,7.53234e-06,1.82989,,0.109886,0.0140033,0.110774,,-0.000338101,-2.37257e-06,-0.2392,fluid
51,-0.032818,0.0718613,,1000,-8.84906e-06,2.92132,,0.104773,0.0187595,0.106439,,-0.000279188,-2.2371e-05,-0.156958,fluid
52,-0.0517343,0.0597046,,1000,-9.06094e-06,3.93583,,0.0971849,0.0189964,0.0990241,,-0.000264941,-2.67698e-05,-0.0862136,fluid
53,-0.0664594,0.0427109,,1000,-3.97402e-06,5.49233,,0.0907303,0.0155859,0.0920592,,-0.000217515,2.28866e-06,-0.0306741,fluid
54,-0.0758004,0.022257,,1000,-2.59748e-05,6.48524,,0.0858811,0.00864729,0.0863153,,-0.00020162,9.09725e-06,-0.00613033,fluid
55,-0.0790004,9.67476e-18,,1000,-1.09619e-05,7.03965,,0.0842179,-1.08979e-13,0.0842179,,-0.000210555,-3.42463e-13,8.22763e-13,fluid
56,-0.0758004,-0.022257,,1000,-2.59748e-05,6.48524,,0.0858811,-0.00864729,0.0863153,,-0.00020162,-9.09725e-06,0.00613033,fluid
57,-0.0664594,-0.0427109,,1000,-3.97382e-06,5.49233,,0.0907303,-0.0155859,0.0920592,,-0.000217515,-2.28866e-06,0.0306741,fluid
58,-0.0517343,-0.0597046,,1000,-9.06106e-06,3.93583,,0.0971849,-0.0189964,0.0990241,,-0.000264941,2.67698e-05,0.0862136,fluid
59,-0.032818,-0.0718613,,1000,-8.84903e-06,2.92132,,0.104773,-0.0187595,0.106439,,-0.000279188,2.2371e-05,0.156958,fluid
60,-0.0112429,-0.0781963,,1000,7.53223e-06,1.82989,,0.109886,-0.0140033,0.110774,,-0.000338101,2.37257e-06,0.2392,fluid
61,0.0112429,-0.0781963,,1000,1.94033e-06,0.907997,,0.109762,-0.00818958,0.110068,,-0.000341881,1.69676e-05,0.34336,fluid
62,0.032818,-0.0718613,,1000,4.36187e-05,0.639744,,0.106122,-0.00233151,0.106147,,-0.000370406,0.000116897,0.482495,fluid
63,0.0517343,-0.0597046,,1000,1.23821e-05,0.135005,,0.0964104,0.00449022,0.0965149,,-0.000412609,0.000133833,0.631143,fluid
64,0.0664594,-0.0427109,,1000,-1.66958e-05,-0.918493,,0.0797728,0.00956852,0.0803446,,-0.000257685,-8.82005e-05,0.666374,fluid
65,0.0758004,-0.022257,,999.999,-2.78187e-05,-1.8876,,0.06157,0.00818199,0.0621112,,-4.77069e-05,-0.000167928,0.450682,fluid
66,0.0946112,0,,1000,-1.39623e-05,3.42679,,0.0573729,1.05412e-13,0.0573729,,-0.000295967,1.14882e-13,-3.34368e-12,fluid
67,0.0907788,0.0266551,,1000,2.62221e-05,2.0975,,0.0661222,-0.00866359,0.0666874,,-0.000162552,0.000392962,-0.406959,fluid
68,0.079592,0.0511507,,1000,5.42831e-05,1.04779,,0.0842934,-0.00967444,0.0848468,,-0.000310987,0.00037021,-0.581063,fluid
69,0.0619572,0.0715024,,1000,2.01018e-05,0.961337,,0.0996314,-0.0048943,0.0997515,,-0.000538078,1.77999e-05,-0.514543,fluid
70,0.0393029,0.0860614,,1000,-2.00699e-05,1.13431,,0.107677,0.00148719,0.107687,,-0.000447653,-2.47972e-05,-0.355601,fluid
71,0.0134646,0.0936482,,1000,-4.24457e-06,2.0552,,0.109965,0.00731028,0.110207,,-0.00036177,2.26523e-06,-0.216854,fluid
72,-0.0134646,0.0936482,,1000,-1.66939e-05,1.04999,,0.108024,0.012164,0.108706,,-0.000368104,2.65807e-05,-0.122795,fluid
73,-0.0393029,0.0860614,,1000,2.15789e-05,0.424513,,0.102954,0.014901,0.104026,,-0.000267787,1.67537e-05,-0.0575887,fluid
74,-0.0619572,0.0715024,,1000,-2.56862e-05,0.731853,,0.0970344,0.0144554,0.0981053,,-0.000245773,9.63659e-07,-0.0113704,fluid
75,-0.079592,0.0511507,,1000,1.48218e-05,1.18058,,0.0915801,0.0110516,0.0922446,,-0.000233525,6.38322e-06,0.0114788,fluid
76,-0.0907788,0.0266551,,1000,-1.3513e-05,1.47417,,0.0880384,0.0058448,0.0882322,,-0.000186724,-1.14786e-05,0.0119545,fluid
77,-0.0946112,1.15865e-17,,1000,1.7964e-05,1.59922,,0.0869064,-8.30013e-14,0.0869064,,-0.00021482,-6.67212e-13,5.21489e-13,fluid
78,-0.0907788,-0.0266551,,1000,-1.35131e-05,1.47417,,0.0880384,-0.0058448,0.0882322,,-0.000186724,1.14786e-05,-0.0119545,fluid
79,-0.079592,-0.0511507,,1000,1.48217e-05,1.18058,,0.0915801,-0.0110516,0.0922446,,-0.000233525,-6.38322e-06,-0.0114788,fluid
80,-0.0619572,-0.0715024,,1000,-2.56862e-05,0.731853,,0.0970344,-0.0144554,0.0981053,,-0.000245773,-9.63658e-07,0.0113704,fluid
81,-0.0393029,-0.0860614,,1000,2.15789e-05,0.424513,,0.102954,-0.014901,0.104026,,-0.000267787,-1.67537e-05,0.0575887,fluid
82,-0.0134646,-0.0936482,,1000,-1.66941e-05,1.04999,,0.108024,-0.012164,0.108706,,-0.000368104,-2.65807e-05,0.122795,fluid
83,0.0134646,-0.0936482,,1000,-4.24432e-06,2.0552,,0.109965,-0.00731028,0.110207,,-0.00036177,-2.26523e-06,0.216854,fluid
84,0.0393029,-0.0860614,,1000,-2.00697e-05,1.13431,,0.107677,-0.00148719,0.107687,,-0.000447653,2.47972e-05,0.355601,fluid
85,0.0619572,-0.0715024,,1000,2.01019e-05,0.961337,,0.0996314,0.0048943,0.0997515,,-0.000538078,-1.77999e-05,0.514543,fluid
86,0.079592,-0.0511507,,1000,5.42833e-05,1.04779,,0.0842934,0.00967444,0.0848468,,-0.000310987,-0.00037021,0.581063,fluid
87,0.0907788,-0.0266551,,1000,2.62221e-05,2.0975,,0.0661222,0.00866359,0.0666874,,-0.000162552,-0.000392962,0.406959,fluid
88,0.111013,0,,1000,4.5877e-05,0.160727,,0.0653194,8.72758e-14,0.0653194,,-0.000682082,-2.60722e-13,-2.92544e-12,fluid
89,0.106516,0.0312758,,1000,-3.34973e-05,-0.416681,,0.0730697,-0.00717382,0.073421,,-0.000418291,0.000580441,-0.349911,fluid
90,0.0933897,0.0600179,,1000,-7.48619e-05,0.300619,,0.0892053,-0.00758384,0.0895271,,-0.00046608,0.000673607,-0.48262,fluid
91,0.0726977,0.0838977,,1000,-0.000125467,1.26961,,0.102269,-0.00331989,0.102323,,-0.000697329,0.000195163,-0.398371,fluid
92,0.0461163,0.100981,,1000,-9.16717e-05,2.32413,,0.10833,0.00217968,0.108352,,-0.000576561,0.000136641,-0.247382,fluid
93,0.0157987,0.109883,,1000,1.31291e-05,2.0403,,0.109194,0.00683104,0.109408,,-0.00035851,1.70484e-05,-0.127974,fluid
94,-0.0157987,0.109883,,1000,-3.2118e-05,2.00529,,0.106716,0.0100975,0.107193,,-0.000375899,3.6762e-05,-0.0535714,fluid
95,-0.0461163,0.100981,,1000,1.49285e-05,2.62653,,0.102549,0.0114731,0.103188,,-0.000269645,6.81558e-05,-0.00982274,fluid
96,-0.0726977,0.0838977,,1000,1.05599e-06,3.1663,,0.0979113,0.0107511,0.0984998,,-0.000220271,2.74278e-05,0.0142176,fluid
97,-0.0933897,0.0600179,,1000,-1.3979e-05,3.21794,,0.0938511,0.00802244,0.0941934,,-0.000209429,6.83414e-05,0.0198108,fluid
98,-0.106516,0.0312758,,1000,-2.13266e-07,3.60279,,0.09126,0.00426328,0.0913596,,-0.000169384,1.01721e-05,0.0128101,fluid
99,-0.111013,1.35951e-17,,1000,-2.03818e-05,3.58106,,0.0904198,-7.62653e-14,0.0904198,,-0.000217251,-7.95574e-13,2.84701e-13,fluid
100,-0.106516,-0.0312758,,1000,-2.13362e-07,3.60279,,0.09126,-0.00426328,0.0913596,,-0.000169384,-1.01721e-05,-0.0128101,fluid
101,-0.0933897,-0.0600179,,1000,-1.3979e-05,3.21794,,0.0938511,-0.00802244,0.0941934,,-0.000209429,-6.83414e-05,-0.0198108,fluid
102,-0.0726977,-0.0838977,,1000,1.05597e-06,3.1663,,0.0979113,-0.0107511,0.0984998,,-0.000220271,-2.74278e-05,-0.0142176,fluid
103,-0.0461163,-0.100981,,1000,1.49285e-05,2.62653,,0.102549,-0.0114731,0.103188,,-0.000269645,-6.81558e-05,0.00982274,fluid
104,-0.0157987,-0.109883,,1000,-3.21181e-05,2.00529,,0.106716,-0.0100975,0.107193,,-0.000375899,-3.6762e-05,0.0535714,fluid
105,0.0157987,-0.109883,,1000,1.31292e-05,2.0403,,0.109194,-0.00683104,0.109408,,-0.00035851,-1.70485e-05,0.127974,fluid
106,0.0461163,-0.100981,,1000,-9.16713e-05,2.32413,,0.10833,-0.00217968,0.108352,,-0.000576561,-0.000136641,0.247382,fluid
107,0.0726977,-0.0838977,,1000,-0.000125467,1.26961,,0.102269,0.00331989,0.102323,,-0.000697329,-0.000195163,0.398371,fluid
108,0.0933897,-0.0600179,,1000,-7.48617e-05,0.300619,,0.0892053,0.00758384,0.0895271,,-0.00046608,-0.000673607,0.48262,fluid
109,0.106516,-0.0312758,,1000,-3.34972e-05,-0.416681,,0.0730697,0.00717382,0.073421,,-0.000418291,-0.000580441,0.349911,fluid
110,0.128244,0,,1000,0.00013409,0.165423,,0.0690227,6.73178e-14,0.0690227,,-0.000943339,-4.72201e-13,-2.5163e-12,fluid
111,0.12305,0.0361306,,1000,-5.77396e-05,0.589026,,0.0765431,-0.00699116,0.0768617,,-0.000740489,0.000768273,-0.295032,fluid
112,0.107886,0.0693342,,1000,-6.51976e-05,0.917965,,0.0919644,-0.00730775,0.0922543,,-0.000649082,0.0010774,-0.393366,fluid
113,0.0839822,0.0969206,,1000,0.000135192,1.40141,,0.103805,-0.00263872,0.103839,,-0.000710105,0.000585391,-0.302024,fluid
114,0.0532746,0.116655,,1000,-2.25012e-05,2.0307,,0.108384,0.00225561,0.108408,,-0.000613524,0.000277228,-0.166965,fluid
115,0.0182511,0.126939,,1000,1.72273e-05,1.74579,,0.108144,0.00620331,0.108322,,-0.000460804,0.000111817,-0.0722788,fluid
116,-0.0182511,0.126939,,1000,6.92436e-06,2.33084,,0.105826,0.00850438,0.106167,,-0.000303342,7.96592e-05,-0.0184459,fluid
117,-0.0532746,0.116655,,1000,-2.01809e-05,2.6601,,0.102139,0.00927191,0.102559,,-0.000258768,0.000104929,0.00695632,fluid
118,-0.0839822,0.0969206,,1000,1.42274e-05,3.17745,,0.0983731,0.00852794,0.098742,,-0.000182463,7.21208e-05,0.0164746,fluid
119,-0.107886,0.0693342,,1000,-2.37028e-05,3.51423,,0.0952382,0.00638412,0.0954519,,-0.0002061,6.68459e-05,0.0146092,fluid
120,-0.12305,0.0361306,,1000,8.46917e-06,3.81023,,0.0931609,0.00352386,0.0932276,,-0.000148062,4.94732e-05,0.00804233,fluid
121,-0.128244,1.57054e-17,,1000,-3.53777e-05,3.81107,,0.0924716,-9.03924e-14,0.0924716,,-0.000196623,-1.11158e-12,6.43051e-14,fluid
122,-0.12305,-0.0361306,,1000,8.46921e-06,3.81023,,0.0931609,-0.00352386,0.0932276,,-0.000148062,-4.94732e-05,-0.00804233,fluid
123,-0.107886,-0.0693342,,1000,-2.37029e-05,3.51423,,0.0952382,-0.00638412,0.0954519,,-0.0002061,-6.68459e-05,-0.0146092,fluid
124,-0.0839822,-0.0969206,,1000,1.42274e-05,3.17745,,0.0983731,-0.00852794,0.098742,,-0.000182463,-7.21208e-05,-0.0164746,fluid
125,-0.0532746,-0.116655,,1000,-2.01808e-05,2.6601,,0.102139,-0.00927191,0.102559,,-0.000258768,-0.000104929,-0.00695632,fluid
126,-0.0182511,-0.126939,,1000,6.92443e-06,2.33084,,0.105826,-0.00850438,0.106167,,-0.000303342,-7.96592e-05,0.0184459,fluid
127,0.0182511,-0.126939,,1000,1.72274e-05,1.74579,,0.108144,-0.00620331,0.108322,,-0.000460804,-0.000111817,0.0722788,fluid
128,0.0532746,-0.116655,,1000,-2.2501e-05,2.0307,,0.108384,-0.00225561,0.108408,,-0.000613524,-0.000277228,0.166965,fluid
129,0.0839822,-0.0969206,,1000,0.000135192,1.40141,,0.103805,0.00263872,0.103839,,-0.000710105,-0.000585391,0.302024,fluid
130,0.107886,-0.0693342,,1000,-6.51975e-05,0.917965,,0.0919644,0.00730775,0.0922543,,-0.000649082,-0.0010774,0.393366,fluid
131,0.12305,-0.0361306,,1000,-5.77397e-05,0.589026,,0.0765431,0.00699116,0.0768617,,-0.000740489,-0.000768273,0.295032,fluid
132,0.146349,0,,1000,8.29752e-05,1.22716,,0.0728343,5.32363e-14,0.0728343,,-0.00140624,-4.52193e-13,-2.16105e-12,fluid
133,0.140421,0.0412313,,1000,-2.20677e-05,1.36947,,0.0799084,-0.00682874,0.0801997,,-0.00107447,0.000991764,-0.246551,fluid
134,0.123117,0.0791222,,1000,4.35985e-06,1.39045,,0.0944326,-0.00687651,0.0946826,,-0.000751622,0.00141748,-0.31832,fluid
135,0.0958382,0.110603,,1000,-3.79445e-05,1.7441,,0.104711,-0.00217292,0.104733,,-0.000790567,0.000686641,-0.228148,fluid
136,0.0607955,0.133124,,1000,4.0624e-05,2.14664,,0.108046,0.00213811,0.108067,,-0.000633184,0.000374911,-0.111603,fluid
137,0.0208276,0.144859,,1000,-1.62018e-06,2.02021,,0.107311,0.00541123,0.107447,,-0.000490418,0.000209087,-0.0391555,fluid
138,-0.0208276,0.144859,,1000,3.21477e-05,2.27733,,0.105011,0.00712714,0.105252,,-0.000268156,0.000141942,-0.00219184,fluid
139,-0.0607955,0.133124,,1000,-2.47844e-05,2.32712,,0.101845,0.00754798,0.102125,,-0.000237685,0.000130472,0.0105969,fluid
140,-0.0958382,0.110603,,1000,6.98283e-06,2.593,,0.0987251,0.00688694,0.098965,,-0.00015863,0.000100693,0.0122887,fluid
141,-0.123117,0.0791222,,1000,-2.17681e-05,2.89254,,0.0962306,0.00522744,0.0963724,,-0.00018791,7.27743e-05,0.00838336,fluid
142,-0.140421,0.0412313,,1000,8.59457e-06,3.01503,,0.0944569,0.00281602,0.0944988,,-0.000146414,2.5042e-05,0.0039161,fluid
143,-0.146349,1.79226e-17,,1000,-2.35802e-05,3.07828,,0.0939118,-5.07089e-14,0.0939118,,-0.000173746,-1.40969e-12,-3.65972e-14,fluid
144,-0.140421,-0.0412313,,1000,8.59465e-06,3.01503,,0.0944569,-0.00281602,0.0944988,,-0.000146414,-2.5042e-05,-0.0039161,fluid
145,-0.123117,-0.0791222,,1000,-2.17679e-05,2.89254,,0.0962306,-0.00522744,0.0963724,,-0.00018791,-7.27743e-05,-0.00838336,fluid
146,-0.0958382,-0.110603,,1000,6.98277e-06,2.593,,0.0987251,-0.00688694,0.098965,,-0.00015863,-0.000100693,-0.0122887,fluid
147,-0.0607955,-0.133124,,1000,-2.47844e-05,2.32712,,0.101845,-0.00754798,0.102125,,-0.000237685,-0.000130472,-0.0105969,fluid
148,-0.0208276,-0.144859,,1000,3.21477e-05,2.27733,,0.105011,-0.00712714,0.105252,,-0.000268156,-0.000141942,0.00219184,fluid
149,0.0208276,-0.144859,,1000,-1.62006e-06,2.02021,,0.107311,-0.00541123,0.107447,,-0.000490418,-0.000209087,0.0391555,fluid
150,0.0607955,-0.133124,,1000,4.06241e-05,2.14664,,0.108046,-0.00213811,0.108067,,-0.000633184,-0.000374911,0.111603,fluid
151,0.0958382,-0.110603,,1000,-3.79445e-05,1.7441,,0.104711,0.00217292,0.104733,,-0.000790567,-0.000686641,0.228148,fluid
152,0.123117,-0.0791222,,1000,4.35976e-06,1.39045,,0.0944326,0.00687651,0.0946826,,-0.000751622,-0.00141748,0.31832,fluid
153,0.140421,-0.0412313,,1000,-2.20677e-05,1.36947,,0.0799084,0.00682874,0.0801997,,-0.00107447,-0.000991764,0.246551,fluid
154,0.16537,0,,1000,1.19163e-05,1.16378,,0.076339,4.07493e-14,0.076339,,-0.00183106,1.06529e-13,-1.85254e-12,fluid
155,0.158672,0.0465902,,1000,-1.2958e-05,1.21139,,0.083114,-0.00656753,0.0833731,,-0.00140014,0.00104792,-0.204234,fluid
156,0.139118,0.0894059,,1000,-1.27681e-05,1.36619,,0.0963964,-0.00651784,0.0966165,,-0.000828849,0.00157994,-0.255966,fluid
157,0.108295,0.124979,,1000,-0.000178671,2.04851,,0.105236,-0.00187681,0.105253,,-0.000778677,0.00111271,-0.172545,fluid
158,0.0686973,0.150426,,1000,4.89479e-05,2.06754,,0.107525,0.00196968,0.107543,,-0.000521965,0.000447978,-0.0744696,fluid
159,0.0235346,0.163687,,1000,-2.01844e-05,2.16227,,0.106726,0.0045887,0.106824,,-0.000388564,0.000275518,-0.0192136,fluid
160,-0.0235346,0.163687,,1000,2.06527e-05,2.27475,,0.10433,0.00591622,0.104498,,-0.000218213,0.000196189,0.00480462,fluid
161,-0.0686973,0.150426,,1000,-1.03306e-05,2.60136,,0.10172,0.0062234,0.10191,,-0.00017038,0.00017126,0.00998712,fluid
162,-0.108295,0.124979,,1000,1.78759e-06,2.82252,,0.0991007,0.00570281,0.0992646,,-0.000137116,0.000119542,0.00825618,fluid
163,-0.139118,0.0894059,,1000,-2.06139e-05,3.09681,,0.0970255,0.00439037,0.0971248,,-0.000149958,9.71368e-05,0.00454498,fluid
164,-0.158672,0.0465902,,1000,-1.41506e-06,3.2254,,0.0955142,0.00239128,0.0955441,,-0.000128629,3.95421e-05,0.00171295,fluid
165,-0.16537,2.0252e-17,,1000,-1.57127e-05,3.33607,,0.0950391,-4.49956e-14,0.0950391,,-0.000154193,-1.7027e-12,-5.59579e-14,fluid
166,-0.158672,-0.0465902,,1000,-1.4149e-06,3.2254,,0.0955142,-0.00239128,0.0955441,,-0.000128629,-3.95421e-05,-0.00171295,fluid
167,-0.139118,-0.0894059,,1000,-2.06139e-05,3.09681,,0.0970255,-0.00439037,0.0971248,,-0.000149958,-9.71368e-05,-0.00454498,fluid
168,-0.108295,-0.124979,,1000,1.78773e-06,2.82252,,0.0991007,-0.00570281,0.0992646,,-0.000137116,-0.000119542,-0.00825618,fluid
169,-0.0686973,-0.150426,,1000,-1.03305e-05,2.60136,,0.10172,-0.0062234,0.10191,,-0.00017038,-0.00017126,-0.00998712,fluid
170,-0.0235346,-0.163687,,1000,2.06528e-05,2.27475,,0.10433,-0.00591622,0.104498,,-0.000218213,-0.000196189,-0.00480462,fluid
171,0.0235346,-0.163687,,1000,-2.01843e-05,2.16227,,0.106726,-0.0045887,0.106824,,-0.000388564,-0.000275518,0.0192136,fluid
172,0.0686973,-0.150426,,1000,4.89479e-05,2.06754,,0.107525,-0.00196968,0.107543,,-0.000521965,-0.000447978,0.0744696,fluid
173,0.108295,-0.124979,,1000,-0.000178671,2.04851,,0.105236,0.00187681,0.105253,,-0.000778677,-0.00111271,0.172545,fluid
174,0.139118,-0.0894059,,1000,-1.27683e-05,1.36619,,0.0963964,0.00651784,0.0966165,,-0.000828849,-0.00157994,0.255966,fluid
175,0.158672,-0.0465902,,1000,-1.2958e-05,1.21139,,0.083114,0.00656753,0.0833731,,-0.00140014,-0.00104792,0.204234,fluid
176,0.185355,0,,1000,3.26617e-05,1.20712,,0.0794404,2.91925e-14,0.0794404,,-0.00224101,8.17781e-13,-1.57987e-12,fluid
177,0.177847,0.0522205,,1000,-2.45266e-05,1.44324,,0.0857565,-0.0064035,0.0859952,,-0.00165364,0.0010285,-0.167248,fluid
178,0.15593,0.10021,,1000,-5.5497e-05,1.60253,,0.0978441,-0.00629426,0.0980463,,-0.000803259,0.00164143,-0.204074,fluid
179,0.121382,0.140082,,1000,-1.32909e-05,2.32012,,0.105418,-0.00192103,0.105436,,-0.00060917,0.00127621,-0.130351,fluid
180,0.0769992,0.168605,,1000,3.2154e-05,2.06902,,0.106982,0.00172165,0.106996,,-0.000492711,0.000592358,-0.0495785,fluid
181,0.0263788,0.183468,,1000,-1.11223e-05,2.23001,,0.106048,0.00385623,0.106119,,-0.000265162,0.000331395,-0.00724524,fluid
182,-0.0263788,0.183468,,1000,-1.75383e-06,2.30921,,0.103782,0.00490441,0.103897,,-0.000172052,0.000231078,0.0074077,fluid
183,-0.0769992,0.168605,,1000,-4.71231e-06,2.68584,,0.101569,0.00518679,0.101701,,-0.000127509,0.000194222,0.00844605,fluid
184,-0.121382,0.140082,,1000,5.14664e-07,2.88225,,0.0993734,0.00479381,0.0994889,,-0.000111879,0.000135121,0.00569031,fluid
185,-0.15593,0.10021,,1000,-1.50089e-05,3.10248,,0.0975819,0.00370049,0.097652,,-0.000127108,0.000102797,0.00277226,fluid
186,-0.177847,0.0522205,,1000,-8.53248e-06,3.19232,,0.0963202,0.00205094,0.0963421,,-0.000109624,4.80773e-05,0.000960276,fluid
187,-0.185355,2.26994e-17,,1000,-1.34712e-05,3.29038,,0.0958987,-4.02781e-14,0.0958987,,-0.000135205,-1.77445e-12,-5.64203e-14,fluid
188,-0.177847,-0.0522205,,1000,-8.53248e-06,3.19232,,0.0963202,-0.00205094,0.0963421,,-0.000109624,-4.80773e-05,-0.000960276,fluid
189,-0.15593,-0.10021,,1000,-1.50089e-05,3.10248,,0.0975819,-0.00370049,0.097652,,-0.000127108,-0.000102797,-0.00277226,fluid
190,-0.121382,-0.140082,,1000,5.14671e-07,2.88225,,0.0993734,-0.00479381,0.0994889,,-0.000111879,-0.000135121,-0.00569031,fluid
191,-0.0769992,-0.168605,,1000,-4.71227e-06,2.68584,,0.101569,-0.00518679,0.101701,,-0.000127509,-0.000194222,-0.00844605,fluid
192,-0.0263788,-0.183468,,1000,-1.75381e-06,2.30921,,0.103782,-0.00490441,0.103897,,-0.000172052,-0.000231078,-0.0074077,fluid
193,0.0263788,-0.183468,,1000,-1.11223e-05,2.23001,,0.106048,-0.00385623,0.106119,,-0.000265162,-0.000331395,0.00724524,fluid
194,0.0769992,-0.168605,,1000,3.21541e-05,2.06902,,0.106982,-0.00172165,0.106996,,-0.000492711,-0.000592358,0.0495785,fluid
195,0.121382,-0.140082,,1000,-1.3291e-05,2.32012,,0.105418,0.00192103,0.105436,,-0.00060917,-0.00127621,0.130351,fluid
196,0.15593,-0.10021,,1000,-5.5497e-05,1.60253,,0.0978441,0.00629426,0.0980463,,-0.000803259,-0.00164143,0.204074,fluid
197,0.177847,-0.0522205,,1000,-2.45267e-05,1.44324,,0.0857565,0.0064035,0.0859952,,-0.00165364,-0.0010285,0.167248,fluid
198,0.206352,0,,1000,2.21242e-05,1.37625,,0.0822883,1.37958e-14,0.0822883,,-0.00260708,1.14935e-12,-1.33154e-12,fluid
199,0.197993,0.058136,,1000,1.26726e-05,1.5638,,0.088062,-0.00621007,0.0882807,,-0.00180982,0.000887287,-0.134955,fluid
200,0.173594,0.111562,,1000,-5.87883e-05,1.81945,,0.0989404,-0.00606642,0.0991262,,-0.000682821,0.00155626,-0.160833,fluid
201,0.135132,0.15595,,1000,7.93253e-05,2.28873,,0.105397,-0.00195849,0.105415,,-0.000428639,0.0013019,-0.0978695,fluid
202,0.0857216,0.187704,,1000,1.00122e-05,2.1331,,0.106501,0.00140828,0.10651,,-0.000359108,0.000686366,-0.032558,fluid
203,0.0293669,0.204251,,1000,1.27984e-05,2.33171,,0.105345,0.00324217,0.105395,,-0.000148565,0.000379607,-0.000429799,fluid
204,-0.0293669,0.204251,,1000,-5.82341e-06,2.43276,,0.103357,0.0040964,0.103438,,-9.78752e-05,0.00025428,0.00793149,fluid
205,-0.0857216,0.187704,,1000,-1.14404e-05,2.62688,,0.101429,0.00436839,0.101523,,-9.29675e-05,0.000202958,0.00689725,fluid
206,-0.135132,0.15595,,1000,-6.84707e-06,2.79466,,0.099555,0.00405362,0.0996374,,-8.61374e-05,0.000142088,0.00414669,fluid
207,-0.173594,0.111562,,1000,-9.94216e-06,2.98943,,0.0980266,0.00316663,0.0980778,,-0.000105379,0.000104631,0.00205437,fluid
208,-0.197993,0.058136,,1000,-1.03384e-05,3.03873,,0.0969473,0.00172474,0.0969626,,-9.41871e-05,3.97908e-05,0.000797733,fluid
209,-0.206352,2.52708e-17,,1000,-1.24395e-05,3.10708,,0.096587,-3.34264e-14,0.096587,,-0.000118221,-1.43779e-12,-4.9366e-14,fluid
210,-0.197993,-0.058136,,1000,-1.03384e-05,3.03873,,0.0969473,-0.00172474,0.0969626,,-9.41871e-05,-3.97908e-05,-0.000797733,fluid
211,-0.173594,-0.111562,,1000,-9.94208e-06,2.98943,,0.0980266,-0.00316663,0.0980778,,-0.000105379,-0.000104631,-0.00205437,fluid
212,-0.135132,-0.15595,,1000,-6.84707e-06,2.79466,,0.099555,-0.00405362,0.0996374,,-8.61374e-05,-0.000142088,-0.00414669,fluid
213,-0.0857216,-0.187704,,1000,-1.14405e-05,2.62688,,0.101429,-0.00436839,0.101523,,-9.29675e-05,-0.000202958,-0.00689725,fluid
214,-0.0293669,-0.204251,,1000,-5.82347e-06,2.43276,,0.103357,-0.0040964,0.103438,,-9.78752e-05,-0.00025428,-0.00793149,fluid
215,0.0293669,-0.204251,,1000,1.27985e-05,2.33171,,0.105345,-0.00324217,0.105395,,-0.000148565,-0.000379607,0.000429799,fluid
216,0.0857216,-0.187704,,1000,1.00121e-05,2.1331,,0.106501,-0.00140828,0.10651,,-0.000359108,-0.000686366,0.032558,fluid
217,0.135132,-0.15595,,1000,7.93253e-05,2.28873,,0.105397,0.00195849,0.105415,,-0.000428639,-0.0013019,0.0978695,fluid
218,0.173594,-0.111562,,1000,-5.87884e-05,1.81945,,0.0989404,0.00606642,0.0991262,,-0.000682821,-0.00155626,0.160833,fluid
219,0.197993,-0.058136,,1000,1.26725e-05,1.5638,,0.088062,0.00621007,0.0882807,,-0.00180982,-0.000887287,0.134955,fluid
220,0.228412,0,,1000,4.00259e-06,1.56161,,0.0848855,1.87185e-15,0.0848855,,-0.00281684,1.0275e-12,-1.10351e-12,fluid
221,0.219159,0.064351,,1000,3.62863e-06,1.6654,,0.0901066,-0.00591397,0.0903004,,-0.00188617,0.000608244,-0.107067,fluid
222,0.192152,0.123489,,1000,-5.22119e-05,1.99431,,0.0997458,-0.00578415,0.0999134,,-0.000509298,0.00135338,-0.125001,fluid
223,0.149578,0.172622,,1000,5.30827e-05,2.20116,,0.10523,-0.00197737,0.105248,,-0.000196307,0.0012613,-0.0726829,fluid
224,0.0948856,0.20777,,1000,2.97622e-06,2.22685,,0.10597,0.00111297,0.105976,,-0.000155725,0.000720256,-0.0207005,fluid
225,0.0325064,0.226087,,1000,1.83314e-05,2.39451,,0.104696,0.0027169,0.104731,,-5.20347e-05,0.000410241,0.00316612,fluid
226,-0.0325064,0.226087,,1000,-1.74674e-06,2.52557,,0.103003,0.00344401,0.103061,,-2.77368e-05,0.00026378,0.00748785,fluid
227,-0.0948856,0.20777,,1000,-1.35929e-05,2.64422,,0.101319,0.0037141,0.101387,,-5.71739e-05,0.000204793,0.00555622,fluid
228,-0.149578,0.172622,,1000,-1.45244e-05,2.7865,,0.0996955,0.00345183,0.0997553,,-7.14742e-05,0.000135184,0.00315913,fluid
229,-0.192152,0.123489,,1000,-1.00872e-05,2.95719,,0.0983741,0.00270292,0.0984112,,-9.56523e-05,9.01908e-05,0.001723,fluid
230,-0.219159,0.064351,,1000,-8.70451e-06,3.03125,,0.0974642,0.0014711,0.0974753,,-8.04924e-05,3.8134e-05,0.000768397,fluid
231,-0.228412,2.79724e-17,,1000,-1.31142e-05,3.06792,,0.0971536,-2.50817e-14,0.0971536,,-0.000102092,-1.0023e-12,-3.89184e-14,fluid
232,-0.219159,-0.064351,,1000,-8.70448e-06,3.03125,,0.0974642,-0.0014711,0.0974753,,-8.04924e-05,-3.8134e-05,-0.000768397,fluid
233,-0.192152,-0.123489,,1000,-1.00872e-05,2.95719,,0.0983741,-0.00270292,0.0984112,,-9.56523e-05,-9.01908e-05,-0.001723,fluid
234,-0.149578,-0.172622,,1000,-1.45244e-05,2.7865,,0.0996955,-0.00345183,0.0997553,,-7.14742e-05,-0.000135184,-0.00315913,fluid
235,-0.0948856,-0.20777,,1000,-1.3593e-05,2.64422,,0.101319,-0.0037141,0.101387,,-5.71739e-05,-0.000204793,-0.00555622,fluid
236,-0.0325064,-0.226087,,1000,-1.74678e-06,2.52557,,0.103003,-0.00344401,0.103061,,-2.77368e-05,-0.00026378,-0.00748785,fluid
237,0.0325064,-0.226087,,1000,1.83315e-05,2.39451,,0.104696,-0.0027169,0.104731,,-5.20347e-05,-0.000410241,-0.00316612,fluid
238,0.0948856,-0.20777,,1000,2.97619e-06,2.22685,,0.10597,-0.00111297,0.105976,,-0.000155725,-0.000720256,0.0207005,fluid
239,0.149578,-0.172622,,1000,5.30825e-05,2.20116,,0.10523,0.00197737,0.105248,,-0.000196307,-0.0012613,0.0726829,fluid
240,0.192152,-0.123489,,1000,-5.22118e-05,1.99431,,0.0997458,0.00578415,0.0999134,,-0.000509298,-0.00135338,0.125001,fluid
241,0.219159,-0.064351,,1000,3.62852e-06,1.6654,,0.0901066,0.00591397,0.0903004,,-0.00188617,-0.000608244,0.107067,fluid
242,0.251589,0,,1000,-1.88529e-05,1.64809,,0.0871796,-6.06351e-15,0.0871796,,-0.00291933,7.53922e-13,-8.97449e-13,fluid
243,0.241398,0.0708807,,1000,-3.0694e-05,1.74137,,0.0918222,-0.00556692,0.0919908,,-0.00186704,0.000317785,-0.0833928,fluid
244,0.21165,0.136019,,1000,-4.0855e-05,2.107,,0.100276,-0.00547956,0.100425,,-0.000307454,0.00107753,-0.0956479,fluid
245,0.164756,0.190138,,1000,2.78697e-05,2.20104,,0.104938,-0.00197489,0.104956,,7.07644e-05,0.00116867,-0.053192,fluid
246,0.104514,0.228853,,1000,4.00305e-06,2.31084,,0.105408,0.000840009,0.105412,,5.98192e-05,0.000704924,-0.0124226,fluid
247,0.0358048,0.249028,,1000,-4.74963e-06,2.34607,,0.104162,0.00224147,0.104186,,3.88066e-05,0.000410282,0.00487651,fluid
248,-0.0358048,0.249028,,1000,-1.00736e-05,2.4847,,0.102678,0.00289497,0.102719,,1.9529e-05,0.000256707,0.00661351,fluid
249,-0.104514,0.228853,,1000,-7.80808e-06,2.67529,,0.101209,0.00317173,0.101258,,-3.15974e-05,0.000199466,0.00442512,fluid
250,-0.164756,0.190138,,1000,-1.22751e-05,2.8073,,0.0998189,0.00297477,0.0998633,,-5.10532e-05,0.000133104,0.00250657,fluid
251,-0.21165,0.136019,,1000,-1.36906e-05,2.91436,,0.0986563,0.00231853,0.0986835,,-7.90656e-05,8.43837e-05,0.00150505,fluid
252,-0.241398,0.0708807,,1000,-7.68449e-06,3.01705,,0.097883,0.00126782,0.0978912,,-6.79602e-05,3.98098e-05,0.000733185,fluid
253,-0.251589,3.08107e-17,,1000,-1.32778e-05,3.03853,,0.097609,-2.17169e-14,0.097609,,-8.7604e-05,-8.28812e-13,-3.26923e-14,fluid
254,-0.241398,-0.0708807,,1000,-7.68459e-06,3.01705,,0.097883,-0.00126782,0.0978912,,-6.79602e-05,-3.98098e-05,-0.000733185,fluid
255,-0.21165,-0.136019,,1000,-1.36907e-05,2.91436,,0.0986563,-0.00231853,0.0986835,,-7.90656e-05,-8.43837e-05,-0.00150505,fluid
256,-0.164756,-0.190138,,1000,-1.22752e-05,2.8073,,0.0998189,-0.00297477,0.0998633,,-5.10532e-05,-0.000133104,-0.00250657,fluid
257,-0.104514,-0.228853,,1000,-7.80806e-06,2.67529,,0.101209,-0.00317173,0.101258,,-3.15974e-05,-0.000199466,-0.00442512,fluid
258,-0.0358048,-0.249028,,1000,-1.00737e-05,2.4847,,0.102678,-0.00289497,0.102719,,1.9529e-05,-0.000256707,-0.00661351,fluid
259,0.0358048,-0.249028,,1000,-4.74957e-06,2.34607,,0.104162,-0.00224147,0.104186,,3.88066e-05,-0.000410282,-0.00487651,fluid
260,0.104514,-0.228853,,1000,4.00305e-06,2.31084,,0.105408,-0.000840009,0.105412,,5.98192e-05,-0.000704924,0.0124226,fluid
261,0.164756,-0.190138,,1000,2.78696e-05,2.20104,,0.104938,0.00197489,0.104956,,7.07644e-05,-0.00116867,0.053192,fluid
262,0.21165,-0.136019,,1000,-4.08552e-05,2.107,,0.100276,0.00547956,0.100425,,-0.000307454,-0.00107753,0.0956479,fluid
263,0.241398,-0.0708807,,1000,-3.06941e-05,1.74137,,0.0918222,0.00556692,0.0919908,,-0.00186704,-0.000317785,0.0833928,fluid
264,0.27594,0,,1000,-6.49959e-05,1.67174,,0.0892023,-1.24898e-14,0.0892023,,-0.00291722,6.06831e-13,-7.13724e-13,fluid
265,0.264762,0.0777412,,1000,-4.91072e-05,1.79215,,0.0932711,-0.00517064,0.0934143,,-0.00178306,1.01279e-05,-0.0636823,fluid
266,0.232135,0.149184,,1000,-2.20741e-05,2.14446,,0.100602,-0.00514087,0.100733,,-9.93283e-05,0.000757973,-0.0719445,fluid
267,0.180702,0.208541,,1000,1.16507e-05,2.22649,,0.104563,-0.00194896,0.104581,,0.00031968,0.00102493,-0.0382461,fluid
268,0.114629,0.251003,,1000,-5.14277e-07,2.29254,,0.104854,0.000586526,0.104855,,0.000241768,0.000658934,-0.00674955,fluid
269,0.0392703,0.273131,,1000,-2.62168e-05,2.28208,,0.103703,0.00182659,0.103719,,0.000114316,0.000387179,0.0054714,fluid
270,-0.0392703,0.273131,,1000,-1.97764e-05,2.43585,,0.102381,0.00243706,0.10241,,4.59662e-05,0.000239375,0.00560776,fluid
271,-0.114629,0.251003,,1000,-8.46929e-06,2.63262,,0.101096,0.00271297,0.101132,,-1.92453e-05,0.000185545,0.00348637,fluid
272,-0.180702,0.208541,,1000,-6.90422e-06,2.79135,,0.0999178,0.00258456,0.0999513,,-2.68863e-05,0.000134936,0.00205592,fluid
273,-0.232135,0.149184,,1000,-1.52313e-05,2.86244,,0.0988907,0.00200463,0.098911,,-6.37496e-05,7.78801e-05,0.00132111,fluid
274,-0.264762,0.0777412,,1000,-8.49237e-06,2.95402,,0.0982204,0.00109408,0.0982265,,-5.8212e-05,3.74776e-05,0.000664143,fluid
275,-0.27594,3.37929e-17,,1000,-1.24549e-05,2.97657,,0.0979794,-2.08454e-14,0.0979794,,-7.42703e-05,-1.00119e-12,-3.00519e-14,fluid
276,-0.264762,-0.0777412,,1000,-8.49256e-06,2.95402,,0.0982204,-0.00109408,0.0982265,,-5.8212e-05,-3.74776e-05,-0.000664143,fluid
277,-0.232135,-0.149184,,1000,-1.52313e-05,2.86244,,0.0988907,-0.00200463,0.098911,,-6.37496e-05,-7.78801e-05,-0.00132111,fluid
278,-0.180702,-0.208541,,1000,-6.90426e-06,2.79135,,0.0999178,-0.00258456,0.0999513,,-2.68863e-05,-0.000134936,-0.00205592,fluid
279,-0.114629,-0.251003,,1000,-8.4693e-06,2.63262,,0.101096,-0.00271297,0.101132,,-1.92453e-05,-0.000185545,-0.00348637,fluid
280,-0.0392703,-0.273131,,1000,-1.97763e-05,2.43585,,0.102381,-0.00243706,0.10241,,4.59662e-05,-0.000239375,-0.00560776,fluid
281,0.0392703,-0.273131,,1000,-2.62167e-05,2.28208,,0.103703,-0.00182659,0.103719,,0.000114316,-0.000387179,-0.0054714,fluid
282,0.114629,-0.251003,,1000,-5.14251e-07,2.29254,,0.104854,-0.000586526,0.104855,,0.000241768,-0.000658934,0.00674955,fluid
283,0.180702,-0.208541,,1000,1.16506e-05,2.22649,,0.104563,0.00194896,0.104581,,0.00031968,-0.00102493,0.0382461,fluid
284,0.232135,-0.149184,,1000,-2.20742e-05,2.14446,,0.100602,0.00514087,0.100733,,-9.93283e-05,-0.000757973,0.0719445,fluid
285,0.264762,-0.0777412,,1000,-4.91072e-05,1.79215,,0.0932711,0.00517064,0.0934143,,-0.00178306,-1.01279e-05,0.0636823,fluid
286,0.301524,0,,1000,-5.54686e-05,1.8139,,0.0910206,-1.80997e-14,0.0910206,,-0.00277778,5.66128e-13,-5.5259e-13,fluid
287,0.28931,0.084949,,1000,-4.58406e-05,1.93377,,0.0945214,-0.00471763,0.0946391,,-0.0016398,-0.000274662,-0.047616,fluid
288,0.253658,0.163016,,1000,-4.33841e-06,2.21036,,0.100798,-0.0047497,0.10091,,9.34869e-05,0.000433031,-0.0531154,fluid
289,0.197456,0.227876,,1000,-1.16173e-05,2.24489,,0.104146,-0.00190129,0.104164,,0.000524165,0.000857464,-0.0269562,fluid
290,0.125257,0.274275,,1000,-8.62988e-06,2.263,,0.104308,0.000376149,0.104308,,0.000350862,0.000605589,-0.00304123,fluid
291,0.0429113,0.298454,,1000,-1.92178e-05,2.36396,,0.103259,0.00149887,0.10327,,0.000155161,0.000357771,0.00535744,fluid
292,-0.0429113,0.298454,,1000,-1.33285e-05,2.5183,,0.102137,0.00207329,0.102158,,7.10753e-05,0.000221615,0.00466018,fluid
293,-0.125257,0.274275,,1000,-1.65368e-05,2.58325,,0.101011,0.00233571,0.101038,,-6.50049e-06,0.000169794,0.00276108,fluid
294,-0.197456,0.227876,,1000,-8.40659e-06,2.74361,,0.099978,0.00224004,0.100003,,-1.70676e-05,0.000125107,0.00170787,fluid
295,-0.253658,0.163016,,1000,-1.33556e-05,2.83344,,0.0990846,0.00174218,0.0990999,,-4.88793e-05,7.33432e-05,0.00114322,fluid
296,-0.28931,0.084949,,1000,-9.80877e-06,2.89825,,0.0984964,0.000944945,0.098501,,-4.93705e-05,3.43951e-05,0.000571673,fluid
297,-0.301524,3.6926e-17,,1000,-1.2418e-05,2.9199,,0.0982861,-1.63418e-14,0.0982861,,-6.19774e-05,-1.27835e-12,-2.40496e-14,fluid
298,-0.28931,-0.084949,,1000,-9.80881e-06,2.89825,,0.0984964,-0.000944945,0.098501,,-4.93705e-05,-3.43951e-05,-0.000571673,fluid
299,-0.253658,-0.163016,,1000,-1.33555e-05,2.83344,,0.0990846,-0.00174218,0.0990999,,-4.88793e-05,-7.33432e-05,-0.00114322,fluid
300,-0.197456,-0.227876,,1000,-8.40657e-06,2.74361,,0.099978,-0.00224004,0.100003,,-1.70676e-05,-0.000125107,-0.00170787,fluid
301,-0.125257,-0.274275,,1000,-1.65368e-05,2.58325,,0.101011,-0.00233571,0.101038,,-6.50049e-06,-0.000169794,-0.00276108,fluid
302,-0.0429113,-0.298454,,1000,-1.33284e-05,2.5183,,0.102137,-0.00207329,0.102158,,7.10753e-05,-0.000221615,-0.00466018,fluid
303,0.0429113,-0.298454,,1000,-1.92178e-05,2.36396,,0.103259,-0.00149887,0.10327,,0.000155161,-0.000357771,-0.00535744,fluid
304,0.125257,-0.274275,,1000,-8.62992e-06,2.263,,0.104308,-0.000376149,0.104308,,0.000350862,-0.000605589,0.00304123,fluid
305,0.197456,-0.227876,,1000,-1.16174e-05,2.24489,,0.104146,0.00190129,0.104164,,0.000524165,-0.000857464,0.0269562,fluid
306,0.253658,-0.163016,,1000,-4.33841e-06,2.21036,,0.100798,0.0047497,0.10091,,9.34869e-05,-0.000433031,0.0531154,fluid
307,0.28931,-0.084949,,1000,-4.58407e-05,1.93377,,0.0945214,0.00471763,0.0946391,,-0.0016398,0.000274662,0.047616,fluid
308,0.328403,0,,1000,-5.13655e-05,1.95579,,0.0925973,-2.25534e-14,0.0925973,,-0.002584,5.32287e-13,-4.15422e-13,fluid
309,0.315101,0.0925219,,1000,-4.00005e-05,2.06589,,0.0955682,-0.00423459,0.095662,,-0.00145876,-0.000509532,-0.0348135,fluid
310,0.27627,0.177548,,1000,2.34352e-06,2.28253,,0.100889,-0.0043276,0.100982,,0.000260496,0.000126622,-0.038431,fluid
311,0.215058,0.248191,,1000,-2.19653e-05,2.26417,,0.103709,-0.00182479,0.103725,,0.000667246,0.000696433,-0.0186006,fluid
312,0.136424,0.298726,,1000,-1.15139e-05,2.32593,,0.103777,0.00022243,0.103777,,0.000410862,0.000545991,-0.000785289,fluid
313,0.0467366,0.325061,,1000,-4.24587e-06,2.49466,,0.102847,0.00124237,0.102855,,0.000167526,0.000326117,0.00484294,fluid
314,-0.0467366,0.325061,,1000,-3.31974e-06,2.60969,,0.101938,0.0017803,0.101953,,9.45137e-05,0.000204888,0.00384136,fluid
315,-0.136424,0.298726,,1000,-1.96931e-05,2.60368,,0.100955,0.00203019,0.100975,,1.3343e-05,0.000156758,0.00223002,fluid
316,-0.215058,0.248191,,1000,-1.3133e-05,2.70888,,0.10002,0.00194207,0.100039,,-1.54354e-05,0.00010896,0.00142224,fluid
317,-0.27627,0.177548,,1000,-1.1721e-05,2.81311,,0.0992425,0.00151454,0.099254,,-3.77256e-05,6.67198e-05,0.000965444,fluid
318,-0.315101,0.0925219,,1000,-1.00308e-05,2.87069,,0.0987278,0.000827939,0.0987312,,-4.11884e-05,3.36032e-05,0.000480764,fluid
319,-0.328403,4.02178e-17,,1000,-1.31075e-05,2.88234,,0.0985441,-1.29247e-14,0.0985441,,-5.05758e-05,-1.41761e-12,-1.57908e-14,fluid
320,-0.315101,-0.0925219,,1000,-1.00308e-05,2.87069,,0.0987278,-0.000827939,0.0987312,,-4.11884e-05,-3.36032e-05,-0.000480764,fluid
321,-0.27627,-0.177548,,1000,-1.1721e-05,2.81311,,0.0992425,-0.00151454,0.099254,,-3.77256e-05,-6.67198e-05,-0.000965444,fluid
322,-0.215058,-0.248191,,1000,-1.3133e-05,2.70888,,0.10002,-0.00194207,0.100039,,-1.54354e-05,-0.00010896,-0.00142224,fluid
323,-0.136424,-0.298726,,1000,-1.96932e-05,2.60368,,0.100955,-0.00203019,0.100975,,1.3343e-05,-0.000156758,-0.00223002,fluid
324,-0.0467366,-0.325061,,1000,-3.31972e-06,2.60969,,0.101938,-0.0017803,0.101953,,9.45137e-05,-0.000204888,-0.00384136,fluid
325,0.0467366,-0.325061,,1000,-4.24587e-06,2.49466,,0.102847,-0.00124237,0.102855,,0.000167526,-0.000326117,-0.00484294,fluid
326,0.136424,-0.298726,,1000,-1.15139e-05,2.32593,,0.103777,-0.00022243,0.103777,,0.000410862,-0.000545991,0.000785289,fluid
327,0.215058,-0.248191,,1000,-2.19654e-05,2.26417,,0.103709,0.00182479,0.103725,,0.000667246,-0.000696433,0.0186006,fluid
328,0.27627,-0.177548,,1000,2.34344e-06,2.28253,,0.100889,0.0043276,0.100982,,0.000260496,-0.000126622,0.038431,fluid
329,0.315101,-0.0925219,,1000,-4.00005e-05,2.06589,,0.0955682,0.00423459,0.095662,,-0.00145876,0.000509532,0.0348135,fluid
330,0.356644,0,,1000,-8.16427e-05,1.94465,,0.0939112,-2.50063e-14,0.0939112,,-0.0023416,4.4683e-13,-3.04168e-13,fluid
331,0.342197,0.100478,,1000,-5.28189e-05,2.05197,,0.0964051,-0.00375377,0.0964781,,-0.00127061,-0.000682541,-0.0248498,fluid
332,0.300028,0.192816,,1000,-3.32487e-06,2.26913,,0.100884,-0.0039062,0.100959,,0.00037655,-0.000124491,-0.0272062,fluid
333,0.233552,0.269534,,1000,-2.16277e-05,2.28673,,0.103266,-0.00171921,0.10328,,0.000743234,0.00054813,-0.0125533,fluid
334,0.148155,0.324415,,1000,-1.45223e-05,2.40391,,0.103298,0.000102878,0.103298,,0.000442386,0.000478546,0.000488312,fluid
335,0.0507557,0.353014,,1000,-1.32951e-05,2.45944,,0.102522,0.00101485,0.102527,,0.000176226,0.000286294,0.00420125,fluid
336,-0.0507557,0.353014,,1000,-9.3445e-06,2.5344,,0.101747,0.00152057,0.101758,,0.000100692,0.00018485,0.00313065,fluid
337,-0.148155,0.324415,,1000,-1.44195e-05,2.63976,,0.100892,0.0017683,0.100907,,2.70472e-05,0.000143113,0.00181187,fluid
338,-0.233552,0.269534,,1000,-1.27258e-05,2.69952,,0.100064,0.0016996,0.100079,,-7.63995e-06,0.000100298,0.0011953,fluid
339,-0.300028,0.192816,,1000,-1.22853e-05,2.77366,,0.0993759,0.00131907,0.0993847,,-2.89089e-05,5.91341e-05,0.000802683,fluid
340,-0.342197,0.100478,,1000,-9.68338e-06,2.83832,,0.0989234,0.000728729,0.0989261,,-3.40901e-05,3.21728e-05,0.000403187,fluid
341,-0.356644,4.36763e-17,,1000,-1.29798e-05,2.84309,,0.0987637,-1.36292e-14,0.0987637,,-4.03871e-05,-1.3739e-12,-1.13387e-14,fluid
342,-0.342197,-0.100478,,1000,-9.68337e-06,2.83832,,0.0989234,-0.000728729,0.0989261,,-3.40901e-05,-3.21728e-05,-0.000403187,fluid
343,-0.300028,-0.192816,,1000,-1.22854e-05,2.77366,,0.0993759,-0.00131907,0.0993847,,-2.89089e-05,-5.91341e-05,-0.000802683,fluid
344,-0.233552,-0.269534,,1000,-1.27258e-05,2.69952,,0.100064,-0.0016996,0.100079,,-7.63995e-06,-0.000100298,-0.0011953,fluid
345,-0.148155,-0.324415,,1000,-1.44195e-05,2.63976,,0.100892,-0.0017683,0.100907,,2.70472e-05,-0.000143113,-0.00181187,fluid
346,-0.0507557,-0.353014,,1000,-9.34446e-06,2.5344,,0.101747,-0.00152057,0.101758,,0.000100692,-0.00018485,-0.00313065,fluid
347,0.0507557,-0.353014,,1000,-1.32951e-05,2.45944,,0.102522,-0.00101485,0.102527,,0.000176226,-0.000286294,-0.00420125,fluid
348,0.148155,-0.324415,,1000,-1.45224e-05,2.40391,,0.103298,-0.000102878,0.103298,,0.000442386,-0.000478546,-0.000488312,fluid
349,0.233552,-0.269534,,1000,-2.16277e-05,2.28673,,0.103266,0.00171921,0.10328,,0.000743234,-0.00054813,0.0125533,fluid
350,0.300028,-0.192816,,1000,-3.32493e-06,2.26913,,0.100884,0.0039062,0.100959,,0.00037655,0.000124491,0.0272062,fluid
351,0.342197,-0.100478,,1000,-5.28189e-05,2.05197,,0.0964051,0.00375377,0.0964781,,-0.00127061,0.000682541,0.0248498,fluid
352,0.386315,0,,1000,-8.85033e-05,1.96153,,0.0950317,-2.38166e-14,0.0950317,,-0.00206107,3.64697e-13,-2.18879e-13,fluid
353,0.370667,0.108838,,1000,-6.35372e-05,2.0412,,0.0970957,-0.00328208,0.0971512,,-0.00108188,-0.000789229,-0.0172837,fluid
354,0.324989,0.208858,,1000,-7.47731e-06,2.23624,,0.100828,-0.00348505,0.100888,,0.000440961,-0.000310551,-0.0188092,fluid
355,0.252983,0.291957,,1000,-2.36269e-05,2.30684,,0.102846,-0.00160135,0.102858,,0.000769047,0.000412439,-0.00826473,fluid
356,0.160481,0.351404,,1000,-2.11685e-05,2.38144,,0.102896,-5.62561e-06,0.102896,,0.000457259,0.000407494,0.00114453,fluid
357,0.0549784,0.382383,,1000,-3.46102e-05,2.31693,,0.102274,0.000810288,0.102277,,0.000189128,0.000240816,0.00357555,fluid
358,-0.0549784,0.382383,,1000,-2.29185e-05,2.39441,,0.101553,0.00128813,0.101561,,8.97922e-05,0.000161367,0.00250783,fluid
359,-0.160481,0.351404,,1000,-9.39649e-06,2.60727,,0.100811,0.00153228,0.100822,,2.89062e-05,0.000127862,0.00144991,fluid
360,-0.252983,0.291957,,1000,-9.8365e-06,2.68474,,0.100107,0.00149873,0.100118,,1.75845e-06,9.44127e-05,0.00101473,fluid
361,-0.324989,0.208858,,1000,-1.29426e-05,2.72479,,0.0994934,0.00115688,0.0995001,,-2.0606e-05,5.35241e-05,0.000670787,fluid
362,-0.370667,0.108838,,1000,-1.01602e-05,2.78579,,0.0990895,0.000639323,0.0990916,,-2.79807e-05,2.8938e-05,0.000337993,fluid
363,-0.386315,4.73099e-17,,1000,-1.1725e-05,2.79449,,0.0989514,-1.5631e-14,0.0989514,,-3.17917e-05,-1.18178e-12,-1.1477e-14,fluid
364,-0.370667,-0.108838,,1000,-1.01601e-05,2.78579,,0.0990895,-0.000639323,0.0990916,,-2.79807e-05,-2.8938e-05,-0.000337993,fluid
365,-0.324989,-0.208858,,1000,-1.29425e-05,2.72479,,0.0994934,-0.00115688,0.0995001,,-2.0606e-05,-5.35241e-05,-0.000670787,fluid
366,-0.252983,-0.291957,,1000,-9.83654e-06,2.68474,,0.100107,-0.00149873,0.100118,,1.75845e-06,-9.44127e-05,-0.00101473,fluid
367,-0.160481,-0.351404,,1000,-9.39659e-06,2.60727,,0.100811,-0.00153228,0.100822,,2.89062e-05,-0.000127862,-0.00144991,fluid
368,-0.0549784,-0.382383,,1000,-2.29184e-05,2.39441,,0.101553,-0.00128813,0.101561,,8.97922e-05,-0.000161367,-0.00250783,fluid
369,0.0549784,-0.382383,,1000,-3.46101e-05,2.31693,,0.102274,-0.000810288,0.102277,,0.000189128,-0.000240816,-0.00357555,fluid
370,0.160481,-0.351404,,1000,-2.11685e-05,2.38144,,0.102896,5.62561e-06,0.102896,,0.000457259,-0.000407494,-0.00114453,fluid
371,0.252983,-0.291957,,1000,-2.36269e-05,2.30684,,0.102846,0.00160135,0.102858,,0.000769047,-0.000412439,0.00826473,fluid
372,0.324989,-0.208858,,1000,-7.4774e-06,2.23624,,0.100828,0.00348505,0.100888,,0.000440961,0.000310551,0.0188092,fluid
373,0.370667,-0.108838,,1000,-6.35372e-05,2.0412,,0.0970957,0.00328208,0.0971512,,-0.00108188,0.000789229,0.0172837,fluid
374,0.417489,0,,1000,-6.29371e-05,2.12414,,0.0960006,-2.17466e-14,0.0960006,,-0.00176933,3.73844e-13,-1.55157e-13,fluid
375,0.400577,0.11762,,1000,-4.77215e-05,2.18131,,0.0976928,-0.00282451,0.0977337,,-0.000894644,-0.000831453,-0.0116846,fluid
376,0.351214,0.225711,,1000,-3.59125e-06,2.28819,,0.100766,-0.00306404,0.100813,,0.000464707,-0.000434072,-0.0126698,fluid
377,0.273397,0.315517,,1000,-2.84578e-05,2.3225,,0.102471,-0.00148529,0.102482,,0.000756725,0.00029273,-0.00528205,fluid
378,0.173431,0.379761,,1000,-2.10784e-05,2.31762,,0.102546,-9.1546e-05,0.102546,,0.000448932,0.000345206,0.0013949,fluid
379,0.0594148,0.413239,,1000,-3.2025e-05,2.33212,,0.102033,0.000659278,0.102035,,0.000191305,0.000202537,0.00297223,fluid
380,-0.0594148,0.413239,,1000,-2.08692e-05,2.42672,,0.101389,0.00110617,0.101395,,8.15508e-05,0.000141503,0.00199913,fluid
381,-0.173431,0.379761,,1000,-1.2863e-05,2.5392,,0.100742,0.00133033,0.100751,,2.70224e-05,0.000111111,0.00116074,fluid
382,-0.273397,0.315517,,1000,-1.03838e-05,2.64946,,0.10013,0.00131543,0.100138,,5.36045e-06,8.51969e-05,0.000858304,fluid
383,-0.351214,0.225711,,1000,-1.22965e-05,2.69763,,0.0995938,0.00102212,0.099599,,-1.22812e-05,5.05131e-05,0.000569279,fluid
384,-0.400577,0.11762,,1000,-1.1381e-05,2.74016,,0.0992304,0.000560578,0.099232,,-2.24795e-05,2.45225e-05,0.00028353,fluid
385,-0.417489,5.11276e-17,,1000,-1.06734e-05,2.75668,,0.0991101,-1.41904e-14,0.0991101,,-2.46683e-05,-9.1576e-13,-1.13866e-14,fluid
386,-0.400577,-0.11762,,1000,-1.1381e-05,2.74016,,0.0992304,-0.000560578,0.099232,,-2.24795e-05,-2.45225e-05,-0.00028353,fluid
387,-0.351214,-0.225711,,1000,-1.22965e-05,2.69763,,0.0995938,-0.00102212,0.099599,,-1.22812e-05,-5.05131e-05,-0.000569279,fluid
388,-0.273397,-0.315517,,1000,-1.03838e-05,2.64946,,0.10013,-0.00131543,0.100138,,5.36045e-06,-8.51969e-05,-0.000858304,fluid
389,-0.173431,-0.379761,,1000,-1.28631e-05,2.5392,,0.100742,-0.00133033,0.100751,,2.70224e-05,-0.000111111,-0.00116074,fluid
390,-0.0594148,-0.413239,,1000,-2.08692e-05,2.42672,,0.101389,-0.00110617,0.101395,,8.15508e-05,-0.000141503,-0.00199913,fluid
391,0.0594148,-0.413239,,1000,-3.2025e-05,2.33212,,0.102033,-0.000659278,0.102035,,0.000191305,-0.000202537,-0.00297223,fluid
392,0.173431,-0.379761,,1000,-2.10784e-05,2.31762,,0.102546,9.1546e-05,0.102546,,0.000448932,-0.000345206,-0.0013949,fluid
393,0.273397,-0.315517,,1000,-2.84579e-05,2.3225,,0.102471,0.00148529,0.102482,,0.000756725,-0.00029273,0.00528205,fluid
394,0.351214,-0.225711,,1000,-3.59131e-06,2.28819,,0.100766,0.00306404,0.100813,,0.000464707,0.000434072,0.0126698,fluid
395,0.400577,-0.11762,,1000,-4.77216e-05,2.18131,,0.0976928,0.00282451,0.0977337,,-0.000894644,0.000831453,0.0116846,fluid
396,0.450241,0,,1000,-4.56295e-05,2.24478,,0.0968004,-1.94961e-14,0.0968004,,-0.00148865,4.54904e-13,-1.07472e-13,fluid
397,0.432003,0.126847,,1000,-2.73763e-05,2.29538,,0.0981729,-0.00240578,0.0982024,,-0.000726824,-0.000821917,-0.00764991,fluid
398,0.378767,0.243419,,1000,2.0553e-06,2.35341,,0.100695,-0.00266797,0.10073,,0.000456299,-0.000499124,-0.00828521,fluid
399,0.294845,0.340269,,1000,-2.76996e-05,2.33303,,0.10214,-0.00136839,0.102149,,0.00071682,0.000193389,-0.00325459,fluid
400,0.187037,0.409553,,1000,-1.20231e-05,2.34,,0.102215,-0.000136674,0.102215,,0.000411425,0.000296966,0.00137008,fluid
401,0.0640759,0.445658,,1000,-7.65343e-06,2.51961,,0.101776,0.000564281,0.101777,,0.000174223,0.000176138,0.002387,fluid
402,-0.0640759,0.445658,,1000,-5.64307e-06,2.59532,,0.10128,0.000974715,0.101285,,8.8704e-05,0.000129003,0.00162698,fluid
403,-0.187037,0.409553,,1000,-1.77592e-05,2.52667,,0.100709,0.00117219,0.100716,,3.58996e-05,0.00010017,0.000969614,fluid
404,-0.294845,0.340269,,1000,-1.34244e-05,2.61702,,0.100139,0.00114872,0.100146,,5.24447e-06,7.28371e-05,0.00072168,fluid
405,-0.378767,0.243419,,1000,-1.10742e-05,2.69287,,0.0996745,0.000904283,0.0996786,,-6.15356e-06,4.68616e-05,0.000487564,fluid
406,-0.432003,0.126847,,1000,-1.19967e-05,2.72022,,0.0993501,0.000494819,0.0993514,,-1.6882e-05,2.1913e-05,0.000241155,fluid
407,-0.450241,5.51386e-17,,1000,-1.06023e-05,2.73828,,0.0992437,-1.05782e-14,0.0992437,,-1.87162e-05,-6.81549e-13,-8.62869e-15,fluid
408,-0.432003,-0.126847,,1000,-1.19967e-05,2.72022,,0.0993501,-0.000494819,0.0993514,,-1.6882e-05,-2.1913e-05,-0.000241155,fluid
409,-0.378767,-0.243419,,1000,-1.10742e-05,2.69287,,0.0996745,-0.000904283,0.0996786,,-6.15356e-06,-4.68616e-05,-0.000487564,fluid
410,-0.294845,-0.340269,,1000,-1.34244e-05,2.61702,,0.100139,-0.00114872,0.100146,,5.24447e-06,-7.28371e-05,-0.00072168,fluid
411,-0.187037,-0.409553,,1000,-1.77592e-05,2.52667,,0.100709,-0.00117219,0.100716,,3.58996e-05,-0.00010017,-0.000969614,fluid
412,-0.0640759,-0.445658,,1000,-5.64294e-06,2.59532,,0.10128,-0.000974715,0.101285,,8.8704e-05,-0.000129003,-0.00162698,fluid
413,0.0640759,-0.445658,,1000,-7.65341e-06,2.51961,,0.101776,-0.000564281,0.101777,,0.000174223,-0.000176138,-0.002387,fluid
414,0.187037,-0.409553,,1000,-1.20232e-05,2.34,,0.102215,0.000136674,0.102215,,0.000411425,-0.000296966,-0.00137008,fluid
415,0.294845,-0.340269,,1000,-2.76996e-05,2.33303,,0.10214,0.00136839,0.102149,,0.00071682,-0.000193389,0.00325459,fluid
416,0.378767,-0.243419,,1000,2.05531e-06,2.35341,,0.100695,0.00266797,0.10073,,0.000456299,0.000499124,0.00828521,fluid
417,0.432003,-0.126847,,1000,-2.73764e-05,2.29538,,0.0981729,0.00240578,0.0982024,,-0.000726824,0.000821917,0.00764991,fluid
418,0.484652,0,,1000,-6.50983e-05,2.1391,,0.0974142,-1.79152e-14,0.0974142,,-0.00124183,4.8779e-13,-7.1595e-14,fluid
419,0.46502,0.136542,,1000,-4.02062e-05,2.19711,,0.0985241,-0.00204087,0.0985453,,-0.00059559,-0.000780757,-0.00482152,fluid
420,0.407715,0.262022,,1000,-2.64881e-06,2.2981,,0.1006,-0.00231904,0.100627,,0.000421849,-0.00052037,-0.00522564,fluid
421,0.317379,0.366275,,1000,-1.79698e-05,2.33823,,0.10184,-0.00124447,0.101848,,0.000663143,0.000114345,-0.00191069,fluid
422,0.201332,0.440855,,1000,-1.03121e-05,2.41722,,0.101915,-0.000157319,0.101915,,0.000366504,0.00025121,0.00120702,fluid
423,0.0689731,0.479719,,1000,-4.25005e-07,2.57792,,0.101558,0.000480219,0.101559,,0.000153309,0.000152085,0.00187954,fluid
424,-0.0689731,0.479719,,1000,-2.3837e-06,2.61383,,0.101193,0.000856166,0.101196,,9.69768e-05,0.000117646,0.00135538,fluid
425,-0.201332,0.440855,,1000,-1.62117e-05,2.56342,,0.100687,0.00104176,0.100693,,4.86476e-05,9.23296e-05,0.000843813,fluid
426,-0.317379,0.366275,,1000,-1.38561e-05,2.59981,,0.100154,0.0010102,0.100159,,7.3802e-06,6.30412e-05,0.000616274,fluid
427,-0.407715,0.262022,,1000,-1.05856e-05,2.6737,,0.0997406,0.00079711,0.0997437,,-2.73986e-06,4.12233e-05,0.000420117,fluid
428,-0.46502,0.136542,,1000,-1.15033e-05,2.70176,,0.0994538,0.000439572,0.0994547,,-1.16698e-05,2.02969e-05,0.000211415,fluid
429,-0.484652,5.93527e-17,,1000,-1.10047e-05,2.7137,,0.0993593,-7.83094e-15,0.0993593,,-1.35686e-05,-5.60685e-13,-5.41486e-15,fluid
430,-0.46502,-0.136542,,1000,-1.15033e-05,2.70176,,0.0994538,-0.000439572,0.0994547,,-1.16698e-05,-2.02969e-05,-0.000211415,fluid
431,-0.407715,-0.262022,,1000,-1.05856e-05,2.6737,,0.0997406,-0.00079711,0.0997437,,-2.73986e-06,-4.12233e-05,-0.000420117,fluid
432,-0.317379,-0.366275,,1000,-1.38561e-05,2.59981,,0.100154,-0.0010102,0.100159,,7.3802e-06,-6.30412e-05,-0.000616274,fluid
433,-0.201332,-0.440855,,1000,-1.62118e-05,2.56342,,0.100687,-0.00104176,0.100693,,4.86476e-05,-9.23296e-05,-0.000843813,fluid
434,-0.0689731,-0.479719,,1000,-2.38369e-06,2.61383,,0.101193,-0.000856166,0.101196,,9.69768e-05,-0.000117646,-0.00135538,fluid
435,0.0689731,-0.479719,,1000,-4.2504e-07,2.57792,,0.101558,-0.000480219,0.101559,,0.000153309,-0.000152085,-0.00187954,fluid
436,0.201332,-0.440855,,1000,-1.03121e-05,2.41722,,0.101915,0.000157319,0.101915,,0.000366504,-0.00025121,-0.00120702,fluid
437,0.317379,-0.366275,,1000,-1.79698e-05,2.33823,,0.10184,0.00124447,0.101848,,0.000663143,-0.000114345,0.00191069,fluid
438,0.407715,-0.262022,,1000,-2.64885e-06,2.2981,,0.1006,0.00231904,0.100627,,0.000421849,0.00052037,0.00522564,fluid
439,0.46502,-0.136542,,1000,-4.02062e-05,2.19711,,0.0985241,0.00204087,0.0985453,,-0.00059559,0.000780757,0.00482152,fluid
440,0.520805,0,,1000,-8.1174e-05,2.04471,,0.0979202,-1.79654e-14,0.0979202,,-0.00102146,4.11498e-13,-4.44018e-14,fluid
441,0.499709,0.146728,,1000,-5.76562e-05,2.0948,,0.0988128,-0.00171687,0.0988277,,-0.000484998,-0.000713722,-0.00289703,fluid
442,0.438129,0.281568,,1000,-1.6408e-05,2.21333,,0.100513,-0.00200569,0.100533,,0.000377218,-0.000521035,-0.0031415,fluid
443,0.341055,0.393598,,1000,-1.35601e-05,2.33591,,0.101578,-0.0011217,0.101584,,0.000597797,5.60067e-05,-0.00103696,fluid
444,0.21635,0.473741,,1000,-2.49915e-05,2.41485,,0.101684,-0.000186269,0.101684,,0.000332118,0.00020132,0.00102881,fluid
445,0.0741183,0.515504,,1000,-2.25082e-05,2.36278,,0.101422,0.000377333,0.101423,,0.000147171,0.000122716,0.00150578,fluid
446,-0.0741183,0.515504,,1000,-1.68584e-05,2.39445,,0.10108,0.00072644,0.101083,,8.62025e-05,0.000101174,0.0011248,fluid
447,-0.21635,0.473741,,1000,-1.10514e-05,2.55902,,0.100637,0.000912326,0.100641,,4.84523e-05,8.18816e-05,0.000726891,fluid
448,-0.341055,0.393598,,1000,-1.16901e-05,2.57695,,0.100177,0.00089861,0.100181,,1.28911e-05,5.79935e-05,0.000546069,fluid
449,-0.438129,0.281568,,1000,-1.10215e-05,2.62084,,0.0998001,0.000702192,0.0998026,,-7.35975e-08,3.58043e-05,0.000370823,fluid
450,-0.499709,0.146728,,1000,-1.06721e-05,2.65727,,0.0995454,0.000390407,0.0995462,,-7.36264e-06,1.85655e-05,0.000192244,fluid
451,-0.520805,6.37802e-17,,1000,-1.10865e-05,2.66362,,0.099462,-8.99418e-15,0.099462,,-9.09648e-06,-5.31924e-13,-4.98181e-15,fluid
452,-0.499709,-0.146728,,1000,-1.06721e-05,2.65727,,0.0995454,-0.000390407,0.0995462,,-7.36264e-06,-1.85655e-05,-0.000192244,fluid
453,-0.438129,-0.281568,,1000,-1.10214e-05,2.62084,,0.0998001,-0.000702192,0.0998026,,-7.35966e-08,-3.58043e-05,-0.000370823,fluid
454,-0.341055,-0.393598,,1000,-1.16901e-05,2.57695,,0.100177,-0.00089861,0.100181,,1.28911e-05,-5.79935e-05,-0.000546069,fluid
455,-0.21635,-0.473741,,1000,-1.10514e-05,2.55902,,0.100637,-0.000912326,0.100641,,4.84523e-05,-8.18816e-05,-0.000726891,fluid
456,-0.0741183,-0.515504,,1000,-1.68584e-05,2.39445,,0.10108,-0.00072644,0.101083,,8.62025e-05,-0.000101174,-0.0011248,fluid
457,0.0741183,-0.515504,,1000,-2.25082e-05,2.36278,,0.101422,-0.000377333,0.101423,,0.000147171,-0.000122716,-0.00150578,fluid
458,0.21635,-0.473741,,1000,-2.49915e-05,2.41485,,0.101684,0.000186269,0.101684,,0.000332118,-0.00020132,-0.00102881,fluid
459,0.341055,-0.393598,,1000,-1.35601e-05,2.33591,,0.101578,0.0011217,0.101584,,0.000597797,-5.60067e-05,0.00103696,fluid
460,0.438129,-0.281568,,1000,-1.6408e-05,2.21333,,0.100513,0.00200569,0.100533,,0.000377218,0.000521035,0.0031415,fluid
461,0.499709,-0.146728,,1000,-5.76562e-05,2.0948,,0.0988128,0.00171687,0.0988277,,-0.000484998,0.000713722,0.00289703,fluid
462,0.558789,0,,1000,-3.54227e-05,2.25656,,0.0983875,-1.88593e-14,0.0983875,,-0.000808686,2.62363e-13,-2.40126e-14,fluid
463,0.536154,0.157429,,1000,-3.0287e-05,2.26456,,0.0990955,-0.00142532,0.0991058,,-0.000377582,-0.000631907,-0.00162981,fluid
464,0.470084,0.302104,,1000,-1.71063e-05,2.29035,,0.100468,-0.00171168,0.100482,,0.000334809,-0.000499705,-0.00176018,fluid
465,0.365929,0.422305,,1000,-1.67894e-05,2.33598,,0.101364,-0.00101215,0.101369,,0.000532241,5.3849e-06,-0.000477241,fluid
466,0.232129,0.508293,,1000,-3.59378e-05,2.32755,,0.101515,-0.00022241,0.101516,,0.000305373,0.000156119,0.000880411,fluid
467,0.079524,0.553102,,1000,-3.9937e-05,2.16938,,0.101325,0.00028685,0.101325,,0.000150791,9.5494e-05,0.00124053,fluid
468,-0.079524,0.553102,,1000,-2.72342e-05,2.23206,,0.100949,0.000611396,0.100951,,6.36628e-05,8.33327e-05,0.000917868,fluid
469,-0.232129,0.508293,,1000,-8.91976e-06,2.49043,,0.100564,0.00078599,0.100567,,3.47807e-05,6.78982e-05,0.000611247,fluid
470,-0.365929,0.422305,,1000,-1.071e-05,2.54421,,0.100194,0.00080121,0.100197,,1.63577e-05,5.28577e-05,0.000503121,fluid
471,-0.470084,0.302104,,1000,-1.165e-05,2.56735,,0.0998542,0.000621407,0.0998561,,2.73753e-06,3.12576e-05,0.000344565,fluid
472,-0.536154,0.157429,,1000,-1.05517e-05,2.60539,,0.0996247,0.00034504,0.0996253,,-3.88895e-06,1.59141e-05,0.000181175,fluid
473,-0.558789,6.8432e-17,,1000,-1.08177e-05,2.61222,,0.0995514,-1.04655e-14,0.0995514,,-5.2555e-06,-4.92114e-13,-6.64015e-15,fluid
474,-0.536154,-0.157429,,1000,-1.05517e-05,2.60539,,0.0996247,-0.00034504,0.0996253,,-3.88895e-06,-1.59141e-05,-0.000181175,fluid
475,-0.470084,-0.302104,,1000,-1.165e-05,2.56735,,0.0998542,-0.000621407,0.0998561,,2.73753e-06,-3.12576e-05,-0.000344565,fluid
476,-0.365929,-0.422305,,1000,-1.071e-05,2.54421,,0.100194,-0.00080121,0.100197,,1.63577e-05,-5.28577e-05,-0.000503121,fluid
477,-0.232129,-0.508293,,1000,-8.91975e-06,2.49043,,0.100564,-0.00078599,0.100567,,3.47807e-05,-6.78982e-05,-0.000611247,fluid
478,-0.079524,-0.553102,,1000,-2.72341e-05,2.23206,,0.100949,-0.000611396,0.100951,,6.36628e-05,-8.33327e-05,-0.000917868,fluid
479,0.079524,-0.553102,,1000,-3.9937e-05,2.16938,,0.101325,-0.00028685,0.101325,,0.000150791,-9.5494e-05,-0.00124053,fluid
480,0.232129,-0.508293,,1000,-3.59378e-05,2.32755,,0.101515,0.00022241,0.101516,,0.000305373,-0.000156119,-0.000880411,fluid
481,0.365929,-0.422305,,1000,-1.67894e-05,2.33598,,0.101364,0.00101215,0.101369,,0.000532241,-5.3849e-06,0.000477241,fluid
482,0.470084,-0.302104,,1000,-1.71063e-05,2.29035,,0.100468,0.00171168,0.100482,,0.000334809,0.000499705,0.00176018,fluid
483,0.536154,-0.157429,,1000,-3.0287e-05,2.26456,,0.0990955,0.00142532,0.0991058,,-0.000377582,0.000631907,0.00162981,fluid
484,0.598697,0,,1000,6.38319e-06,2.4294,,0.0987556,-1.86238e-14,0.0987556,,-0.000630451,1.09642e-13,-9.85911e-15,fluid
485,0.574446,0.168673,,1000,1.83307e-06,2.42356,,0.0993201,-0.0011821,0.0993272,,-0.000286981,-0.0005464,-0.000824293,fluid
486,0.503656,0.32368,,1000,-4.5029e-06,2.38412,,0.10043,-0.00145854,0.10044,,0.000296499,-0.000463591,-0.000871595,fluid
487,0.392063,0.452465,,1000,-1.31932e-05,2.33565,,0.10119,-0.000913414,0.101194,,0.000465749,-3.36625e-05,-0.000127444,fluid
488,0.248708,0.544594,,1000,-1.65601e-05,2.2988,,0.101354,-0.000232828,0.101354,,0.000270958,0.000127669,0.000737312,fluid
489,0.0852035,0.592603,,1000,-1.98296e-05,2.3405,,0.101189,0.000251605,0.101189,,0.000143818,8.16147e-05,0.00101161,fluid
490,-0.0852035,0.592603,,1000,-1.69764e-05,2.40455,,0.100857,0.000545956,0.100858,,5.57667e-05,7.21203e-05,0.000768381,fluid
491,-0.248708,0.544594,,1000,-1.08527e-05,2.44044,,0.100519,0.000688195,0.100522,,2.48247e-05,5.61764e-05,0.000541154,fluid
492,-0.392063,0.452465,,1000,-1.17164e-05,2.52709,,0.100193,0.000706307,0.100196,,1.55775e-05,4.48908e-05,0.000478765,fluid
493,-0.503656,0.32368,,1000,-1.17187e-05,2.5561,,0.0998983,0.000553778,0.0998999,,5.5142e-06,2.7691e-05,0.000341374,fluid
494,-0.574446,0.168673,,1000,-1.11331e-05,2.58549,,0.0996903,0.000304334,0.0996908,,-1.02052e-06,1.26505e-05,0.000178241,fluid
495,-0.598697,7.33193e-17,,1000,-1.06095e-05,2.59638,,0.0996253,-8.94026e-15,0.0996253,,-2.0784e-06,-3.86273e-13,-7.35563e-15,fluid
496,-0.574446,-0.168673,,1000,-1.1133e-05,2.58549,,0.0996903,-0.000304334,0.0996908,,-1.02052e-06,-1.26505e-05,-0.000178241,fluid
497,-0.503656,-0.32368,,1000,-1.17187e-05,2.5561,,0.0998983,-0.000553778,0.0998999,,5.5142e-06,-2.7691e-05,-0.000341374,fluid
498,-0.392063,-0.452465,,1000,-1.17164e-05,2.52709,,0.100193,-0.000706307,0.100196,,1.55775e-05,-4.48908e-05,-0.000478765,fluid
499,-0.248708,-0.544594,,1000,-1.08527e-05,2.44044,,0.100519,-0.000688195,0.100522,,2.48247e-05,-5.61764e-05,-0.000541154,fluid
500,-0.0852035,-0.592603,,1000,-1.69763e-05,2.40455,,0.100857,-0.000545956,0.100858,,5.57667e-05,-7.21203e-05,-0.000768381,fluid
501,0.0852035,-0.592603,,1000,-1.98296e-05,2.3405,,0.101189,-0.000251605,0.101189,,0.000143818,-8.16147e-05,-0.00101161,fluid
502,0.248708,-0.544594,,1000,-1.65601e-05,2.2988,,0.101354,0.000232828,0.101354,,0.000270958,-0.000127669,-0.000737312,fluid
503,0.392063,-0.452465,,1000,-1.31932e-05,2.33565,,0.10119,0.000913414,0.101194,,0.000465749,3.36625e-05,0.000127444,fluid
504,0.503656,-0.32368,,1000,-4.5029e-06,2.38412,,0.10043,0.00145854,0.10044,,0.000296499,0.000463591,0.000871595,fluid
505,0.574446,-0.168673,,1000,1.8331e-06,2.42356,,0.0993201,0.0011821,0.0993272,,-0.000286981,0.0005464,0.000824293,fluid
506,0.640626,0,,1000,-3.57685e-05,2.19274,,0.0989906,-1.67348e-14,0.0989906,,-0.000508076,4.35331e-15,-1.28728e-15,fluid
507,0.614676,0.180485,,1000,-2.54478e-05,2.23108,,0.0994497,-0.000990383,0.0994546,,-0.000232016,-0.000465855,-0.000331261,fluid
508,0.538929,0.346349,,1000,-6.63019e-06,2.27235,,0.100367,-0.00125309,0.100375,,0.000251636,-0.000420407,-0.000317988,fluid
509,0.419521,0.484153,,1000,-7.98928e-06,2.32314,,0.101035,-0.000813642,0.101039,,0.00039849,-5.57621e-05,8.23527e-05,fluid
510,0.266126,0.582734,,1000,1.36717e-05,2.37701,,0.10117,-0.000209495,0.10117,,0.000225454,0.000109958,0.000585095,fluid
511,0.0911706,0.634105,,1000,1.54686e-05,2.65685,,0.101018,0.000246856,0.101018,,0.000118819,7.68326e-05,0.000797683,fluid
512,-0.0911706,0.634105,,1000,6.42155e-07,2.67772,,0.100825,0.000509355,0.100826,,7.28962e-05,6.7731e-05,0.000703233,fluid
513,-0.266126,0.582734,,1000,-1.37344e-05,2.45901,,0.100526,0.000627242,0.100528,,3.9721e-05,5.49838e-05,0.000548893,fluid
514,-0.419521,0.484153,,1000,-1.23068e-05,2.52176,,0.100188,0.000619013,0.10019,,1.37833e-05,3.63522e-05,0.000476619,fluid
515,-0.538929,0.346349,,1000,-1.10646e-05,2.56841,,0.0999321,0.000493322,0.0999333,,6.91193e-06,2.36189e-05,0.00035791,fluid
516,-0.614676,0.180485,,1000,-1.13724e-05,2.58689,,0.0997454,0.000268685,0.0997457,,1.26905e-06,9.564e-06,0.000185648,fluid
517,-0.640626,7.84541e-17,,1000,-1.04785e-05,2.60012,,0.099687,-6.9314e-15,0.099687,,3.40719e-07,-2.37691e-13,-6.45752e-15,fluid
518,-0.614676,-0.180485,,1000,-1.13723e-05,2.58689,,0.0997454,-0.000268685,0.0997457,,1.26905e-06,-9.564e-06,-0.000185648,fluid
519,-0.538929,-0.346349,,1000,-1.10645e-05,2.56841,,0.0999321,-0.000493322,0.0999333,,6.91193e-06,-2.36189e-05,-0.00035791,fluid
520,-0.419521,-0.484153,,1000,-1.23068e-05,2.52176,,0.100188,-0.000619013,0.10019,,1.37833e-05,-3.63522e-05,-0.000476619,fluid
521,-0.266126,-0.582734,,1000,-1.37344e-05,2.45901,,0.100526,-0.000627242,0.100528,,3.9721e-05,-5.49838e-05,-0.000548893,fluid
522,-0.0911706,-0.634105,,1000,6.42164e-07,2.67772,,0.100825,-0.000509355,0.100826,,7.28962e-05,-6.7731e-05,-0.000703233,fluid
523,0.0911706,-0.634105,,1000,1.54686e-05,2.65685,,0.101018,-0.000246856,0.101018,,0.000118819,-7.68326e-05,-0.000797683,fluid
524,0.266126,-0.582734,,1000,1.36717e-05,2.37701,,0.10117,0.000209495,0.10117,,0.000225454,-0.000109958,-0.000585095,fluid
525,0.419521,-0.484153,,1000,-7.98926e-06,2.32314,,0.101035,0.000813642,0.101039,,0.00039849,5.57621e-05,-8.23527e-05,fluid
526,0.538929,-0.346349,,1000,-6.63018e-06,2.27235,,0.100367,0.00125309,0.100375,,0.000251636,0.000420407,0.000317988,fluid
527,0.614676,-0.180485,,1000,-2.54477e-05,2.23108,,0.0994497,0.000990383,0.0994546,,-0.000232016,0.000465855,0.000331261,fluid
528,0.684678,0,,1000,-6.70503e-05,2.00029,,0.0991977,-1.43149e-14,0.0991977,,-0.000401103,-4.2902e-14,3.13825e-15,fluid
529,0.656944,0.192896,,1000,-4.85723e-05,2.05451,,0.0995671,-0.000825004,0.0995705,,-0.000183803,-0.00038985,-4.20387e-05,fluid
530,0.575988,0.370165,,1000,-1.1548e-05,2.16492,,0.100322,-0.00106576,0.100327,,0.000210688,-0.000370919,1.49394e-05,fluid
531,0.448369,0.517445,,1000,-1.42971e-05,2.30865,,0.100898,-0.000716943,0.100901,,0.000339609,-6.86881e-05,0.000207727,fluid
532,0.284426,0.622805,,1000,5.43617e-06,2.40779,,0.101012,-0.000192906,0.101013,,0.00019183,8.37019e-05,0.00046657,fluid
533,0.0974399,0.677709,,1000,1.08354e-05,2.57724,,0.100896,0.000209755,0.100897,,9.56109e-05,6.64004e-05,0.000650009,fluid
534,-0.0974399,0.677709,,1000,-1.49756e-06,2.57705,,0.100796,0.000449753,0.100797,,8.32985e-05,6.02902e-05,0.000689721,fluid
535,-0.284426,0.622805,,1000,-1.47432e-05,2.47669,,0.100523,0.000564774,0.100525,,4.70409e-05,4.97695e-05,0.000602235,fluid
536,-0.448369,0.517445,,1000,-1.16084e-05,2.48921,,0.100189,0.000541881,0.10019,,1.15298e-05,2.80551e-05,0.000503557,fluid
537,-0.575988,0.370165,,1000,-1.01811e-05,2.54277,,0.0999603,0.000433609,0.0999612,,6.10851e-06,1.77439e-05,0.000389528,fluid
538,-0.656944,0.192896,,1000,-1.06979e-05,2.55753,,0.0997962,0.000236831,0.0997965,,2.84629e-06,6.98898e-06,0.000203756,fluid
539,-0.684678,8.38489e-17,,1000,-1.01603e-05,2.56924,,0.0997436,-5.86416e-15,0.0997436,,1.99999e-06,-9.84908e-14,-5.25571e-15,fluid
540,-0.656944,-0.192896,,1000,-1.06979e-05,2.55753,,0.0997962,-0.000236831,0.0997965,,2.8463e-06,-6.98898e-06,-0.000203756,fluid
541,-0.575988,-0.370165,,1000,-1.0181e-05,2.54277,,0.0999603,-0.000433609,0.0999612,,6.10851e-06,-1.77439e-05,-0.000389528,fluid
542,-0.448369,-0.517445,,1000,-1.16083e-05,2.48921,,0.100189,-0.000541881,0.10019,,1.15298e-05,-2.80551e-05,-0.000503557,fluid
543,-0.284426,-0.622805,,1000,-1.47432e-05,2.47669,,0.100523,-0.000564774,0.100525,,4.70409e-05,-4.97695e-05,-0.000602235,fluid
544,-0.0974399,-0.677709,,1000,-1.49756e-06,2.57705,,0.100796,-0.000449753,0.100797,,8.32985e-05,-6.02902e-05,-0.000689721,fluid
545,0.0974399,-0.677709,,1000,1.08354e-05,2.57724,,0.100896,-0.000209755,0.100897,,9.56109e-05,-6.64004e-05,-0.000650009,fluid
546,0.284426,-0.622805,,1000,5.43619e-06,2.40779,,0.101012,0.000192906,0.101013,,0.00019183,-8.37019e-05,-0.00046657,fluid
547,0.448369,-0.517445,,1000,-1.42971e-05,2.30865,,0.100898,0.000716943,0.100901,,0.000339609,6.86881e-05,-0.000207727,fluid
548,0.575988,-0.370165,,1000,-1.1548e-05,2.16492,,0.100322,0.00106576,0.100327,,0.000210688,0.000370919,-1.49394e-05,fluid
549,0.656944,-0.192896,,1000,-4.85722e-05,2.05451,,0.0995671,0.000825004,0.0995705,,-0.000183803,0.00038985,4.20387e-05,fluid
550,0.730961,0,,1000,-3.62351e-05,2.15187,,0.0993944,-1.21156e-14,0.0993944,,-0.000307412,-5.02207e-14,4.90579e-15,fluid
551,0.701352,0.205936,,1000,-3.11014e-05,2.16548,,0.0996896,-0.0006891,0.099692,,-0.000138907,-0.000328279,0.00011759,fluid
552,0.614924,0.395188,,1000,-1.74103e-05,2.20554,,0.100304,-0.000913861,0.100308,,0.000178735,-0.00033429,0.000206537,fluid
553,0.478678,0.552424,,1000,-1.08683e-05,2.29474,,0.100795,-0.000644979,0.100797,,0.000301517,-8.18179e-05,0.00029023,fluid
554,0.303652,0.664906,,1000,-3.76796e-05,2.30037,,0.10094,-0.00021483,0.10094,,0.000183599,4.67796e-05,0.000430644,fluid
555,0.104027,0.723521,,1000,-3.36256e-05,2.12498,,0.100865,0.000142038,0.100865,,9.78093e-05,4.67581e-05,0.000606402,fluid
556,-0.104027,0.723521,,1000,-2.15416e-05,2.16249,,0.100695,0.000365733,0.100695,,5.34025e-05,4.48715e-05,0.000682962,fluid
557,-0.303652,0.664906,,1000,-1.27768e-05,2.43012,,0.100454,0.000475094,0.100455,,2.91393e-05,3.5175e-05,0.000654031,fluid
558,-0.478678,0.552424,,1000,-1.102e-05,2.43221,,0.100195,0.000476538,0.100196,,9.68757e-06,2.12476e-05,0.000563554,fluid
559,-0.614924,0.395188,,1000,-1.00123e-05,2.47407,,0.0999848,0.000374578,0.0999855,,3.99776e-06,1.07129e-05,0.000433387,fluid
560,-0.701352,0.205936,,1000,-9.83195e-06,2.49418,,0.0998427,0.000207157,0.0998429,,3.60421e-06,4.4021e-06,0.000229358,fluid
561,-0.730961,8.95169e-17,,1000,-9.77978e-06,2.50251,,0.0997961,-6.56035e-15,0.0997961,,3.14587e-06,-5.53382e-15,-5.25389e-15,fluid
562,-0.701352,-0.205936,,1000,-9.83196e-06,2.49418,,0.0998427,-0.000207157,0.0998429,,3.60421e-06,-4.4021e-06,-0.000229358,fluid
563,-0.614924,-0.395188,,1000,-1.00123e-05,2.47407,,0.0999848,-0.000374578,0.0999855,,3.99776e-06,-1.07129e-05,-0.000433387,fluid
564,-0.478678,-0.552424,,1000,-1.102e-05,2.43221,,0.100195,-0.000476538,0.100196,,9.68757e-06,-2.12476e-05,-0.000563554,fluid
565,-0.303652,-0.664906,,1000,-1.27768e-05,2.43012,,0.100454,-0.000475094,0.100455,,2.91393e-05,-3.5175e-05,-0.000654031,fluid
566,-0.104027,-0.723521,,1000,-2.15416e-05,2.16249,,0.100695,-0.000365733,0.100695,,5.34025e-05,-4.48715e-05,-0.000682962,fluid
567,0.104027,-0.723521,,1000,-3.36255e-05,2.12498,,0.100865,-0.000142038,0.100865,,9.78093e-05,-4.67581e-05,-0.000606402,fluid
568,0.303652,-0.664906,,1000,-3.76795e-05,2.30037,,0.10094,0.00021483,0.10094,,0.000183599,-4.67796e-05,-0.000430644,fluid
569,0.478678,-0.552424,,1000,-1.08682e-05,2.29474,,0.100795,0.000644979,0.100797,,0.000301517,8.18179e-05,-0.00029023,fluid
570,0.614924,-0.395188,,1000,-1.74103e-05,2.20554,,0.100304,0.000913861,0.100308,,0.000178735,0.00033429,-0.000206537,fluid
571,0.701352,-0.205936,,1000,-3.11014e-05,2.16548,,0.0996896,0.0006891,0.099692,,-0.000138907,0.000328279,-0.00011759,fluid
572,0.779588,0,,1000,2.9275e-05,2.47117,,0.0995937,-1.06037e-14,0.0995937,,-0.000213662,-4.01601e-14,5.16702e-15,fluid
573,0.748009,0.219635,,1000,1.66094e-05,2.43491,,0.0998245,-0.000566489,0.0998261,,-8.67708e-05,-0.000267786,0.000188941,fluid
574,0.655831,0.421477,,1000,-1.20536e-05,2.34771,,0.10031,-0.000770097,0.100313,,0.000158536,-0.00029343,0.000294751,fluid
575,0.510522,0.589173,,1000,-1.73579e-05,2.27376,,0.100713,-0.000578698,0.100715,,0.000256444,-0.000103124,0.000333606,fluid
576,0.323853,0.709138,,1000,-5.34138e-05,2.19587,,0.100878,-0.00022644,0.100878,,0.000174192,2.05417e-05,0.000443523,fluid
577,0.110947,0.771653,,1000,-5.02502e-05,1.9041,,0.100826,8.82153e-05,0.100826,,0.000102158,3.35648e-05,0.000614661,fluid
578,-0.110947,0.771653,,1000,-2.95603e-05,1.97607,,0.100598,0.000297315,0.100599,,2.91209e-05,3.32876e-05,0.00073828,fluid
579,-0.323853,0.709138,,1000,-1.05028e-05,2.349,,0.100385,0.000398502,0.100386,,9.83383e-06,2.26899e-05,0.000735152,fluid
580,-0.510522,0.589173,,1000,-1.08965e-05,2.3872,,0.100193,0.000417903,0.100194,,8.62199e-06,1.62625e-05,0.00066295,fluid
581,-0.655831,0.421477,,1000,-1.02796e-05,2.4127,,0.100003,0.000320402,0.100004,,2.46876e-06,4.95604e-06,0.000493381,fluid
582,-0.748009,0.219635,,1000,-9.28122e-06,2.43922,,0.0998797,0.000177604,0.0998799,,3.70514e-06,1.71547e-06,0.000260106,fluid
583,-0.779588,9.5472e-17,,1000,-9.41233e-06,2.44502,,0.0998397,-6.96827e-15,0.0998397,,3.83869e-06,3.62157e-14,-6.65105e-15,fluid
584,-0.748009,-0.219635,,1000,-9.28119e-06,2.43922,,0.0998797,-0.000177604,0.0998799,,3.70514e-06,-1.71547e-06,-0.000260106,fluid
585,-0.655831,-0.421477,,1000,-1.02796e-05,2.4127,,0.100003,-0.000320402,0.100004,,2.46876e-06,-4.95604e-06,-0.000493381,fluid
586,-0.510522,-0.589173,,1000,-1.08965e-05,2.3872,,0.100193,-0.000417903,0.100194,,8.62199e-06,-1.62625e-05,-0.00066295,fluid
587,-0.323853,-0.709138,,1000,-1.05028e-05,2.349,,0.100385,-0.000398502,0.100386,,9.83383e-06,-2.26899e-05,-0.000735152,fluid
588,-0.110947,-0.771653,,1000,-2.95603e-05,1.97607,,0.100598,-0.000297315,0.100599,,2.91209e-05,-3.32876e-05,-0.00073828,fluid
589,0.110947,-0.771653,,1000,-5.02502e-05,1.9041,,0.100826,-8.82153e-05,0.100826,,0.000102158,-3.35648e-05,-0.000614661,fluid
590,0.323853,-0.709138,,1000,-5.34137e-05,2.19587,,0.100878,0.00022644,0.100878,,0.000174192,-2.05417e-05,-0.000443523,fluid
591,0.510522,-0.589173,,1000,-1.73578e-05,2.27376,,0.100713,0.000578698,0.100715,,0.000256444,0.000103124,-0.000333606,fluid
592,0.655831,-0.421477,,1000,-1.20536e-05,2.34771,,0.10031,0.000770097,0.100313,,0.000158536,0.00029343,-0.000294751,fluid
593,0.748009,-0.219635,,1000,1.66094e-05,2.43491,,0.0998245,0.000566489,0.0998261,,-8.67708e-05,0.000267786,-0.000188941,fluid
594,0.830678,0,,1000,4.558e-05,2.45487,,0.0997322,-9.27743e-15,0.0997322,,-0.000139389,-2.64317e-14,4.41505e-15,fluid
595,0.797029,0.234029,,1000,3.63984e-05,2.43366,,0.0999155,-0.000466352,0.0999166,,-4.35822e-05,-0.000214104,0.000192716,fluid
596,0.69881,0.449098,,1000,2.03962e-06,2.35555,,0.100303,-0.000644407,0.100305,,0.000140293,-0.000244962,0.000292788,fluid
597,0.543978,0.627784,,1000,-9.95948e-06,2.26498,,0.100639,-0.000501176,0.10064,,0.000212326,-0.000105607,0.000316162,fluid
598,0.345076,0.755611,,1000,-1.88815e-06,2.2597,,0.100782,-0.000201502,0.100782,,0.000152867,1.39857e-05,0.000422684,fluid
599,0.118218,0.822223,,1000,-7.46597e-06,2.28672,,0.100724,9.09903e-05,0.100724,,8.69332e-05,2.89154e-05,0.000594991,fluid
600,-0.118218,0.822223,,1000,-1.15564e-05,2.33268,,0.100541,0.000276467,0.100541,,2.35392e-05,2.6757e-05,0.00090191,fluid
601,-0.345076,0.755611,,1000,-7.79925e-06,2.34085,,0.100353,0.000349793,0.100354,,5.21438e-06,1.79513e-05,0.000892829,fluid
602,-0.543978,0.627784,,1000,-1.08061e-05,2.40423,,0.100174,0.000357927,0.100174,,5.22573e-06,1.00895e-05,0.000789162,fluid
603,-0.69881,0.449098,,1000,-1.08197e-05,2.41773,,0.100011,0.000270752,0.100012,,9.36199e-07,-1.20237e-07,0.000563632,fluid
604,-0.797029,0.234029,,1000,-9.69175e-06,2.44493,,0.0999039,0.000147455,0.099904,,3.13446e-06,-1.20682e-06,0.000290704,fluid
605,-0.830678,1.01729e-16,,1000,-9.75344e-06,2.44946,,0.099871,-6.05155e-15,0.099871,,3.98722e-06,4.34148e-14,-8.51082e-15,fluid
606,-0.797029,-0.234029,,1000,-9.69173e-06,2.44493,,0.0999039,-0.000147455,0.099904,,3.13446e-06,1.20682e-06,-0.000290704,fluid
607,-0.69881,-0.449098,,1000,-1.08197e-05,2.41773,,0.100011,-0.000270752,0.100012,,9.36198e-07,1.20236e-07,-0.000563632,fluid
608,-0.543978,-0.627784,,1000,-1.08061e-05,2.40423,,0.100174,-0.000357927,0.100174,,5.22573e-06,-1.00895e-05,-0.000789162,fluid
609,-0.345076,-0.755611,,1000,-7.79926e-06,2.34085,,0.100353,-0.000349793,0.100354,,5.21438e-06,-1.79513e-05,-0.000892829,fluid
610,-0.118218,-0.822223,,1000,-1.15564e-05,2.33268,,0.100541,-0.000276467,0.100541,,2.35392e-05,-2.6757e-05,-0.00090191,fluid
611,0.118218,-0.822223,,1000,-7.46597e-06,2.28672,,0.100724,-9.09903e-05,0.100724,,8.69332e-05,-2.89154e-05,-0.000594991,fluid
612,0.345076,-0.755611,,1000,-1.88814e-06,2.2597,,0.100782,0.000201502,0.100782,,0.000152867,-1.39857e-05,-0.000422684,fluid
613,0.543978,-0.627784,,1000,-9.95947e-06,2.26498,,0.100639,0.000501176,0.10064,,0.000212326,0.000105607,-0.000316162,fluid
614,0.69881,-0.449098,,1000,2.03963e-06,2.35555,,0.100303,0.000644407,0.100305,,0.000140293,0.000244962,-0.000292788,fluid
615,0.797029,-0.234029,,1000,3.63984e-05,2.43366,,0.0999155,0.000466352,0.0999166,,-4.35822e-05,0.000214104,-0.000192716,fluid
616,0.884354,0,,1000,-8.00614e-05,1.79824,,0.0997372,-8.1427e-15,0.0997372,,-0.000132987,-1.53088e-14,2.87151e-15,fluid
617,0.848532,0.249151,,1000,-5.18841e-05,1.88257,,0.0999002,-0.000406787,0.0999011,,-4.89741e-05,-0.000179914,0.000144622,fluid
618,0.743966,0.478118,,1000,-8.6026e-06,2.04478,,0.100249,-0.000566202,0.100251,,0.000114411,-0.000207111,0.000215219,fluid
619,0.579129,0.66835,,1000,4.20863e-05,2.23387,,0.100564,-0.000434027,0.100565,,0.000183871,-8.41949e-05,0.000227148,fluid
620,0.367374,0.804437,,1000,7.08336e-05,2.42329,,0.100664,-0.000157909,0.100665,,0.000125183,1.77933e-05,0.000317301,fluid
621,0.125857,0.875353,,1000,5.06644e-05,2.95831,,0.100591,0.000150255,0.100591,,6.1208e-05,2.85152e-05,0.000501695,fluid
622,-0.125857,0.875353,,1000,1.27361e-05,2.91611,,0.100504,0.000297358,0.100504,,2.81571e-05,2.2585e-05,0.00113606,fluid
623,-0.367374,0.804437,,1000,-6.28104e-06,2.40187,,0.100342,0.000312278,0.100343,,1.05746e-05,1.6856e-05,0.00109891,fluid
624,-0.579129,0.66835,,1000,-1.05447e-05,2.4531,,0.100141,0.000293311,0.100141,,-9.78716e-07,2.12543e-06,0.000898981,fluid
625,-0.743966,0.478118,,1000,-1.10471e-05,2.46688,,0.100009,0.00022208,0.10001,,-9.41246e-07,-4.36461e-06,0.000619463,fluid
626,-0.848532,0.249151,,1000,-1.04331e-05,2.48968,,0.0999187,0.000116945,0.0999187,,1.86088e-06,-4.25956e-06,0.00031037,fluid
627,-0.884354,1.08302e-16,,1000,-1.0359e-05,2.49493,,0.0998926,-4.00202e-15,0.0998926,,3.47278e-06,3.5457e-14,-9.72908e-15,fluid
628,-0.848532,-0.249151,,1000,-1.04331e-05,2.48968,,0.0999187,-0.000116945,0.0999187,,1.86088e-06,4.25956e-06,-0.00031037,fluid
629,-0.743966,-0.478118,,1000,-1.10471e-05,2.46688,,0.100009,-0.00022208,0.10001,,-9.41246e-07,4.36461e-06,-0.000619463,fluid
630,-0.579129,-0.66835,,1000,-1.05447e-05,2.4531,,0.100141,-0.000293311,0.100141,,-9.78716e-07,-2.12543e-06,-0.000898981,fluid
631,-0.367374,-0.804437,,1000,-6.28105e-06,2.40187,,0.100342,-0.000312278,0.100343,,1.05746e-05,-1.6856e-05,-0.00109891,fluid
632,-0.125857,-0.875353,,1000,1.27361e-05,2.91611,,0.100504,-0.000297358,0.100504,,2.81571e-05,-2.2585e-05,-0.00113606,fluid
633,0.125857,-0.875353,,1000,5.06644e-05,2.95831,,0.100591,-0.000150255,0.100591,,6.1208e-05,-2.85152e-05,-0.000501695,fluid
634,0.367374,-0.804437,,1000,7.08336e-05,2.42329,,0.100664,0.000157909,0.100665,,0.000125183,-1.77933e-05,-0.000317301,fluid
635,0.579129,-0.66835,,1000,4.20863e-05,2.23387,,0.100564,0.000434027,0.100565,,0.000183871,8.41949e-05,-0.000227148,fluid
636,0.743966,-0.478118,,1000,-8.6026e-06,2.04478,,0.100249,0.000566202,0.100251,,0.000114411,0.000207111,-0.000215219,fluid
637,0.848532,-0.249151,,1000,-5.18841e-05,1.88257,,0.0999002,0.000406787,0.0999011,,-4.89741e-05,0.000179914,-0.000144622,fluid
638,0.940749,0,,1000,-0.000169244,1.47747,,0.0997574,-7.16194e-15,0.0997574,,-0.00013458,-7.94174e-15,8.12015e-16,fluid
639,0.902642,0.26504,,1000,-0.000126512,1.59318,,0.0998995,-0.000355796,0.0999002,,-6.17318e-05,-0.000154756,6.48702e-05,fluid
640,0.791409,0.508607,,1000,-4.41416e-05,1.84904,,0.100207,-0.00050095,0.100208,,8.24621e-05,-0.000182156,8.81598e-05,fluid
641,0.61606,0.710971,,1000,5.71479e-05,2.19738,,0.100499,-0.00038085,0.100499,,0.000157026,-7.20397e-05,8.39194e-05,fluid
642,0.390801,0.855736,,1000,4.14625e-05,2.37882,,0.100561,-0.000136524,0.100561,,9.80736e-05,9.10949e-06,0.000144282,fluid
643,0.133883,0.931174,,1000,3.47755e-05,2.77145,,0.100496,0.000136291,0.100496,,4.22253e-05,2.26197e-05,0.000351412,fluid
644,-0.133883,0.931174,,1000,8.29926e-06,2.73049,,0.10049,0.000266068,0.100491,,3.53981e-05,1.96199e-05,0.00133859,fluid
645,-0.390801,0.855736,,1000,-1.08005e-05,2.376,,0.100313,0.000257127,0.100314,,6.37617e-06,9.61832e-06,0.00125247,fluid
646,-0.61606,0.710971,,1000,-1.0183e-05,2.40477,,0.100111,0.000225247,0.100111,,-6.92709e-06,-4.9457e-06,0.000941858,fluid
647,-0.791409,0.508607,,1000,-9.73545e-06,2.4417,,0.100007,0.00017295,0.100008,,-3.3737e-06,-7.82701e-06,0.00063165,fluid
648,-0.902642,0.26504,,1000,-9.54576e-06,2.45895,,0.0999352,8.92786e-05,0.0999352,,1.56671e-07,-6.48262e-06,0.000308892,fluid
649,-0.940749,1.15209e-16,,1000,-9.3009e-06,2.46855,,0.0999144,-2.7673e-15,0.0999144,,2.26786e-06,2.37268e-14,-1.0027e-14,fluid
650,-0.902642,-0.26504,,1000,-9.54575e-06,2.45895,,0.0999352,-8.92786e-05,0.0999352,,1.56671e-07,6.48262e-06,-0.000308892,fluid
651,-0.791409,-0.508607,,1000,-9.73545e-06,2.4417,,0.100007,-0.00017295,0.100008,,-3.3737e-06,7.82701e-06,-0.00063165,fluid
652,-0.61606,-0.710971,,1000,-1.01831e-05,2.40477,,0.100111,-0.000225247,0.100111,,-6.92709e-06,4.9457e-06,-0.000941858,fluid
653,-0.390801,-0.855736,,1000,-1.08005e-05,2.376,,0.100313,-0.000257127,0.100314,,6.37617e-06,-9.61832e-06,-0.00125247,fluid
654,-0.133883,-0.931174,,1000,8.29926e-06,2.73049,,0.10049,-0.000266068,0.100491,,3.53981e-05,-1.96199e-05,-0.00133859,fluid
655,0.133883,-0.931174,,1000,3.47755e-05,2.77145,,0.100496,-0.000136291,0.100496,,4.22253e-05,-2.26197e-05,-0.000351412,fluid
656,0.390801,-0.855736,,1000,4.14625e-05,2.37882,,0.100561,0.000136524,0.100561,,9.80736e-05,-9.10949e-06,-0.000144282,fluid
657,0.61606,-0.710971,,1000,5.71479e-05,2.19738,,0.100499,0.00038085,0.100499,,0.000157026,7.20397e-05,-8.39194e-05,fluid
658,0.791409,-0.508607,,1000,-4.41416e-05,1.84904,,0.100207,0.00050095,0.100208,,8.24621e-05,0.000182156,-8.81598e-05,fluid
659,0.902642,-0.26504,,1000,-0.000126512,1.59318,,0.0998995,0.000355796,0.0999002,,-6.17318e-05,0.000154756,-6.48702e-05,fluid
660,1,0,,1000,0.000215993,3.2491,,0.100012,-6.40074e-15,0.100012,,-1.35868e-05,-3.72644e-15,-1.34157e-15,fluid
661,0.959493,0.281733,,1000,0.000156716,3.06837,,0.100096,-0.000263553,0.100097,,2.24014e-05,-0.000111105,-2.2272e-05,fluid
662,0.841254,0.540641,,1000,1.843e-05,2.68855,,0.100284,-0.000384592,0.100284,,9.00372e-05,-0.000142917,-5.24915e-05,fluid
663,0.654861,0.75575,,1000,-9.38245e-05,2.24058,,0.100459,-0.000338078,0.10046,,0.000120221,-9.68436e-05,-7.51439e-05,fluid
664,0.415415,0.909632,,1000,-0.000183161,1.85966,,0.100511,-0.00016812,0.100511,,8.60539e-05,-2.71965e-05,-3.63215e-05,fluid
665,0.142315,0.989821,,1000,-0.000124178,0.862436,,0.100464,2.34992e-05,0.100464,,3.84634e-05,1.32155e-06,0.000189756,fluid
666,-0.142315,0.989821,,1000,-6.04595e-05,1.02923,,0.100468,0.000153117,0.100468,,3.18553e-05,7.30857e-06,0.0013887,fluid
667,-0.415415,0.909632,,1000,-2.25813e-05,2.13666,,0.100259,0.000178026,0.100259,,-6.23959e-06,-2.33383e-06,0.00125466,fluid
668,-0.654861,0.75575,,1000,-1.02523e-05,2.15829,,0.100104,0.000162877,0.100104,,-9.89609e-06,-9.01637e-06,0.000887709,fluid
669,-0.841254,0.540641,,1000,-6.46471e-06,2.24004,,0.100019,0.000130079,0.10002,,-5.16183e-06,-9.08998e-06,0.000583859,fluid
670,-0.959493,0.281733,,1000,-6.13395e-06,2.25245,,0.0999639,7.05437e-05,0.099964,,-9.26915e-07,-5.24089e-06,0.000281895,fluid
671,-1,1.22465e-16,,1000,-5.51113e-06,2.26868,,0.0999457,-2.81906e-15,0.0999457,,6.19684e-07,1.36936e-14,-9.45513e-15,fluid
672,-0.959493,-0.281733,,1000,-6.13395e-06,2.25245,,0.0999639,-7.05437e-05,0.099964,,-9.26915e-07,5.24089e-06,-0.000281895,fluid
673,-0.841254,-0.540641,,1000,-6.46471e-06,2.24004,,0.100019,-0.000130079,0.10002,,-5.16183e-06,9.08998e-06,-0.000583859,fluid
674,-0.654861,-0.75575,,1000,-1.02523e-05,2.15829,,0.100104,-0.000162877,0.100104,,-9.89609e-06,9.01637e-06,-0.000887709,fluid
675,-0.415415,-0.909632,,1000,-2.25813e-05,2.13666,,0.100259,-0.000178026,0.100259,,-6.23959e-06,2.33383e-06,-0.00125466,fluid
676,-0.142315,-0.989821,,1000,-6.04595e-05,1.02923,,0.100468,-0.000153117,0.100468,,3.18553e-05,-7.30857e-06,-0.0013887,fluid
677,0.142315,-0.989821,,1000,-0.000124178,0.862436,,0.100464,-2.34992e-05,0.100464,,3.84634e-05,-1.32155e-06,-0.000189756,fluid
678,0.415415,-0.909632,,1000,-0.000183161,1.85966,,0.100511,0.00016812,0.100511,,8.60539e-05,2.71965e-05,3.63215e-05,fluid
679,0.654861,-0.75575,,1000,-9.38245e-05,2.24058,,0.100459,0.000338078,0.10046,,0.000120221,9.68436e-05,7.51439e-05,fluid
680,0.841254,-0.540641,,1000,1.843e-05,2.68855,,0.100284,0.000384592,0.100284,,9.00372e-05,0.000142917,5.24915e-05,fluid
681,0.959493,-0.281733,,1000,0.000156716,3.06837,,0.100096,0.000263553,0.100097,,2.24014e-05,0.000111105,2.2272e-05,fluid
682,1.06225,0,,1000,0,1.89087,,0.100043,-6.40074e-15,0.100043,,0,0,0,buffer
683,1.01922,0.299271,,1000,0,1.93318,,0.100121,-0.000256332,0.100121,,0,0,0,buffer
684,0.893623,0.574296,,1000,0,2.02136,,0.100296,-0.000376448,0.100297,,0,0,0,buffer
685,0.695627,0.802796,,1000,0,2.12396,,0.100461,-0.000336088,0.100462,,0,0,0,buffer
686,0.441275,0.966258,,1000,0,2.24146,,0.100507,-0.000175961,0.100507,,0,0,0,buffer
687,0.151174,1.05144,,1000,0,2.40886,,0.100459,-1.10577e-05,0.100459,,0,0,0,buffer
688,-0.151174,1.05144,,1000,0,2.39752,,0.0999923,5.35758e-05,0.0999923,,0,0,0,buffer
689,-0.441275,0.966258,,1000,0,2.27363,,0.0999787,4.66911e-05,0.0999787,,0,0,0,buffer
690,-0.695627,0.802796,,1000,0,2.30334,,0.0999659,3.92994e-05,0.099966,,0,0,0,buffer
691,-0.893623,0.574296,,1000,0,2.31543,,0.099956,2.82612e-05,0.099956,,0,0,0,buffer
692,-1.01922,0.299271,,1000,0,2.33261,,0.0999495,1.48364e-05,0.0999495,,0,0,0,buffer
693,-1.06225,1.30088e-16,,1000,0,2.33668,,0.0999472,6.4604e-21,0.0999472,,0,0,0,buffer
694,-1.01922,-0.299271,,1000,0,2.33261,,0.0999495,-1.48364e-05,0.0999495,,0,0,0,buffer
695,-0.893623,-0.574296,,1000,0,2.31543,,0.099956,-2.82612e-05,0.099956,,0,0,0,buffer
696,-0.695627,-0.802796,,1000,0,2.30334,,0.0999659,-3.92994e-05,0.099966,,0,0,0,buffer
697,-0.441275,-0.966258,,1000,0,2.27363,,0.0999787,-4.66911e-05,0.0999787,,0,0,0,buffer
698,-0.151174,-1.05144,,1000,0,2.39752,,0.0999923,-5.35758e-05,0.0999923,,0,0,0,buffer
699,0.151174,-1.05144,,1000,0,2.40886,,0.100459,1.10577e-05,0.100459,,0,0,0,buffer
700,0.441275,-0.966258,,1000,0,2.24146,,0.100507,0.000175961,0.100507,,0,0,0,buffer
701,0.695627,-0.802796,,1000,0,2.12396,,0.100461,0.000336088,0.100462,,0,0,0,buffer
702,0.893623,-0.574296,,1000,0,2.02136,,0.100296,0.000376448,0.100297,,0,0,0,buffer
703,1.01922,-0.299271,,1000,0,1.93318,,0.100121,0.000256332,0.100121,,0,0,0,buffer
704,1.12766,0,,1000,0,1.89087,,0.100043,-6.40074e-15,0.100043,,0,0,0,buffer
705,1.08198,0.317697,,1000,0,1.93318,,0.100121,-0.000256332,0.100121,,0,0,0,buffer
706,0.948644,0.609656,,1000,0,2.02136,,0.100296,-0.000376448,0.100297,,0,0,0,buffer
707,0.738457,0.852225,,1000,0,2.12396,,0.100461,-0.000336088,0.100462,,0,0,0,buffer
708,0.468445,1.02575,,1000,0,2.24146,,0.100507,-0.000175961,0.100507,,0,0,0,buffer
709,0.160482,1.11618,,1000,0,2.40886,,0.100459,-1.10577e-05,0.100459,,0,0,0,buffer
710,-0.160482,1.11618,,1000,0,2.39752,,0.0999923,5.35758e-05,0.0999923,,0,0,0,buffer
711,-0.468445,1.02575,,1000,0,2.27363,,0.0999787,4.66911e-05,0.0999787,,0,0,0,buffer
712,-0.738457,0.852225,,1000,0,2.30334,,0.0999659,3.92994e-05,0.099966,,0,0,0,buffer
713,-0.948644,0.609656,,1000,0,2.31543,,0.099956,2.82612e-05,0.099956,,0,0,0,buffer
714,-1.08198,0.317697,,1000,0,2.33261,,0.0999495,1.48364e-05,0.0999495,,0,0,0,buffer
715,-1.12766,1.38098e-16,,1000,0,2.33668,,0.0999472,6.4604e-21,0.0999472,,0,0,0,buffer
716,-1.08198,-0.317697,,1000,0,2.33261,,0.0999495,-1.48364e-05,0.0999495,,0,0,0,buffer
717,-0.948644,-0.609656,,1000,0,2.31543,,0.099956,-2.82612e-05,0.099956,,0,0,0,buffer
718,-0.738457,-0.852225,,1000,0,2.30334,,0.0999659,-3.92994e-05,0.099966,,0,0,0,buffer
719,-0.468445,-1.02575,,1000,0,2.27363,,0.0999787,-4.66911e-05,0.0999787,,0,0,0,buffer
720,-0.160482,-1.11618,,1000,0,2.39752,,0.0999923,-5.35758e-05,0.0999923,,0,0,0,buffer
721,0.160482,-1.11618,,1000,0,2.40886,,0.100459,1.10577e-05,0.100459,,0,0,0,buffer
722,0.468445,-1.02575,,1000,0,2.24146,,0.100507,0.000175961,0.100507,,0,0,0,buffer
723,0.738457,-0.852225,,1000,0,2.12396,,0.100461,0.000336088,0.100462,,0,0,0,buffer
724,0.948644,-0.609656,,1000,0,2.02136,,0.100296,0.000376448,0.100297,,0,0,0,buffer
725,1.08198,-0.317697,,1000,0,1.93318,,0.100121,0.000256332,0.100121,,0,0,0,buffer
726,1.19637,0,,1000,0,1.89087,,0.100043,-6.40074e-15,0.100043,,0,0,0,buffer
727,1.14791,0.337057,,1000,0,1.93318,,0.100121,-0.000256332,0.100121,,0,0,0,buffer
728,1.00645,0.646807,,1000,0,2.02136,,0.100296,-0.000376448,0.100297,,0,0,0,buffer
729,0.783456,0.904157,,1000,0,2.12396,,0.100461,-0.000336088,0.100462,,0,0,0,buffer
730,0.496991,1.08826,,1000,0,2.24146,,0.100507,-0.000175961,0.100507,,0,0,0,buffer
731,0.170261,1.18419,,1000,0,2.40886,,0.100459,-1.10577e-05,0.100459,,0,0,0,buffer
732,-0.170261,1.18419,,1000,0,2.39752,,0.0999923,5.35758e-05,0.0999923,,0,0,0,buffer
733,-0.496991,1.08826,,1000,0,2.27363,,0.0999787,4.66911e-05,0.0999787,,0,0,0,buffer
734,-0.783456,0.904157,,1000,0,2.30334,,0.0999659,3.92994e-05,0.099966,,0,0,0,buffer
735,-1.00645,0.646807,,1000,0,2.31543,,0.099956,2.82612e-05,0.099956,,0,0,0,buffer
736,-1.14791,0.337057,,1000,0,2.33261,,0.0999495,1.48364e-05,0.0999495,,0,0,0,buffer
737,-1.19637,1.46513e-16,,1000,0,2.33668,,0.0999472,6.4604e-21,0.0999472,,0,0,0,buffer
738,-1.14791,-0.337057,,1000,0,2.33261,,0.0999495,-1.48364e-05,0.0999495,,0,0,0,buffer
739,-1.00645,-0.646807,,1000,0,2.31543,,0.099956,-2.82612e-05,0.099956,,0,0,0,buffer
740,-0.783456,-0.904157,,1000,0,2.30334,,0.0999659,-3.92994e-05,0.099966,,0,0,0,buffer
741,-0.496991,-1.08826,,1000,0,2.27363,,0.0999787,-4.66911e-05,0.0999787,,0,0,0,buffer
742,-0.170261,-1.18419,,1000,0,2.39752,,0.0999923,-5.35758e-05,0.0999923,,0,0,0,buffer
743,0.170261,-1.18419,,1000,0,2.40886,,0.100459,1.10577e-05,0.100459,,0,0,0,buffer
744,0.496991,-1.08826,,1000,0,2.24146,,0.100507,0.000175961,0.100507,,0,0,0,buffer
745,0.783456,-0.904157,,1000,0,2.12396,,0.100461,0.000336088,0.100462,,0,0,0,buffer
746,1.00645,-0.646807,,1000,0,2.02136,,0.100296,0.000376448,0.100297,,0,0,0,buffer
747,1.14791,-0.337057,,1000,0,1.93318,,0.100121,0.000256332,0.100121,,0,0,0,buffer
748,1.26857,0,,1000,0,1.89087,,0.100043,-6.40074e-15,0.100043,,0,0,0,buffer
749,1.21718,0.357397,,1000,0,1.93318,,0.100121,-0.000256332,0.100121,,0,0,0,buffer
750,1.06719,0.685839,,1000,0,2.02136,,0.100296,-0.000376448,0.100297,,0,0,0,buffer
751,0.830735,0.958719,,1000,0,2.12396,,0.100461,-0.000336088,0.100462,,0,0,0,buffer
752,0.526982,1.15393,,1000,0,2.24146,,0.100507,-0.000175961,0.100507,,0,0,0,buffer
753,0.180536,1.25565,,1000,0,2.40886,,0.100459,-1.10577e-05,0.100459,,0,0,0,buffer
754,-0.180536,1.25565,,1000,0,2.39752,,0.0999923,5.35758e-05,0.0999923,,0,0,0,buffer
755,-0.526982,1.15393,,1000,0,2.27363,,0.0999787,4.66911e-05,0.0999787,,0,0,0,buffer
756,-0.830735,0.958719,,1000,0,2.30334,,0.0999659,3.92994e-05,0.099966,,0,0,0,buffer
757,-1.06719,0.685839,,1000,0,2.31543,,0.099956,2.82612e-05,0.099956,,0,0,0,buffer
758,-1.21718,0.357397,,1000,0,2.33261,,0.0999495,1.48364e-05,0.0999495,,0,0,0,buffer
759,-1.26857,1.55355e-16,,1000,0,2.33668,,0.0999472,6.4604e-21,0.0999472,,0,0,0,buffer
760,-1.21718,-0.357397,,1000,0,2.33261,,0.0999495,-1.48364e-05,0.0999495,,0,0,0,buffer
761,-1.06719,-0.685839,,1000,0,2.31543,,0.099956,-2.82612e-05,0.099956,,0,0,0,buffer
762,-0.830735,-0.958719,,1000,0,2.30334,,0.0999659,-3.92994e-05,0.099966,,0,0,0,buffer
763,-0.526982,-1.15393,,1000,0,2.27363,,0.0999787,-4.66911e-05,0.0999787,,0,0,0,buffer
764,-0.180536,-1.25565,,1000,0,2.39752,,0.0999923,-5.35758e-05,0.0999923,,0,0,0,buffer
765,0.180536,-1.25565,,1000,0,2.40886,,0.100459,1.10577e-05,0.100459,,0,0,0,buffer
766,0.526982,-1.15393,,1000,0,2.24146,,0.100507,0.000175961,0.100507,,0,0,0,buffer
767,0.830735,-0.958719,,1000,0,2.12396,,0.100461,0.000336088,0.100462,,0,0,0,buffer
768,1.06719,-0.685839,,1000,0,2.02136,,0.100296,0.000376448,0.100297,,0,0,0,buffer
769,1.21718,-0.357397,,1000,0,1.93318,,0.100121,0.000256332,0.100121,,0,0,0,buffer
770,1.34442,0,,1000,0,1.89087,,0.100043,-6.40074e-15,0.100043,,0,0,0,buffer
771,1.28996,0.378767,,1000,0,1.93318,,0.100121,-0.000256332,0.100121,,0,0,0,buffer
772,1.131,0.726848,,1000,0,2.02136,,0.100296,-0.000376448,0.100297,,0,0,0,buffer
773,0.880407,1.01604,,1000,0,2.12396,,0.100461,-0.000336088,0.100462,,0,0,0,buffer
774,0.558492,1.22293,,1000,0,2.24146,,0.100507,-0.000175961,0.100507,,0,0,0,buffer
775,0.191331,1.33073,,1000,0,2.40886,,0.100459,-1.10577e-05,0.100459,,0,0,0,buffer
776,-0.191331,1.33073,,1000,0,2.39752,,0.0999923,5.35758e-05,0.0999923,,0,0,0,buffer
777,-0.558492,1.22293,,1000,0,2.27363,,0.0999787,4.66911e-05,0.0999787,,0,0,0,buffer
778,-0.880407,1.01604,,1000,0,2.30334,,0.0999659,3.92994e-05,0.099966,,0,0,0,buffer
779,-1.131,0.726848,,1000,0,2.31543,,0.099956,2.82612e-05,0.099956,,0,0,0,buffer
780,-1.28996,0.378767,,1000,0,2.33261,,0.0999495,1.48364e-05,0.0999495,,0,0,0,buffer
781,-1.34442,1.64644e-16,,1000,0,2.33668,,0.0999472,6.4604e-21,0.0999472,,0,0,0,buffer
782,-1.28996,-0.378767,,1000,0,2.33261,,0.0999495,-1.48364e-05,0.0999495,,0,0,0,buffer
783,-1.131,-0.726848,,1000,0,2.31543,,0.099956,-2.82612e-05,0.099956,,0,0,0,buffer
784,-0.880407,-1.01604,,1000,0,2.30334,,0.0999659,-3.92994e-05,0.099966,,0,0,0,buffer
785,-0.558492,-1.22293,,1000,0,2.27363,,0.0999787,-4.66911e-05,0.0999787,,0,0,0,buffer
786,-0.191331,-1.33073,,1000,0,2.39752,,0.0999923,-5.35758e-05,0.0999923,,0,0,0,buffer
787,0.191331,-1.33073,,1000,0,2.40886,,0.100459,1.10577e-05,0.100459,,0,0,0,buffer
788,0.558492,-1.22293,,1000,0,2.24146,,0.100507,0.000175961,0.100507,,0,0,0,buffer
789,0.880407,-1.01604,,1000,0,2.12396,,0.100461,0.000336088,0.100462,,0,0,0,buffer
790,1.131,-0.726848,,1000,0,2.02136,,0.100296,0.000376448,0.100297,,0,0,0,buffer
791,1.28996,-0.378767,,1000,0,1.93318,,0.100121,0.000256332,0.100121,,0,0,0,buffer
792,1.42411,0,,1000,0,1.89087,,0.100043,-6.40074e-15,0.100043,,0,0,0,buffer
793,1.36643,0.401219,,1000,0,1.93318,,0.100121,-0.000256332,0.100121,,0,0,0,buffer
794,1.19804,0.769933,,1000,0,2.02136,,0.100296,-0.000376448,0.100297,,0,0,0,buffer
795,0.932595,1.07627,,1000,0,2.12396,,0.100461,-0.000336088,0.100462,,0,0,0,buffer
796,0.591598,1.29542,,1000,0,2.24146,,0.100507,-0.000175961,0.100507,,0,0,0,buffer
797,0.202672,1.40962,,1000,0,2.40886,,0.100459,-1.10577e-05,0.100459,,0,0,0,buffer
798,-0.202672,1.40962,,1000,0,2.39752,,0.0999923,5.35758e-05,0.0999923,,0,0,0,buffer
799,-0.591598,1.29542,,1000,0,2.27363,,0.0999787,4.66911e-05,0.0999787,,0,0,0,buffer
800,-0.932595,1.07627,,1000,0,2.30334,,0.0999659,3.92994e-05,0.099966,,0,0,0,buffer
801,-1.19804,0.769933,,1000,0,2.31543,,0.099956,2.82612e-05,0.099956,,0,0,0,buffer
802,-1.36643,0.401219,,1000,0,2.33261,,0.0999495,1.48364e-05,0.0999495,,0,0,0,buffer
803,-1.42411,1.74403e-16,,1000,0,2.33668,,0.0999472,6.4604e-21,0.0999472,,0,0,0,buffer
804,-1.36643,-0.401219,,1000,0,2.33261,,0.0999495,-1.48364e-05,0.0999495,,0,0,0,buffer
805,-1.19804,-0.769933,,1000,0,2.31543,,0.099956,-2.82612e-05,0.099956,,0,0,0,buffer
806,-0.932595,-1.07627,,1000,0,2.30334,,0.0999659,-3.92994e-05,0.099966,,0,0,0,buffer
807,-0.591598,-1.29542,,1000,0,2.27363,,0.0999787,-4.66911e-05,0.0999787,,0,0,0,buffer
808,-0.202672,-1.40962,,1000,0,2.39752,,0.0999923,-5.35758e-05,0.0999923,,0,0,0,buffer
809,0.202672,-1.40962,,1000,0,2.40886,,0.100459,1.10577e-05,0.100459,,0,0,0,buffer
810,0.591598,-1.29542,,1000,0,2.24146,,0.100507,0.000175961,0.100507,,0,0,0,buffer
811,0.932595,-1.07627,,1000,0,2.12396,,0.100461,0.000336088,0.100462,,0,0,0,buffer
812,1.19804,-0.769933,,1000,0,2.02136,,0.100296,0.000376448,0.100297,,0,0,0,buffer
813,1.36643,-0.401219,,1000,0,1.93318,,0.100121,0.000256332,0.100121,,0,0,0,buffer
814,1.50784,0,,1000,0,1.89087,,0.100043,-6.40074e-15,0.100043,,0,0,0,buffer
815,1.44676,0.424808,,1000,0,1.93318,,0.100121,-0.000256332,0.100121,,0,0,0,buffer
816,1.26848,0.8152,,1000,0,2.02136,,0.100296,-0.000376448,0.100297,,0,0,0,buffer
817,0.987426,1.13955,,1000,0,2.12396,,0.100461,-0.000336088,0.100462,,0,0,0,buffer
818,0.62638,1.37158,,1000,0,2.24146,,0.100507,-0.000175961,0.100507,,0,0,0,buffer
819,0.214588,1.49249,,1000,0,2.40886,,0.100459,-1.10577e-05,0.100459,,0,0,0,buffer
820,-0.214588,1.49249,,1000,0,2.39752,,0.0999923,5.35758e-05,0.0999923,,0,0,0,buffer
821,-0.62638,1.37158,,1000,0,2.27363,,0.0999787,4.66911e-05,0.0999787,,0,0,0,buffer
822,-0.987426,1.13955,,1000,0,2.30334,,0.0999659,3.92994e-05,0.099966,,0,0,0,buffer
823,-1.26848,0.8152,,1000,0,2.31543,,0.099956,2.82612e-05,0.099956,,0,0,0,buffer
824,-1.44676,0.424808,,1000,0,2.33261,,0.0999495,1.48364e-05,0.0999495,,0,0,0,buffer
825,-1.50784,1.84657e-16,,1000,0,2.33668,,0.0999472,6.4604e-21,0.0999472,,0,0,0,buffer
826,-1.44676,-0.424808,,1000,0,2.33261,,0.0999495,-1.48364e-05,0.0999495,,0,0,0,buffer
827,-1.26848,-0.8152,,1000,0,2.31543,,0.099956,-2.82612e-05,0.099956,,0,0,0,buffer
828,-0.987426,-1.13955,,1000,0,2.30334,,0.0999659,-3.92994e-05,0.099966,,0,0,0,buffer
829,-0.62638,-1.37158,,1000,0,2.27363,,0.0999787,-4.66911e-05,0.0999787,,0,0,0,buffer
830,-0.214588,-1.49249,,1000,0,2.39752,,0.0999923,-5.35758e-05,0.0999923,,0,0,0,buffer
831,0.214588,-1.49249,,1000,0,2.40886,,0.100459,1.10577e-05,0.100459,,0,0,0,buffer
832,0.62638,-1.37158,,1000,0,2.24146,,0.100507,0.000175961,0.100507,,0,0,0,buffer
833,0.987426,-1.13955,,1000,0,2.12396,,0.100461,0.000336088,0.100462,,0,0,0,buffer
834,1.26848,-0.8152,,1000,0,2.02136,,0.100296,0.000376448,0.100297,,0,0,0,buffer
835,1.44676,-0.424808,,1000,0,1.93318,,0.100121,0.000256332,0.100121,,0,0,0,buffer
836,1.59581,0,,1000,0,1.89087,,0.100043,-6.40074e-15,0.100043,,0,0,0,buffer
837,1.53117,0.449592,,1000,0,1.93318,,0.100121,-0.000256332,0.100121,,0,0,0,buffer
838,1.34248,0.86276,,1000,0,2.02136,,0.100296,-0.000376448,0.100297,,0,0,0,buffer
839,1.04503,1.20603,,1000,0,2.12396,,0.100461,-0.000336088,0.100462,,0,0,0,buffer
840,0.662923,1.4516,,1000,0,2.24146,,0.100507,-0.000175961,0.100507,,0,0,0,buffer
841,0.227107,1.57957,,1000,0,2.40886,,0.100459,-1.10577e-05,0.100459,,0,0,0,buffer
842,-0.227107,1.57957,,1000,0,2.39752,,0.0999923,5.35758e-05,0.0999923,,0,0,0,buffer
843,-0.662923,1.4516,,1000,0,2.27363,,0.0999787,4.66911e-05,0.0999787,,0,0,0,buffer
844,-1.04503,1.20603,,1000,0,2.30334,,0.0999659,3.92994e-05,0.099966,,0,0,0,buffer
845,-1.34248,0.86276,,1000,0,2.31543,,0.099956,2.82612e-05,0.099956,,0,0,0,buffer
846,-1.53117,0.449592,,1000,0,2.33261,,0.0999495,1.48364e-05,0.0999495,,0,0,0,buffer
847,-1.59581,1.9543e-16,,1000,0,2.33668,,0.0999472,6.4604e-21,0.0999472,,0,0,0,buffer
848,-1.53117,-0.449592,,1000,0,2.33261,,0.0999495,-1.48364e-05,0.0999495,,0,0,0,buffer
849,-1.34248,-0.86276,,1000,0,2.31543,,0.099956,-2.82612e-05,0.099956,,0,0,0,buffer
850,-1.04503,-1.20603,,1000,0,2.30334,,0.0999659,-3.92994e-05,0.099966,,0,0,0,buffer
851,-0.662923,-1.4516,,1000,0,2.27363,,0.0999787,-4.66911e-05,0.0999787,,0,0,0,buffer
852,-0.227107,-1.57957,,1000,0,2.39752,,0.0999923,-5.35758e-05,0.0999923,,0,0,0,buffer
853,0.227107,-1.57957,,1000,0,2.40886,,0.100459,1.10577e-05,0.100459,,0,0,0,buffer
854,0.662923,-1.4516,,1000,0,2.24146,,0.100507,0.000175961,0.100507,,0,0,0,buffer
855,1.04503,-1.20603,,1000,0,2.12396,,0.100461,0.000336088,0.100462,,0,0,0,buffer
856,1.34248,-0.86276,,1000,0,2.02136,,0.100296,0.000376448,0.100297,,0,0,0,buffer
857,1.53117,-0.449592,,1000,0,1.93318,,0.100121,0.000256332,0.100121,,0,0,0,buffer
