h/dp :,2
L2norm Pressure,KE,dr0,Nfluid
0,418.245,0.0141421,660

t,6.75014
ID,x,y,,rho,drhodt,pressure,,u,v,velocity,,dudt,dvdt,vorticity,type
0,0.05,0,,999.938,0,-122.316,,0,0,0,,0,0,0,boundary
1,0.0479746,0.0140866,,999.943,0,-110.939,,0,0,0,,0,0,0,boundary
2,0.0420627,0.027032,,999.956,0,-87.2494,,0,0,0,,0,0,0,boundary
3,0.032743,0.0377875,,999.966,0,-66.1237,,0,0,0,,0,0,0,boundary
4,0.0207708,0.0454816,,999.978,0,-43.3648,,0,0,0,,0,0,0,boundary
5,0.00711574,0.0494911,,999.994,0,-11.811,,0,0,0,,0,0,0,boundary
6,-0.00711574,0.0494911,,1000.01,0,23.0799,,0,0,0,,0,0,0,boundary
7,-0.0207708,0.0454816,,1000.03,0,50.8964,,0,0,0,,0,0,0,boundary
8,-0.032743,0.0377875,,1000.03,0,67.9116,,0,0,0,,0,0,0,boundary
9,-0.0420627,0.027032,,1000.04,0,78.8074,,0,0,0,,0,0,0,boundary
10,-0.0479746,0.0140866,,1000.04,0,86.1006,,0,0,0,,0,0,0,boundary
11,-0.05,6.12323e-18,,1000.05,0,88.877,,0,0,0,,0,0,0,boundary
12,-0.0479746,-0.0140866,,1000.04,0,86.1006,,0,0,0,,0,0,0,boundary
13,-0.0420627,-0.027032,,1000.04,0,78.8074,,0,0,0,,0,0,0,boundary
14,-0.032743,-0.0377875,,1000.03,0,67.9116,,0,0,0,,0,0,0,boundary
15,-0.0207708,-0.0454816,,1000.03,0,50.8964,,0,0,0,,0,0,0,boundary
16,-0.00711574,-0.0494911,,1000.01,0,23.0799,,0,0,0,,0,0,0,boundary
17,0.00711574,-0.0494911,,999.994,0,-11.811,,0,0,0,,0,0,0,boundary
18,0.0207708,-0.0454816,,999.978,0,-43.3648,,0,0,0,,0,0,0,boundary
19,0.032743,-0.0377875,,999.966,0,-66.1237,,0,0,0,,0,0,0,boundary
20,0.0420627,-0.027032,,999.956,0,-87.2494,,0,0,0,,0,0,0,boundary
21,0.0479746,-0.0140866,,999.943,0,-110.939,,0,0,0,,0,0,0,boundary
22,0.0641421,0,,999.947,1.11789e-05,-104.048,,0.285215,1.14918e-13,0.285215,,-0.00018307,2.8256e-12,-2.55338e-12,fluid
23,0.0615439,0.0180709,,999.954,2.70263e-05,-89.5968,,0.323967,0.0586357,0.329231,,-0.000128923,-0.000120014,-4.57632,fluid
24,0.0539598,0.0346779,,999.968,3.23391e-05,-62.6757,,0.405287,0.0852857,0.414163,,-6.07972e-05,-0.000117712,-5.89215,fluid
25,0.0420042,0.0484754,,999.974,2.01933e-05,-50.8439,,0.473814,0.0944775,0.483141,,-9.71928e-05,-5.29273e-05,-5.17917,fluid
26,0.0266456,0.0583457,,999.981,-4.11049e-06,-36.6769,,0.524638,0.089928,0.53229,,-0.00011603,-4.75009e-05,-4.08556,fluid
27,0.00912838,0.0634893,,999.997,-6.01201e-05,-5.33467,,0.550781,0.087369,0.557667,,-0.000223288,-1.50382e-05,-3.349,fluid
28,-0.00912838,0.0634893,,1000.01,3.07739e-05,22.7793,,0.563479,0.0898626,0.5706,,-0.000214919,-7.52444e-05,-2.68582,fluid
29,-0.0266456,0.0583457,,1000.02,5.98015e-05,45.6787,,0.559606,0.0899947,0.566796,,8.03654e-05,-1.58051e-05,-1.97516,fluid
30,-0.0420042,0.0484754,,1000.02,-3.13839e-05,48.4694,,0.541926,0.0703538,0.546473,,-0.000300061,-8.58453e-05,-1.48191,fluid
31,-0.0539598,0.0346779,,1000.03,7.56123e-06,51.52,,0.532676,0.0458086,0.534642,,-0.000346722,-0.000142541,-1.04785,fluid
32,-0.0615439,0.0180709,,1000.03,1.88616e-05,56.5109,,0.525307,0.0261216,0.525956,,-0.000258469,7.87964e-05,-0.541843,fluid
33,-0.0641421,7.85515e-18,,1000.03,-3.77105e-05,57.2594,,0.520002,-1.15654e-13,0.520002,,-0.000394932,5.0936e-13,-1.82881e-14,fluid
34,-0.0615439,-0.0180709,,1000.03,1.88618e-05,56.5109,,0.525307,-0.0261216,0.525956,,-0.000258469,-7.87964e-05,0.541843,fluid
35,-0.0539598,-0.0346779,,1000.03,7.56137e-06,51.52,,0.532676,-0.0458086,0.534642,,-0.000346722,0.000142541,1.04785,fluid
36,-0.0420042,-0.0484754,,1000.02,-3.13833e-05,48.4694,,0.541926,-0.0703538,0.546473,,-0.000300061,8.58453e-05,1.48191,fluid
37,-0.0266456,-0.0583457,,1000.02,5.98018e-05,45.6787,,0.559606,-0.0899947,0.566796,,8.03654e-05,1.58051e-05,1.97516,fluid
38,-0.00912838,-0.0634893,,1000.01,3.07739e-05,22.7793,,0.563479,-0.0898626,0.5706,,-0.000214919,7.52444e-05,2.68582,fluid
39,0.00912838,-0.0634893,,999.997,-6.01201e-05,-5.33467,,0.550781,-0.087369,0.557667,,-0.000223288,1.50382e-05,3.349,fluid
40,0.0266456,-0.0583457,,999.981,-4.11047e-06,-36.6769,,0.524638,-0.089928,0.53229,,-0.00011603,4.75009e-05,4.08556,fluid
41,0.0420042,-0.0484754,,999.974,2.01933e-05,-50.8439,,0.473814,-0.0944775,0.483141,,-9.71928e-05,5.29273e-05,5.17917,fluid
42,0.0539598,-0.0346779,,999.968,3.23391e-05,-62.6757,,0.405287,-0.0852857,0.414163,,-6.07972e-05,0.000117712,5.89215,fluid
43,0.0615439,-0.0180709,,999.954,2.70263e-05,-89.5968,,0.323967,-0.0586357,0.329231,,-0.000128923,0.000120014,4.57632,fluid
44,0.0790004,0,,999.953,9.23822e-05,-91.7737,,0.145152,1.97208e-14,0.145152,,-6.723e-05,2.78301e-12,-1.81871e-12,fluid
45,0.0758004,0.022257,,999.969,5.06906e-05,-60.8205,,0.245649,-0.0239795,0.246817,,-6.81463e-05,-9.82705e-06,-4.62762,fluid
46,0.0664594,0.0427109,,999.98,5.45971e-05,-39.0249,,0.39818,0.00674724,0.398237,,-5.91629e-05,-3.08436e-05,-5.71125,fluid
47,0.0517343,0.0597046,,999.988,8.72303e-05,-24.4454,,0.492122,0.0339664,0.493293,,-7.65813e-05,-5.87522e-05,-4.46005,fluid
48,0.032818,0.0718613,,999.991,0.000131512,-17.3299,,0.534927,0.0525413,0.537501,,2.55633e-05,-8.28308e-05,-3.00276,fluid
49,0.0112429,0.0781963,,1000,4.90305e-05,-0.221651,,0.551432,0.0653641,0.555292,,0.000147336,-0.000123103,-1.95176,fluid
50,-0.0112429,0.0781963,,1000.01,-0.000172789,11.4389,,0.547816,0.0839008,0.554204,,-0.000285153,-3.50072e-05,-1.2599,fluid
51,-0.032818,0.0718613,,1000.02,0.000136281,37.5534,,0.512319,0.0898333,0.520136,,-2.35146e-07,-1.95381e-05,-0.880901,fluid
52,-0.0517343,0.0597046,,1000.04,-1.62163e-05,70.7378,,0.483389,0.0803473,0.490021,,0.0001255,5.74924e-05,-0.592963,fluid
53,-0.0664594,0.0427109,,1000.05,-0.000117303,96.8922,,0.45866,0.0616524,0.462785,,-0.000252853,-9.95918e-05,-0.432059,fluid
54,-0.0758004,0.022257,,1000.06,3.56111e-05,116.906,,0.433892,0.0336632,0.435196,,-0.000226064,4.26786e-05,-0.299116,fluid
55,-0.0790004,9.67476e-18,,1000.06,-3.07217e-05,121.101,,0.423577,-4.40891e-14,0.423577,,-0.000330925,2.78017e-13,2.22241e-14,fluid
56,-0.0758004,-0.022257,,1000.06,3.5611e-05,116.906,,0.433892,-0.0336632,0.435196,,-0.000226064,-4.26786e-05,0.299116,fluid
57,-0.0664594,-0.0427109,,1000.05,-0.000117303,96.8922,,0.45866,-0.0616524,0.462785,,-0.000252853,9.95918e-05,0.432059,fluid
58,-0.0517343,-0.0597046,,1000.04,-1.62159e-05,70.7378,,0.483389,-0.0803473,0.490021,,0.0001255,-5.74924e-05,0.592963,fluid
59,-0.032818,-0.0718613,,1000.02,0.000136281,37.5534,,0.512319,-0.0898333,0.520136,,-2.3515e-07,1.95381e-05,0.880901,fluid
60,-0.0112429,-0.0781963,,1000.01,-0.000172789,11.4389,,0.547816,-0.0839008,0.554204,,-0.000285153,3.50072e-05,1.2599,fluid
61,0.0112429,-0.0781963,,1000,4.90303e-05,-0.221651,,0.551432,-0.0653641,0.555292,,0.000147336,0.000123103,1.95176,fluid
62,0.032818,-0.0718613,,999.991,0.000131512,-17.3299,,0.534927,-0.0525413,0.537501,,2.55633e-05,8.28308e-05,3.00276,fluid
63,0.0517343,-0.0597046,,999.988,8.72304e-05,-24.4454,,0.492122,-0.0339664,0.493293,,-7.65813e-05,5.87522e-05,4.46005,fluid
64,0.0664594,-0.0427109,,999.98,5.45971e-05,-39.0249,,0.39818,-0.00674724,0.398237,,-5.91629e-05,3.08436e-05,5.71125,fluid
65,0.0758004,-0.022257,,999.969,5.06906e-05,-60.8205,,0.245649,0.0239795,0.246817,,-6.81463e-05,9.82706e-06,4.62762,fluid
66,0.0946112,0,,1000.02,-2.59553e-06,37.7421,,0.12365,1.70445e-14,0.12365,,5.62956e-06,3.32309e-12,-1.70947e-12,fluid
67,0.0907788,0.0266551,,1000.01,-2.78652e-05,20.8674,,0.256718,-0.0405033,0.259893,,-5.72387e-05,2.44702e-05,-4.38527,fluid
68,0.079592,0.0511507,,1000,-6.36924e-05,2.81475,,0.434709,-0.012986,0.434903,,-8.75406e-05,3.80402e-05,-4.94133,fluid
69,0.0619572,0.0715024,,1000.01,-0.000113613,10.1031,,0.522586,0.0173967,0.522875,,-9.17064e-05,-8.02017e-05,-3.31943,fluid
70,0.0393029,0.0860614,,1000.02,-0.000256725,29.8351,,0.548036,0.0445416,0.549843,,-0.00010148,4.01129e-05,-1.74413,fluid
71,0.0134646,0.0936482,,1000.01,0.000302379,19.5581,,0.541092,0.0562571,0.544008,,0.000274499,-7.07924e-05,-0.766332,fluid
72,-0.0134646,0.0936482,,1000,4.70769e-05,3.60132,,0.517275,0.0630194,0.521099,,0.000403752,-4.04102e-05,-0.291224,fluid
73,-0.0393029,0.0860614,,999.992,-0.000370983,-15.3649,,0.490138,0.0581252,0.493572,,-0.000330131,-0.000158471,-0.13318,fluid
74,-0.0619572,0.0715024,,999.992,0.000279235,-16.0032,,0.465737,0.0527055,0.46871,,0.000167775,7.06594e-05,-0.0879671,fluid
75,-0.079592,0.0511507,,999.988,3.34978e-06,-23.5259,,0.447772,0.0365326,0.44926,,-8.32199e-05,-4.31319e-05,-0.129825,fluid
76,-0.0907788,0.0266551,,999.984,-4.95226e-05,-30.6206,,0.42868,0.0181038,0.429062,,-0.00025475,-4.02341e-05,-0.17563,fluid
77,-0.0946112,1.15865e-17,,999.985,9.99952e-05,-30.2786,,0.42012,-2.66603e-14,0.42012,,-0.000308301,-1.14052e-12,-2.40372e-13,fluid
78,-0.0907788,-0.0266551,,999.984,-4.95226e-05,-30.6206,,0.42868,-0.0181038,0.429062,,-0.00025475,4.02341e-05,0.17563,fluid
79,-0.079592,-0.0511507,,999.988,3.34974e-06,-23.5259,,0.447772,-0.0365326,0.44926,,-8.32199e-05,4.31319e-05,0.129825,fluid
80,-0.0619572,-0.0715024,,999.992,0.000279235,-16.0032,,0.465737,-0.0527055,0.46871,,0.000167775,-7.06594e-05,0.0879671,fluid
81,-0.0393029,-0.0860614,,999.992,-0.000370983,-15.3649,,0.490138,-0.0581252,0.493572,,-0.000330131,0.000158471,0.13318,fluid
82,-0.0134646,-0.0936482,,1000,4.70768e-05,3.60132,,0.517275,-0.0630194,0.521099,,0.000403752,4.04102e-05,0.291224,fluid
83,0.0134646,-0.0936482,,1000.01,0.000302379,19.5581,,0.541092,-0.0562571,0.544008,,0.000274499,7.07924e-05,0.766332,fluid
84,0.0393029,-0.0860614,,1000.02,-0.000256725,29.8351,,0.548036,-0.0445416,0.549843,,-0.00010148,-4.01129e-05,1.74413,fluid
85,0.0619572,-0.0715024,,1000.01,-0.000113613,10.1031,,0.522586,-0.0173967,0.522875,,-9.17064e-05,8.02017e-05,3.31943,fluid
86,0.079592,-0.0511507,,1000,-6.36925e-05,2.81475,,0.434709,0.012986,0.434903,,-8.75406e-05,-3.80402e-05,4.94133,fluid
87,0.0907788,-0.0266551,,1000.01,-2.78652e-05,20.8674,,0.256718,0.0405033,0.259893,,-5.72387e-05,-2.44702e-05,4.38527,fluid
88,0.111013,0,,999.989,-5.44904e-05,-22.329,,0.199128,1.79864e-14,0.199128,,-5.80417e-05,3.22734e-12,-1.46488e-12,fluid
89,0.106516,0.0312758,,999.977,5.52835e-05,-45.9866,,0.322289,-0.00698642,0.322364,,-0.000110106,-1.76328e-05,-3.99522,fluid
90,0.0933897,0.0600179,,999.983,2.76589e-06,-33.429,,0.476119,0.0127496,0.476289,,-8.50295e-05,3.26684e-05,-4.08342,fluid
91,0.0726977,0.0838977,,999.994,0.000148901,-11.7948,,0.5419,0.0339944,0.542965,,-5.26998e-05,2.64836e-05,-2.30437,fluid
92,0.0461163,0.100981,,999.998,-1.36897e-05,-4.38165,,0.553076,0.0472127,0.555087,,-5.48329e-05,-3.95009e-05,-0.852337,fluid
93,0.0157987,0.109883,,1000,-0.000360619,-0.524103,,0.52591,0.0497819,0.528261,,-0.000679063,8.91684e-05,-0.168074,fluid
94,-0.0157987,0.109883,,1000.01,0.00044476,18.627,,0.505923,0.0471538,0.508116,,0.000402813,0.000110694,0.0580709,fluid
95,-0.0461163,0.100981,,1000.02,-1.55384e-05,39.4064,,0.493881,0.0366704,0.495241,,0.000185317,-3.66186e-05,0.0625094,fluid
96,-0.0726977,0.0838977,,1000.02,-0.000176314,42.9096,,0.479927,0.0316314,0.480968,,-6.46264e-05,-8.76302e-05,0.021795,fluid
97,-0.0933897,0.0600179,,1000.03,0.000155251,53.169,,0.47721,0.0216,0.477698,,7.3423e-05,0.00018376,-0.0531721,fluid
98,-0.106516,0.0312758,,1000.03,-9.75665e-05,57.0952,,0.466603,0.0122925,0.466765,,-0.00017958,-1.88862e-06,-0.14084,fluid
99,-0.111013,1.35951e-17,,1000.03,2.90014e-05,57.5211,,0.45873,-2.51948e-14,0.45873,,-0.000338446,-1.63208e-12,-2.55715e-13,fluid
100,-0.106516,-0.0312758,,1000.03,-9.75665e-05,57.0952,,0.466603,-0.0122925,0.466765,,-0.00017958,1.88862e-06,0.14084,fluid
101,-0.0933897,-0.0600179,,1000.03,0.000155251,53.169,,0.47721,-0.0216,0.477698,,7.3423e-05,-0.00018376,0.0531721,fluid
102,-0.0726977,-0.0838977,,1000.02,-0.000176314,42.9096,,0.479927,-0.0316314,0.480968,,-6.46264e-05,8.76302e-05,-0.021795,fluid
103,-0.0461163,-0.100981,,1000.02,-1.55384e-05,39.4064,,0.493881,-0.0366704,0.495241,,0.000185317,3.66186e-05,-0.0625094,fluid
104,-0.0157987,-0.109883,,1000.01,0.00044476,18.627,,0.505923,-0.0471538,0.508116,,0.000402813,-0.000110694,-0.0580709,fluid
105,0.0157987,-0.109883,,1000,-0.000360619,-0.524103,,0.52591,-0.0497819,0.528261,,-0.000679063,-8.91684e-05,0.168074,fluid
106,0.0461163,-0.100981,,999.998,-1.36896e-05,-4.38165,,0.553076,-0.0472127,0.555087,,-5.48329e-05,3.95009e-05,0.852337,fluid
107,0.0726977,-0.0838977,,999.994,0.000148901,-11.7948,,0.5419,-0.0339944,0.542965,,-5.26998e-05,-2.64836e-05,2.30437,fluid
108,0.0933897,-0.0600179,,999.983,2.76561e-06,-33.429,,0.476119,-0.0127496,0.476289,,-8.50295e-05,-3.26684e-05,4.08342,fluid
109,0.106516,-0.0312758,,999.977,5.52833e-05,-45.9866,,0.322289,0.00698642,0.322364,,-0.000110106,1.76328e-05,3.99522,fluid
110,0.128244,0,,999.991,4.39883e-05,-17.225,,0.206561,1.14743e-14,0.206561,,-6.87256e-05,2.49384e-12,-1.19205e-12,fluid
111,0.12305,0.0361306,,999.982,4.34783e-05,-34.7921,,0.336494,-0.0162129,0.336885,,-2.12799e-05,-1.9448e-05,-3.57013,fluid
112,0.107886,0.0693342,,999.992,4.84369e-05,-15.404,,0.492517,0.000630433,0.492517,,-4.45718e-05,-8.14946e-05,-3.29278,fluid
113,0.0839822,0.0969206,,1000,-6.02028e-06,-0.0583892,,0.547449,0.0271411,0.548122,,-1.33154e-05,3.67389e-05,-1.52895,fluid
114,0.0532746,0.116655,,999.999,0.000388687,-2.92764,,0.547432,0.0398869,0.548883,,0.000512484,-0.000143833,-0.337209,fluid
115,0.0182511,0.126939,,1000.01,-0.000148887,10.5088,,0.5285,0.0381234,0.529873,,0.000378206,-0.000118332,0.0563636,fluid
116,-0.0182511,0.126939,,1000.01,-0.000225192,14.5959,,0.507913,0.0405464,0.509529,,-0.000328742,-2.14609e-05,0.104674,fluid
117,-0.0532746,0.116655,,1000.02,0.000312889,29.5808,,0.501011,0.0358967,0.502295,,0.000466033,0.000168167,0.0571589,fluid
118,-0.0839822,0.0969206,,1000.02,-0.000150713,35.7752,,0.48731,0.0349977,0.488566,,-3.31784e-05,-0.00013043,0.0257552,fluid
119,-0.107886,0.0693342,,1000.02,-2.72819e-06,42.3967,,0.482674,0.025128,0.483328,,-2.37635e-05,1.6483e-05,-0.0266031,fluid
120,-0.12305,0.0361306,,1000.02,2.60658e-05,48.2401,,0.470706,0.0133186,0.470894,,-0.000134418,3.94583e-06,-0.127921,fluid
121,-0.128244,1.57054e-17,,1000.03,-1.94329e-05,49.3067,,0.461425,-1.65987e-14,0.461425,,-0.000340455,-8.46299e-13,-1.85915e-13,fluid
122,-0.12305,-0.0361306,,1000.02,2.60657e-05,48.2401,,0.470706,-0.0133186,0.470894,,-0.000134418,-3.94583e-06,0.127921,fluid
123,-0.107886,-0.0693342,,1000.02,-2.72824e-06,42.3967,,0.482674,-0.025128,0.483328,,-2.37635e-05,-1.6483e-05,0.0266031,fluid
124,-0.0839822,-0.0969206,,1000.02,-0.000150713,35.7752,,0.48731,-0.0349977,0.488566,,-3.31784e-05,0.00013043,-0.0257552,fluid
125,-0.0532746,-0.116655,,1000.02,0.000312889,29.5808,,0.501011,-0.0358967,0.502295,,0.000466033,-0.000168167,-0.0571589,fluid
126,-0.0182511,-0.126939,,1000.01,-0.000225192,14.5959,,0.507913,-0.0405464,0.509529,,-0.000328742,2.14609e-05,-0.104674,fluid
127,0.0182511,-0.126939,,1000.01,-0.000148887,10.5088,,0.5285,-0.0381234,0.529873,,0.000378206,0.000118332,-0.0563636,fluid
128,0.0532746,-0.116655,,999.999,0.000388687,-2.92764,,0.547432,-0.0398869,0.548883,,0.000512484,0.000143833,0.337209,fluid
129,0.0839822,-0.0969206,,1000,-6.02029e-06,-0.0583892,,0.547449,-0.0271411,0.548122,,-1.33154e-05,-3.67389e-05,1.52895,fluid
130,0.107886,-0.0693342,,999.992,4.84366e-05,-15.404,,0.492517,-0.000630433,0.492517,,-4.45718e-05,8.14946e-05,3.29278,fluid
131,0.12305,-0.0361306,,999.982,4.34782e-05,-34.7921,,0.336494,0.0162129,0.336885,,-2.12799e-05,1.9448e-05,3.57013,fluid
132,0.146349,0,,999.998,3.58406e-05,-4.77118,,0.220377,8.43985e-15,0.220377,,-4.56458e-06,2.10376e-12,-9.31752e-13,fluid
133,0.140421,0.0412313,,999.99,-5.32115e-05,-18.6603,,0.356237,-0.0206539,0.356836,,-5.30262e-05,-5.15068e-05,-3.15283,fluid
134,0.123117,0.0791222,,999.997,1.21301e-05,-6.7888,,0.509077,-0.000553055,0.509078,,8.19508e-06,-0.000175106,-2.61369,fluid
135,0.0958382,0.110603,,1000,-0.000151912,6.66144,,0.549786,0.0217716,0.550217,,0.000111434,-0.000188848,-0.974031,fluid
136,0.0607955,0.133124,,1000,-0.000123421,-0.811821,,0.538135,0.0344578,0.539237,,-0.000172873,0.000151644,-0.0821875,fluid
137,0.0208276,0.144859,,1000.01,0.000404698,15.0488,,0.520838,0.0310549,0.521763,,0.000831453,-7.98392e-05,0.0930513,fluid
138,-0.0208276,0.144859,,1000.01,-0.000291371,15.7679,,0.510873,0.0365136,0.512176,,-7.64065e-05,-0.000110471,0.0749636,fluid
139,-0.0607955,0.133124,,1000.01,-1.75047e-05,17.7246,,0.499375,0.0309449,0.500333,,4.82068e-06,-4.58812e-05,0.0294005,fluid
140,-0.0958382,0.110603,,1000.01,0.000116128,24.1109,,0.488462,0.0323063,0.489529,,0.000259414,0.000116203,0.0281182,fluid
141,-0.123117,0.0791222,,1000.01,-6.92961e-05,26.4652,,0.484821,0.0223096,0.485334,,-3.29291e-05,-6.85454e-05,0.00244666,fluid
142,-0.140421,0.0412313,,1000.01,3.91172e-05,28.7079,,0.47436,0.0102882,0.474472,,-0.000122937,-3.63062e-05,-0.114048,fluid
143,-0.146349,1.79226e-17,,1000.02,-1.37709e-05,30.7909,,0.464233,-9.5798e-15,0.464233,,-0.000330683,-1.47385e-13,-1.27678e-13,fluid
144,-0.140421,-0.0412313,,1000.01,3.9117e-05,28.7079,,0.47436,-0.0102882,0.474472,,-0.000122937,3.63062e-05,0.114048,fluid
145,-0.123117,-0.0791222,,1000.01,-6.92962e-05,26.4652,,0.484821,-0.0223096,0.485334,,-3.29291e-05,6.85454e-05,-0.00244666,fluid
146,-0.0958382,-0.110603,,1000.01,0.000116128,24.1109,,0.488462,-0.0323063,0.489529,,0.000259414,-0.000116203,-0.0281182,fluid
147,-0.0607955,-0.133124,,1000.01,-1.75046e-05,17.7246,,0.499375,-0.0309449,0.500333,,4.82068e-06,4.58812e-05,-0.0294005,fluid
148,-0.0208276,-0.144859,,1000.01,-0.000291371,15.7679,,0.510873,-0.0365136,0.512176,,-7.64065e-05,0.000110471,-0.0749636,fluid
149,0.0208276,-0.144859,,1000.01,0.000404698,15.0488,,0.520838,-0.0310549,0.521763,,0.000831453,7.98392e-05,-0.0930513,fluid
150,0.0607955,-0.133124,,1000,-0.000123421,-0.811821,,0.538135,-0.0344578,0.539237,,-0.000172873,-0.000151644,0.0821875,fluid
151,0.0958382,-0.110603,,1000,-0.000151912,6.66144,,0.549786,-0.0217716,0.550217,,0.000111434,0.000188848,0.974031,fluid
152,0.123117,-0.0791222,,999.997,1.213e-05,-6.7888,,0.509077,0.000553055,0.509078,,8.19508e-06,0.000175106,2.61369,fluid
153,0.140421,-0.0412313,,999.99,-5.32115e-05,-18.6603,,0.356237,0.0206539,0.356836,,-5.30262e-05,5.15068e-05,3.15283,fluid
154,0.16537,0,,999.996,-2.32088e-05,-7.47418,,0.240785,7.3734e-15,0.240785,,-5.67862e-06,2.22957e-12,-7.12896e-13,fluid
155,0.158672,0.0465902,,999.992,3.78531e-05,-15.0843,,0.378201,-0.0196399,0.37871,,-0.000141483,7.5574e-05,-2.76001,fluid
156,0.139118,0.0894059,,999.998,-8.3639e-05,-3.53394,,0.522013,0.00292448,0.522021,,0.000114294,0.000154508,-2.05616,fluid
157,0.108295,0.124979,,1000,8.90219e-05,4.96294,,0.547543,0.0188583,0.547867,,0.000274888,-0.000266918,-0.597144,fluid
158,0.0686973,0.150426,,1000,-0.000339314,3.23164,,0.533993,0.028695,0.534763,,-0.000147985,-5.83545e-06,0.0263964,fluid
159,0.0235346,0.163687,,1000.01,9.76931e-05,10.0654,,0.516767,0.0257472,0.517408,,-0.000168235,9.67841e-05,0.0647543,fluid
160,-0.0235346,0.163687,,1000.01,0.000189239,18.069,,0.508988,0.032699,0.510037,,0.000680506,3.7831e-05,0.039755,fluid
161,-0.0686973,0.150426,,1000.01,-0.000207372,20.9959,,0.502808,0.0276352,0.503567,,-0.000109336,-0.000150755,0.0175112,fluid
162,-0.108295,0.124979,,1000.01,9.5354e-05,25.078,,0.488334,0.0261207,0.489032,,9.97636e-05,1.20134e-07,0.0284422,fluid
163,-0.139118,0.0894059,,1000.02,-1.69482e-06,30.274,,0.487943,0.0191432,0.488319,,8.98147e-05,8.1783e-05,0.0255781,fluid
164,-0.158672,0.0465902,,1000.02,-5.94272e-06,31.188,,0.480141,0.00873519,0.48022,,-5.76854e-05,7.25481e-05,-0.0999315,fluid
165,-0.16537,2.0252e-17,,1000.02,-6.48277e-06,33.6657,,0.46869,-1.48593e-14,0.46869,,-0.000315944,-2.82885e-14,-9.8932e-14,fluid
166,-0.158672,-0.0465902,,1000.02,-5.94293e-06,31.188,,0.480141,-0.00873519,0.48022,,-5.76854e-05,-7.25481e-05,0.0999315,fluid
167,-0.139118,-0.0894059,,1000.02,-1.69486e-06,30.274,,0.487943,-0.0191432,0.488319,,8.98147e-05,-8.1783e-05,-0.0255781,fluid
168,-0.108295,-0.124979,,1000.01,9.5354e-05,25.078,,0.488334,-0.0261207,0.489032,,9.97636e-05,-1.20133e-07,-0.0284422,fluid
169,-0.0686973,-0.150426,,1000.01,-0.000207372,20.9959,,0.502808,-0.0276352,0.503567,,-0.000109336,0.000150755,-0.0175112,fluid
170,-0.0235346,-0.163687,,1000.01,0.000189239,18.069,,0.508988,-0.032699,0.510037,,0.000680506,-3.7831e-05,-0.039755,fluid
171,0.0235346,-0.163687,,1000.01,9.76931e-05,10.0654,,0.516767,-0.0257472,0.517408,,-0.000168235,-9.67841e-05,-0.0647543,fluid
172,0.0686973,-0.150426,,1000,-0.000339314,3.23164,,0.533993,-0.028695,0.534763,,-0.000147985,5.83545e-06,-0.0263964,fluid
173,0.108295,-0.124979,,1000,8.9022e-05,4.96294,,0.547543,-0.0188583,0.547867,,0.000274888,0.000266918,0.597144,fluid
174,0.139118,-0.0894059,,999.998,-8.36392e-05,-3.53394,,0.522013,-0.00292448,0.522021,,0.000114294,-0.000154508,2.05616,fluid
175,0.158672,-0.0465902,,999.992,3.7853e-05,-15.0843,,0.378201,0.0196399,0.37871,,-0.000141483,-7.5574e-05,2.76001,fluid
176,0.185355,0,,999.997,-3.44982e-06,-5.35486,,0.258757,6.88004e-15,0.258757,,-9.15472e-05,2.28734e-12,-5.42648e-13,fluid
177,0.177847,0.0522205,,999.993,8.44055e-05,-13.2265,,0.39488,-0.0210227,0.395439,,-0.000139326,0.000143499,-2.4026,fluid
178,0.15593,0.10021,,1000,6.02811e-05,-0.807065,,0.52887,0.0027284,0.528878,,4.02463e-05,0.000352495,-1.61148,fluid
179,0.121382,0.140082,,1000,0.00017981,2.85806,,0.543085,0.0154505,0.543305,,0.000356096,-0.000165659,-0.348246,fluid
180,0.0769992,0.168605,,1000,0.000160708,8.1122,,0.530401,0.0245312,0.530968,,0.00059909,-0.000264179,0.0590361,fluid
181,0.0263788,0.183468,,1000.01,-0.000341172,11.2442,,0.51993,0.0209789,0.520353,,-0.000263363,-9.6907e-06,0.0396892,fluid
182,-0.0263788,0.183468,,1000.01,0.000222752,15.4733,,0.505968,0.0287313,0.506783,,0.00011975,2.09906e-05,0.0160345,fluid
183,-0.0769992,0.168605,,1000.01,5.91634e-06,23.2621,,0.504819,0.0247383,0.505424,,0.000285549,1.74386e-05,0.0181552,fluid
184,-0.121382,0.140082,,1000.01,-4.14594e-05,24.9222,,0.489435,0.0218408,0.489922,,4.34966e-05,-6.55651e-05,0.0239127,fluid
185,-0.15593,0.10021,,1000.02,3.02586e-05,30.1564,,0.489808,0.0167882,0.490096,,6.54882e-05,3.37622e-05,0.0403445,fluid
186,-0.177847,0.0522205,,1000.02,-8.05537e-07,30.9633,,0.484774,0.00726929,0.484828,,-6.64144e-05,-2.06107e-05,-0.0853039,fluid
187,-0.185355,2.26994e-17,,1000.02,-6.10125e-06,32.7217,,0.472302,-1.48038e-14,0.472302,,-0.000289331,2.95374e-14,-8.0535e-14,fluid
188,-0.177847,-0.0522205,,1000.02,-8.05589e-07,30.9633,,0.484774,-0.00726929,0.484828,,-6.64144e-05,2.06107e-05,0.0853039,fluid
189,-0.15593,-0.10021,,1000.02,3.02585e-05,30.1564,,0.489808,-0.0167882,0.490096,,6.54882e-05,-3.37622e-05,-0.0403445,fluid
190,-0.121382,-0.140082,,1000.01,-4.14594e-05,24.9222,,0.489435,-0.0218408,0.489922,,4.34966e-05,6.55651e-05,-0.0239127,fluid
191,-0.0769992,-0.168605,,1000.01,5.91633e-06,23.2621,,0.504819,-0.0247383,0.505424,,0.000285549,-1.74386e-05,-0.0181552,fluid
192,-0.0263788,-0.183468,,1000.01,0.000222752,15.4733,,0.505968,-0.0287313,0.506783,,0.00011975,-2.09906e-05,-0.0160345,fluid
193,0.0263788,-0.183468,,1000.01,-0.000341172,11.2442,,0.51993,-0.0209789,0.520353,,-0.000263363,9.69069e-06,-0.0396892,fluid
194,0.0769992,-0.168605,,1000,0.000160708,8.1122,,0.530401,-0.0245312,0.530968,,0.00059909,0.000264179,-0.0590361,fluid
195,0.121382,-0.140082,,1000,0.00017981,2.85806,,0.543085,-0.0154505,0.543305,,0.000356096,0.000165659,0.348246,fluid
196,0.15593,-0.10021,,1000,6.0281e-05,-0.807065,,0.52887,-0.0027284,0.528878,,4.02463e-05,-0.000352495,1.61148,fluid
197,0.177847,-0.0522205,,999.993,8.44054e-05,-13.2265,,0.39488,0.0210227,0.395439,,-0.000139326,-0.000143499,2.4026,fluid
198,0.206352,0,,999.998,2.2034e-05,-4.17973,,0.276636,6.29919e-15,0.276636,,-0.000132682,1.91654e-12,-4.08493e-13,fluid
199,0.197993,0.058136,,999.994,6.43519e-06,-11.9574,,0.408903,-0.0218696,0.409488,,-5.19875e-06,-7.44071e-05,-2.08736,fluid
200,0.173594,0.111562,,999.999,-8.52194e-05,-2.53094,,0.533346,0.00304185,0.533355,,-2.626e-05,-0.000218659,-1.26085,fluid
201,0.135132,0.15595,,1000,-3.77255e-05,3.82347,,0.53728,0.0127608,0.537432,,-0.000898607,0.000946445,-0.181398,fluid
202,0.0857216,0.187704,,1000,0.000349211,6.06976,,0.52353,0.0227111,0.524022,,0.000305839,3.30992e-05,0.0538562,fluid
203,0.0293669,0.204251,,1000.01,-0.000137204,15.8696,,0.521277,0.018129,0.521592,,8.6377e-05,-0.000116358,0.0278939,fluid
204,-0.0293669,0.204251,,1000.01,-7.76592e-05,14.2418,,0.505764,0.0252051,0.506392,,-0.000248868,-3.95796e-05,0.00569955,fluid
205,-0.0857216,0.187704,,1000.01,0.000130911,21.0491,,0.503773,0.0210759,0.504214,,0.000260338,5.66456e-05,0.0182128,fluid
206,-0.135132,0.15595,,1000.01,-3.35539e-05,24.5296,,0.491114,0.0189035,0.491478,,0.000151083,6.54087e-06,0.0151958,fluid
207,-0.173594,0.111562,,1000.01,-3.641e-06,27.5953,,0.490835,0.0149392,0.491062,,5.61041e-05,-1.49044e-05,0.0471669,fluid
208,-0.197993,0.058136,,1000.01,2.13208e-05,28.8456,,0.488473,0.00618855,0.488512,,-3.84283e-05,2.91577e-05,-0.0712148,fluid
209,-0.206352,2.52708e-17,,1000.02,-1.46356e-05,29.6897,,0.475318,-8.04492e-15,0.475318,,-0.000260405,4.30684e-13,-5.58991e-14,fluid
210,-0.197993,-0.058136,,1000.01,2.13208e-05,28.8456,,0.488473,-0.00618855,0.488512,,-3.84283e-05,-2.91577e-05,0.0712148,fluid
211,-0.173594,-0.111562,,1000.01,-3.64106e-06,27.5953,,0.490835,-0.0149392,0.491062,,5.61041e-05,1.49044e-05,-0.0471669,fluid
212,-0.135132,-0.15595,,1000.01,-3.3554e-05,24.5296,,0.491114,-0.0189035,0.491478,,0.000151083,-6.54087e-06,-0.0151958,fluid
213,-0.0857216,-0.187704,,1000.01,0.000130911,21.0491,,0.503773,-0.0210759,0.504214,,0.000260338,-5.66456e-05,-0.0182128,fluid
214,-0.0293669,-0.204251,,1000.01,-7.76592e-05,14.2418,,0.505764,-0.0252051,0.506392,,-0.000248868,3.95796e-05,-0.00569955,fluid
215,0.0293669,-0.204251,,1000.01,-0.000137204,15.8696,,0.521277,-0.018129,0.521592,,8.6377e-05,0.000116358,-0.0278939,fluid
216,0.0857216,-0.187704,,1000,0.000349211,6.06976,,0.52353,-0.0227111,0.524022,,0.000305839,-3.30992e-05,-0.0538562,fluid
217,0.135132,-0.15595,,1000,-3.77255e-05,3.82347,,0.53728,-0.0127608,0.537432,,-0.000898607,-0.000946445,0.181398,fluid
218,0.173594,-0.111562,,999.999,-8.52194e-05,-2.53094,,0.533346,-0.00304185,0.533355,,-2.626e-05,0.000218659,1.26085,fluid
219,0.197993,-0.058136,,999.994,6.43501e-06,-11.9574,,0.408903,0.0218696,0.409488,,-5.19875e-06,7.44071e-05,2.08736,fluid
220,0.228412,0,,999.998,4.01923e-06,-3.39099,,0.293595,4.47745e-15,0.293595,,-6.12422e-05,1.12511e-12,-2.98925e-13,fluid
221,0.219159,0.064351,,999.998,-4.41404e-05,-4.72947,,0.421776,-0.0200067,0.42225,,9.11612e-05,-0.000254299,-1.81363,fluid
222,0.192152,0.123489,,1000,4.13662e-06,4.64484,,0.538302,0.00700902,0.538347,,0.000232776,-0.000413834,-0.988288,fluid
223,0.149578,0.172622,,1000,-0.000164538,8.12416,,0.537541,0.00580012,0.537572,,0.000122778,-7.92816e-05,-0.0657371,fluid
224,0.0948856,0.20777,,1000,-7.4329e-05,4.92291,,0.520775,0.0197634,0.52115,,-0.00020429,0.00025492,0.038583,fluid
225,0.0325064,0.226087,,1000.01,0.000260966,15.4429,,0.519169,0.0164061,0.519429,,0.000565079,-9.01947e-05,0.0202279,fluid
226,-0.0325064,0.226087,,1000.01,-0.000117892,16.6982,,0.507469,0.0224414,0.507965,,4.13824e-05,-2.72851e-05,0.00301367,fluid
227,-0.0948856,0.20777,,1000.01,3.84767e-06,19.1905,,0.503346,0.0182096,0.503675,,1.47433e-05,-4.65573e-05,0.0155004,fluid
228,-0.149578,0.172622,,1000.01,3.56855e-05,24.4965,,0.492642,0.0164663,0.492917,,0.000196879,4.58756e-05,0.00476573,fluid
229,-0.192152,0.123489,,1000.01,-1.74219e-05,26.5729,,0.491528,0.0134744,0.491712,,6.61103e-05,-2.34287e-05,0.0482291,fluid
230,-0.219159,0.064351,,1000.01,2.08977e-05,28.456,,0.49144,0.00553823,0.491471,,-2.6266e-05,4.93896e-05,-0.0577766,fluid
231,-0.228412,2.79724e-17,,1000.01,-1.39084e-05,28.4927,,0.478036,-4.40541e-15,0.478036,,-0.000228146,1.03427e-12,-3.29993e-14,fluid
232,-0.219159,-0.064351,,1000.01,2.08976e-05,28.456,,0.49144,-0.00553823,0.491471,,-2.6266e-05,-4.93896e-05,0.0577766,fluid
233,-0.192152,-0.123489,,1000.01,-1.74219e-05,26.5729,,0.491528,-0.0134744,0.491712,,6.61103e-05,2.34287e-05,-0.0482291,fluid
234,-0.149578,-0.172622,,1000.01,3.56856e-05,24.4965,,0.492642,-0.0164663,0.492917,,0.000196879,-4.58756e-05,-0.00476573,fluid
235,-0.0948856,-0.20777,,1000.01,3.84765e-06,19.1905,,0.503346,-0.0182096,0.503675,,1.47433e-05,4.65573e-05,-0.0155004,fluid
236,-0.0325064,-0.226087,,1000.01,-0.000117892,16.6982,,0.507469,-0.0224414,0.507965,,4.13824e-05,2.72851e-05,-0.00301367,fluid
237,0.0325064,-0.226087,,1000.01,0.000260966,15.4429,,0.519169,-0.0164061,0.519429,,0.000565079,9.01947e-05,-0.0202279,fluid
238,0.0948856,-0.20777,,1000,-7.43289e-05,4.92291,,0.520775,-0.0197634,0.52115,,-0.00020429,-0.00025492,-0.038583,fluid
239,0.149578,-0.172622,,1000,-0.000164538,8.12416,,0.537541,-0.00580012,0.537572,,0.000122778,7.92816e-05,0.0657371,fluid
240,0.192152,-0.123489,,1000,4.13658e-06,4.64484,,0.538302,-0.00700902,0.538347,,0.000232776,0.000413834,0.988288,fluid
241,0.219159,-0.064351,,999.998,-4.41406e-05,-4.72947,,0.421776,0.0200067,0.42225,,9.11612e-05,0.000254299,1.81363,fluid
242,0.251589,0,,999.998,-8.82991e-06,-3.58869,,0.30863,1.52697e-15,0.30863,,2.1245e-05,1.67173e-13,-2.14044e-13,fluid
243,0.241398,0.0708807,,1000,7.7415e-06,0.846679,,0.432616,-0.0190292,0.433035,,4.08212e-05,-9.33984e-05,-1.57216,fluid
244,0.21165,0.136019,,1000,0.000158086,4.83953,,0.539405,0.0069789,0.53945,,0.000138927,3.50636e-05,-0.77711,fluid
245,0.164756,0.190138,,1000,-1.27204e-05,9.66971,,0.533385,0.00351172,0.533397,,0.00118522,-0.00105148,0.00383961,fluid
246,0.104514,0.228853,,1000,-0.000278748,9.70208,,0.521821,0.016202,0.522072,,-0.000313083,0.000128454,0.0260713,fluid
247,0.0358048,0.249028,,1000.01,0.000175031,11.5201,,0.515726,0.0146648,0.515935,,-2.68851e-05,5.00332e-05,0.013742,fluid
248,-0.0358048,0.249028,,1000.01,4.26912e-05,18.2097,,0.507758,0.0199024,0.508148,,0.000355686,1.36811e-05,0.000814759,fluid
249,-0.104514,0.228853,,1000.01,-7.24551e-05,19.569,,0.504112,0.0164585,0.504381,,-8.20269e-05,-9.39331e-05,0.0130223,fluid
250,-0.164756,0.190138,,1000.01,3.85185e-05,23.7199,,0.494159,0.0145146,0.494372,,0.000104106,-1.14827e-05,-0.00395778,fluid
251,-0.21165,0.136019,,1000.01,1.63444e-06,25.5369,,0.492004,0.0121926,0.492155,,9.40858e-05,-1.38278e-06,0.0460244,fluid
252,-0.241398,0.0708807,,1000.01,1.07691e-05,27.8281,,0.493697,0.00511243,0.493723,,-2.35703e-05,4.00622e-05,-0.0450185,fluid
253,-0.251589,3.08107e-17,,1000.01,-6.45872e-06,27.1192,,0.480508,-5.36954e-15,0.480508,,-0.000197342,1.50225e-12,-2.0633e-14,fluid
254,-0.241398,-0.0708807,,1000.01,1.07689e-05,27.8281,,0.493697,-0.00511243,0.493723,,-2.35703e-05,-4.00622e-05,0.0450185,fluid
255,-0.21165,-0.136019,,1000.01,1.63443e-06,25.5369,,0.492004,-0.0121926,0.492155,,9.40858e-05,1.38278e-06,-0.0460244,fluid
256,-0.164756,-0.190138,,1000.01,3.85186e-05,23.7199,,0.494159,-0.0145146,0.494372,,0.000104106,1.14827e-05,0.00395778,fluid
257,-0.104514,-0.228853,,1000.01,-7.24551e-05,19.569,,0.504112,-0.0164585,0.504381,,-8.20269e-05,9.39331e-05,-0.0130223,fluid
258,-0.0358048,-0.249028,,1000.01,4.26912e-05,18.2097,,0.507758,-0.0199024,0.508148,,0.000355686,-1.36811e-05,-0.000814759,fluid
259,0.0358048,-0.249028,,1000.01,0.000175031,11.5201,,0.515726,-0.0146648,0.515935,,-2.68851e-05,-5.00332e-05,-0.013742,fluid
260,0.104514,-0.228853,,1000,-0.000278748,9.70208,,0.521821,-0.016202,0.522072,,-0.000313083,-0.000128454,-0.0260713,fluid
261,0.164756,-0.190138,,1000,-1.27203e-05,9.66971,,0.533385,-0.00351172,0.533397,,0.00118522,0.00105148,-0.00383961,fluid
262,0.21165,-0.136019,,1000,0.000158086,4.83953,,0.539405,-0.0069789,0.53945,,0.000138927,-3.50636e-05,0.77711,fluid
263,0.241398,-0.0708807,,1000,7.74143e-06,0.846679,,0.432616,0.0190292,0.433035,,4.08212e-05,9.33984e-05,1.57216,fluid
264,0.27594,0,,999.998,1.5608e-05,-3.56654,,0.323223,4.5141e-15,0.323223,,1.3941e-05,-6.50253e-13,-1.57689e-13,fluid
265,0.264762,0.0777412,,999.999,6.23724e-05,-1.68482,,0.441047,-0.0207997,0.441537,,-5.5652e-05,0.000176567,-1.35657,fluid
266,0.232135,0.149184,,1000,-9.51643e-06,0.0266012,,0.540157,0.00499337,0.54018,,1.44001e-05,0.000270188,-0.612001,fluid
267,0.180702,0.208541,,1000,0.000125698,6.62216,,0.523542,0.00661401,0.523584,,0.00020773,-0.000137515,0.0322674,fluid
268,0.114629,0.251003,,1000.01,-3.1965e-05,12.7449,,0.522875,0.0135633,0.523051,,0.000469893,-0.000336674,0.0159081,fluid
269,0.0392703,0.273131,,1000.01,-0.000130484,10.7787,,0.51532,0.0125189,0.515472,,-0.000472248,7.80812e-05,0.0114453,fluid
270,-0.0392703,0.273131,,1000.01,8.07987e-05,16.8868,,0.506168,0.0173193,0.506465,,0.000101349,5.67324e-06,-0.00306563,fluid
271,-0.114629,0.251003,,1000.01,-8.79524e-07,19.9758,,0.504531,0.0149886,0.504754,,8.57231e-05,-1.466e-05,0.0114424,fluid
272,-0.180702,0.208541,,1000.01,-1.19523e-06,22.9523,,0.495795,0.0130138,0.495966,,6.4955e-05,-2.98006e-05,-0.00952477,fluid
273,-0.232135,0.149184,,1000.01,1.55125e-05,24.1894,,0.492319,0.0107999,0.492438,,8.9571e-05,-1.58551e-05,0.041832,fluid
274,-0.264762,0.0777412,,1000.01,8.29362e-06,26.819,,0.495314,0.00461848,0.495335,,-2.37058e-05,2.4275e-05,-0.033603,fluid
275,-0.27594,3.37929e-17,,1000.01,-2.73182e-06,25.528,,0.482838,-7.55245e-15,0.482838,,-0.000169136,1.77061e-12,-1.61952e-14,fluid
276,-0.264762,-0.0777412,,1000.01,8.29355e-06,26.819,,0.495314,-0.00461848,0.495335,,-2.37058e-05,-2.4275e-05,0.033603,fluid
277,-0.232135,-0.149184,,1000.01,1.55125e-05,24.1894,,0.492319,-0.0107999,0.492438,,8.9571e-05,1.58551e-05,-0.041832,fluid
278,-0.180702,-0.208541,,1000.01,-1.19516e-06,22.9523,,0.495795,-0.0130138,0.495966,,6.4955e-05,2.98006e-05,0.00952477,fluid
279,-0.114629,-0.251003,,1000.01,-8.79474e-07,19.9758,,0.504531,-0.0149886,0.504754,,8.57231e-05,1.466e-05,-0.0114424,fluid
280,-0.0392703,-0.273131,,1000.01,8.07987e-05,16.8868,,0.506168,-0.0173193,0.506465,,0.000101349,-5.67324e-06,0.00306563,fluid
281,0.0392703,-0.273131,,1000.01,-0.000130484,10.7787,,0.51532,-0.0125189,0.515472,,-0.000472248,-7.80812e-05,-0.0114453,fluid
282,0.114629,-0.251003,,1000.01,-3.1965e-05,12.7449,,0.522875,-0.0135633,0.523051,,0.000469893,0.000336674,-0.0159081,fluid
283,0.180702,-0.208541,,1000,0.000125698,6.62216,,0.523542,-0.00661401,0.523584,,0.00020773,0.000137515,-0.0322674,fluid
284,0.232135,-0.149184,,1000,-9.5165e-06,0.0266012,,0.540157,-0.00499337,0.54018,,1.44001e-05,-0.000270188,0.612001,fluid
285,0.264762,-0.0777412,,999.999,6.23724e-05,-1.68482,,0.441047,0.0207997,0.441537,,-5.5652e-05,-0.000176567,1.35657,fluid
286,0.301524,0,,1000,2.51306e-05,0.713137,,0.338701,4.08569e-15,0.338701,,-6.6904e-05,-1.07921e-12,-1.2077e-13,fluid
287,0.28931,0.084949,,999.999,2.05563e-05,-1.79397,,0.449119,-0.0211019,0.449615,,-8.08453e-05,0.000197884,-1.16844,fluid
288,0.253658,0.163016,,1000,-0.000120633,4.66067,,0.540005,0.00480083,0.540027,,5.28452e-05,0.000144451,-0.483865,fluid
289,0.197456,0.227876,,1000,9.95741e-05,6.18382,,0.520171,0.00519193,0.520197,,-0.000616392,0.000700002,0.0425882,fluid
290,0.125257,0.274275,,1000.01,0.000182634,10.6628,,0.519407,0.0132861,0.519577,,0.000336854,-0.000211763,0.00469389,fluid
291,0.0429113,0.298454,,1000.01,-0.000138029,13.9633,,0.516497,0.0106824,0.516607,,3.19326e-05,-5.72941e-05,0.0133285,fluid
292,-0.0429113,0.298454,,1000.01,-1.0527e-05,16.0208,,0.506038,0.0151933,0.506266,,-0.000235406,-3.54321e-05,-0.00521652,fluid
293,-0.125257,0.274275,,1000.01,6.45753e-05,18.9575,,0.503939,0.0132532,0.504114,,6.19283e-05,7.83693e-07,0.0105118,fluid
294,-0.197456,0.227876,,1000.01,-1.32352e-05,22.6262,,0.497222,0.0116512,0.497359,,7.98787e-05,-7.39904e-06,-0.0124609,fluid
295,-0.253658,0.163016,,1000.01,1.31508e-05,23.1477,,0.492709,0.00955282,0.492802,,8.52065e-05,-2.33023e-05,0.0364425,fluid
296,-0.28931,0.084949,,1000.01,1.3002e-05,25.9888,,0.496513,0.0042156,0.496531,,-1.78499e-05,3.50249e-05,-0.0240064,fluid
297,-0.301524,3.6926e-17,,1000.01,-3.538e-06,24.4472,,0.485036,-7.57463e-15,0.485036,,-0.000142811,1.82471e-12,-1.30927e-14,fluid
298,-0.28931,-0.084949,,1000.01,1.30019e-05,25.9888,,0.496513,-0.0042156,0.496531,,-1.78499e-05,-3.50249e-05,0.0240064,fluid
299,-0.253658,-0.163016,,1000.01,1.31509e-05,23.1477,,0.492709,-0.00955282,0.492802,,8.52065e-05,2.33023e-05,-0.0364425,fluid
300,-0.197456,-0.227876,,1000.01,-1.32352e-05,22.6262,,0.497222,-0.0116512,0.497359,,7.98787e-05,7.39904e-06,0.0124609,fluid
301,-0.125257,-0.274275,,1000.01,6.45753e-05,18.9575,,0.503939,-0.0132532,0.504114,,6.19283e-05,-7.83695e-07,-0.0105118,fluid
302,-0.0429113,-0.298454,,1000.01,-1.0527e-05,16.0208,,0.506038,-0.0151933,0.506266,,-0.000235406,3.54321e-05,0.00521652,fluid
303,0.0429113,-0.298454,,1000.01,-0.000138029,13.9633,,0.516497,-0.0106824,0.516607,,3.19326e-05,5.72941e-05,-0.0133285,fluid
304,0.125257,-0.274275,,1000.01,0.000182633,10.6628,,0.519407,-0.0132861,0.519577,,0.000336854,0.000211763,-0.00469389,fluid
305,0.197456,-0.227876,,1000,9.95741e-05,6.18382,,0.520171,-0.00519193,0.520197,,-0.000616392,-0.000700002,-0.0425882,fluid
306,0.253658,-0.163016,,1000,-0.000120633,4.66067,,0.540005,-0.00480083,0.540027,,5.28452e-05,-0.000144451,0.483865,fluid
307,0.28931,-0.084949,,999.999,2.05563e-05,-1.79397,,0.449119,0.0211019,0.449615,,-8.08453e-05,-0.000197884,1.16844,fluid
308,0.328403,0,,1000,2.53118e-05,1.72648,,0.351754,3.98771e-15,0.351754,,-9.80876e-05,-1.10925e-12,-9.37567e-14,fluid
309,0.315101,0.0925219,,1000,-1.8916e-05,5.82138,,0.45731,-0.0183814,0.45768,,7.01602e-06,-5.78859e-06,-1.00793,fluid
310,0.27627,0.177548,,1000.01,2.4814e-05,11.644,,0.538785,0.00627199,0.538821,,0.000194569,-0.000145565,-0.386183,fluid
311,0.215058,0.248191,,1000.01,-4.04312e-05,10.7103,,0.523025,-0.000345,0.523025,,-0.000426834,0.000467975,0.0517462,fluid
312,0.136424,0.298726,,1000,5.97236e-05,9.19603,,0.517295,0.0123737,0.517443,,-0.00012078,7.43194e-05,-0.00406754,fluid
313,0.0467366,0.325061,,1000.01,3.77082e-05,15.676,,0.515005,0.00965196,0.515095,,0.000311831,-0.000112826,0.0149892,fluid
314,-0.0467366,0.325061,,1000.01,-3.69522e-05,17.2466,,0.507943,0.0137215,0.508129,,-0.000138771,-3.03689e-05,-0.00372605,fluid
315,-0.136424,0.298726,,1000.01,3.43895e-05,17.7594,,0.503713,0.0117602,0.503851,,-3.04358e-05,-1.79487e-05,0.0107701,fluid
316,-0.215058,0.248191,,1000.01,6.75463e-06,22.4101,,0.498337,0.0103156,0.498444,,8.04947e-05,6.92564e-06,-0.0136527,fluid
317,-0.27627,0.177548,,1000.01,6.33128e-06,22.5775,,0.493156,0.00842331,0.493228,,8.34582e-05,-2.4734e-05,0.0304783,fluid
318,-0.315101,0.0925219,,1000.01,1.21118e-05,25.3894,,0.497376,0.003835,0.497391,,-8.43259e-06,5.22821e-05,-0.0163399,fluid
319,-0.328403,4.02178e-17,,1000.01,-1.09957e-06,23.8846,,0.487078,-6.21292e-15,0.487078,,-0.000119761,1.77126e-12,-9.49279e-15,fluid
320,-0.315101,-0.0925219,,1000.01,1.21118e-05,25.3894,,0.497376,-0.003835,0.497391,,-8.43259e-06,-5.22821e-05,0.0163399,fluid
321,-0.27627,-0.177548,,1000.01,6.33126e-06,22.5775,,0.493156,-0.00842331,0.493228,,8.34582e-05,2.4734e-05,-0.0304783,fluid
322,-0.215058,-0.248191,,1000.01,6.75464e-06,22.4101,,0.498337,-0.0103156,0.498444,,8.04947e-05,-6.92564e-06,0.0136527,fluid
323,-0.136424,-0.298726,,1000.01,3.43895e-05,17.7594,,0.503713,-0.0117602,0.503851,,-3.04358e-05,1.79487e-05,-0.0107701,fluid
324,-0.0467366,-0.325061,,1000.01,-3.69523e-05,17.2466,,0.507943,-0.0137215,0.508129,,-0.000138771,3.03689e-05,0.00372605,fluid
325,0.0467366,-0.325061,,1000.01,3.77082e-05,15.676,,0.515005,-0.00965196,0.515095,,0.000311831,0.000112826,-0.0149892,fluid
326,0.136424,-0.298726,,1000,5.97235e-05,9.19603,,0.517295,-0.0123737,0.517443,,-0.00012078,-7.43194e-05,0.00406754,fluid
327,0.215058,-0.248191,,1000.01,-4.04312e-05,10.7103,,0.523025,0.000345,0.523025,,-0.000426834,-0.000467975,-0.0517462,fluid
328,0.27627,-0.177548,,1000.01,2.4814e-05,11.644,,0.538785,-0.00627199,0.538821,,0.000194569,0.000145565,0.386183,fluid
329,0.315101,-0.0925219,,1000,-1.8916e-05,5.82138,,0.45731,0.0183814,0.45768,,7.01602e-06,5.78859e-06,1.00793,fluid
330,0.356644,0,,999.998,1.67444e-05,-4.08139,,0.361634,3.87173e-15,0.361634,,-6.72474e-05,-9.33232e-13,-7.16195e-14,fluid
331,0.342197,0.100478,,1000,-1.25431e-05,9.52726,,0.463272,-0.016458,0.463565,,0.000120126,-0.000227784,-0.869216,fluid
332,0.300028,0.192816,,1000,9.38781e-05,7.28243,,0.53684,0.00677094,0.536883,,0.000193949,-0.000209716,-0.311133,fluid
333,0.233552,0.269534,,1000.01,-7.92215e-05,12.8676,,0.522635,-0.00262314,0.522642,,0.000375293,-0.000315446,0.057052,fluid
334,0.148155,0.324415,,1000.01,-7.66487e-05,11.788,,0.517824,0.010405,0.517928,,-0.000452563,0.000231224,-0.00730206,fluid
335,0.0507557,0.353014,,1000.01,0.0001195,13.5674,,0.512589,0.00865294,0.512662,,-7.78965e-05,-7.8236e-06,0.0151113,fluid
336,-0.0507557,0.353014,,1000.01,1.59262e-05,18.2622,,0.508636,0.0123697,0.508786,,9.63937e-05,1.15014e-06,-0.0014746,fluid
337,-0.148155,0.324415,,1000.01,-1.79065e-05,17.7258,,0.503947,0.0106601,0.504059,,-8.38159e-05,-3.51733e-05,0.012105,fluid
338,-0.233552,0.269534,,1000.01,1.98442e-05,21.9029,,0.499307,0.00911882,0.49939,,4.01234e-05,-7.68917e-06,-0.0135228,fluid
339,-0.300028,0.192816,,1000.01,6.99908e-06,22.0738,,0.49368,0.00745851,0.493736,,8.2427e-05,-1.86006e-05,0.0245239,fluid
340,-0.342197,0.100478,,1000.01,7.25084e-06,24.7103,,0.497975,0.00347919,0.497987,,-9.80491e-06,3.44978e-05,-0.0104425,fluid
341,-0.356644,4.36763e-17,,1000.01,3.02027e-06,23.3228,,0.488933,-5.21229e-15,0.488933,,-9.89941e-05,1.68533e-12,-6.91369e-15,fluid
342,-0.342197,-0.100478,,1000.01,7.25079e-06,24.7103,,0.497975,-0.00347919,0.497987,,-9.80491e-06,-3.44978e-05,0.0104425,fluid
343,-0.300028,-0.192816,,1000.01,6.99911e-06,22.0738,,0.49368,-0.00745851,0.493736,,8.2427e-05,1.86006e-05,-0.0245239,fluid
344,-0.233552,-0.269534,,1000.01,1.98442e-05,21.9029,,0.499307,-0.00911882,0.49939,,4.01234e-05,7.68917e-06,0.0135228,fluid
345,-0.148155,-0.324415,,1000.01,-1.79065e-05,17.7258,,0.503947,-0.0106601,0.504059,,-8.38159e-05,3.51733e-05,-0.012105,fluid
346,-0.0507557,-0.353014,,1000.01,1.59262e-05,18.2622,,0.508636,-0.0123697,0.508786,,9.63937e-05,-1.15014e-06,0.0014746,fluid
347,0.0507557,-0.353014,,1000.01,0.0001195,13.5674,,0.512589,-0.00865294,0.512662,,-7.78965e-05,7.8236e-06,-0.0151113,fluid
348,0.148155,-0.324415,,1000.01,-7.66488e-05,11.788,,0.517824,-0.010405,0.517928,,-0.000452563,-0.000231224,0.00730206,fluid
349,0.233552,-0.269534,,1000.01,-7.92216e-05,12.8676,,0.522635,0.00262314,0.522642,,0.000375293,0.000315446,-0.057052,fluid
350,0.300028,-0.192816,,1000,9.38782e-05,7.28243,,0.53684,-0.00677094,0.536883,,0.000193949,0.000209716,0.311133,fluid
351,0.342197,-0.100478,,1000,-1.25431e-05,9.52726,,0.463272,0.016458,0.463565,,0.000120126,0.000227784,0.869216,fluid
352,0.386315,0,,999.998,-4.22016e-06,-3.94376,,0.373298,3.95955e-15,0.373298,,9.38833e-06,-7.4255e-13,-5.40923e-14,fluid
353,0.370667,0.108838,,1000,2.49903e-05,4.96276,,0.467291,-0.0180066,0.467638,,0.000192533,-0.000270655,-0.747279,fluid
354,0.324989,0.208858,,1000,-1.18331e-05,-0.617701,,0.535394,0.00478813,0.535415,,0.000143302,-0.000191745,-0.251472,fluid
355,0.252983,0.291957,,1000,-5.00383e-05,9.1266,,0.516229,9.26803e-05,0.516229,,0.000275872,-0.000370777,0.0531226,fluid
356,0.160481,0.351404,,1000.01,-9.21245e-06,14.0888,,0.51869,0.00858764,0.518761,,-0.000412554,0.000186489,-0.00684301,fluid
357,0.0549784,0.382383,,1000.01,3.07649e-05,11.1863,,0.511534,0.0073111,0.511587,,-0.000324201,6.34059e-05,0.0155422,fluid
358,-0.0549784,0.382383,,1000.01,4.10374e-05,17.4098,,0.50721,0.0108114,0.507326,,5.4672e-05,5.15846e-06,-0.00117203,fluid
359,-0.160481,0.351404,,1000.01,-7.9286e-06,18.1947,,0.504002,0.00970396,0.504096,,-4.12619e-05,-1.11422e-05,0.0134657,fluid
360,-0.252983,0.291957,,1000.01,1.07536e-05,21.2169,,0.500283,0.00816425,0.50035,,2.07023e-06,-2.21349e-05,-0.0122245,fluid
361,-0.324989,0.208858,,1000.01,1.41324e-05,21.4864,,0.494225,0.00657631,0.494269,,7.51702e-05,-1.51376e-05,0.0190084,fluid
362,-0.370667,0.108838,,1000.01,4.83075e-06,23.9473,,0.498406,0.00321786,0.498416,,-6.75246e-06,2.9915e-05,-0.00599984,fluid
363,-0.386315,4.73099e-17,,1000.01,3.37211e-06,22.6442,,0.490598,-4.3523e-15,0.490598,,-8.06515e-05,1.56078e-12,-5.50723e-15,fluid
364,-0.370667,-0.108838,,1000.01,4.83075e-06,23.9473,,0.498406,-0.00321786,0.498416,,-6.75246e-06,-2.9915e-05,0.00599984,fluid
365,-0.324989,-0.208858,,1000.01,1.41325e-05,21.4864,,0.494225,-0.00657631,0.494269,,7.51702e-05,1.51376e-05,-0.0190084,fluid
366,-0.252983,-0.291957,,1000.01,1.07537e-05,21.2169,,0.500283,-0.00816425,0.50035,,2.07023e-06,2.21349e-05,0.0122245,fluid
367,-0.160481,-0.351404,,1000.01,-7.92861e-06,18.1947,,0.504002,-0.00970396,0.504096,,-4.12619e-05,1.11422e-05,-0.0134657,fluid
368,-0.0549784,-0.382383,,1000.01,4.10373e-05,17.4098,,0.50721,-0.0108114,0.507326,,5.4672e-05,-5.15846e-06,0.00117203,fluid
369,0.0549784,-0.382383,,1000.01,3.07649e-05,11.1863,,0.511534,-0.0073111,0.511587,,-0.000324201,-6.34059e-05,-0.0155422,fluid
370,0.160481,-0.351404,,1000.01,-9.21248e-06,14.0888,,0.51869,-0.00858764,0.518761,,-0.000412554,-0.000186489,0.00684301,fluid
371,0.252983,-0.291957,,1000,-5.00384e-05,9.1266,,0.516229,-9.26803e-05,0.516229,,0.000275872,0.000370777,-0.0531226,fluid
372,0.324989,-0.208858,,1000,-1.1833e-05,-0.617701,,0.535394,-0.00478813,0.535415,,0.000143302,0.000191745,0.251472,fluid
373,0.370667,-0.108838,,1000,2.49903e-05,4.96276,,0.467291,0.0180066,0.467638,,0.000192533,0.000270655,0.747279,fluid
374,0.417489,0,,1000,-5.19299e-05,4.66969,,0.386991,3.4786e-15,0.386991,,6.64413e-05,-5.9423e-13,-4.06708e-14,fluid
375,0.400577,0.11762,,1000,5.25107e-05,3.24169,,0.472158,-0.0195101,0.472561,,0.000163296,-0.000118444,-0.642872,fluid
376,0.351214,0.225711,,1000,-5.59145e-05,4.39468,,0.534506,0.00318372,0.534515,,1.9487e-05,-3.34306e-05,-0.20381,fluid
377,0.273397,0.315517,,1000,-1.73047e-05,6.74932,,0.513244,0.000610681,0.513245,,-1.18655e-05,-0.000167454,0.0463152,fluid
378,0.173431,0.379761,,1000.01,5.9344e-05,13.1078,,0.518293,0.00749342,0.518347,,0.000309423,-0.000185163,-0.00581392,fluid
379,0.0594148,0.413239,,1000.01,-3.98115e-05,12.3976,,0.511923,0.00609775,0.511959,,-0.000145255,5.21289e-05,0.0172121,fluid
380,-0.0594148,0.413239,,1000.01,-6.70452e-07,16.1584,,0.506165,0.0093598,0.506251,,-0.000101114,-1.71431e-05,-0.00174774,fluid
381,-0.173431,0.379761,,1000.01,2.76214e-05,18.0548,,0.503354,0.00860951,0.503428,,-1.52554e-05,6.55702e-06,0.0139576,fluid
382,-0.273397,0.315517,,1000.01,-2.79714e-06,20.7148,,0.501134,0.00735268,0.501188,,-8.83632e-06,-1.95822e-05,-0.0100551,fluid
383,-0.351214,0.225711,,1000.01,1.85073e-05,20.9691,,0.494798,0.00578209,0.494831,,6.36747e-05,-1.35519e-05,0.0141825,fluid
384,-0.400577,0.11762,,1000.01,6.58504e-06,23.3322,,0.498691,0.00297215,0.4987,,-1.78739e-06,3.33825e-05,-0.00275108,fluid
385,-0.417489,5.11276e-17,,1000.01,2.71683e-06,22.1131,,0.49207,-4.44846e-15,0.49207,,-6.4956e-05,1.36515e-12,-5.0516e-15,fluid
386,-0.400577,-0.11762,,1000.01,6.58499e-06,23.3322,,0.498691,-0.00297215,0.4987,,-1.78739e-06,-3.33825e-05,0.00275108,fluid
387,-0.351214,-0.225711,,1000.01,1.85073e-05,20.9691,,0.494798,-0.00578209,0.494831,,6.36747e-05,1.35519e-05,-0.0141825,fluid
388,-0.273397,-0.315517,,1000.01,-2.79711e-06,20.7148,,0.501134,-0.00735268,0.501188,,-8.83633e-06,1.95822e-05,0.0100551,fluid
389,-0.173431,-0.379761,,1000.01,2.76214e-05,18.0548,,0.503354,-0.00860951,0.503428,,-1.52554e-05,-6.55702e-06,-0.0139576,fluid
390,-0.0594148,-0.413239,,1000.01,-6.70479e-07,16.1584,,0.506165,-0.0093598,0.506251,,-0.000101114,1.71431e-05,0.00174774,fluid
391,0.0594148,-0.413239,,1000.01,-3.98115e-05,12.3976,,0.511923,-0.00609775,0.511959,,-0.000145255,-5.21289e-05,-0.0172121,fluid
392,0.173431,-0.379761,,1000.01,5.9344e-05,13.1078,,0.518293,-0.00749342,0.518347,,0.000309423,0.000185163,0.00581392,fluid
393,0.273397,-0.315517,,1000,-1.73048e-05,6.74932,,0.513244,-0.000610681,0.513245,,-1.18655e-05,0.000167454,-0.0463152,fluid
394,0.351214,-0.225711,,1000,-5.59144e-05,4.39468,,0.534506,-0.00318372,0.534515,,1.9487e-05,3.34306e-05,0.20381,fluid
395,0.400577,-0.11762,,1000,5.25107e-05,3.24169,,0.472158,0.0195101,0.472561,,0.000163296,0.000118444,0.642872,fluid
396,0.450241,0,,1000,-7.39901e-06,8.96666,,0.39762,2.55665e-15,0.39762,,0.000108519,-5.1059e-13,-3.03986e-14,fluid
397,0.432003,0.126847,,1000,1.01781e-05,9.05903,,0.477556,-0.0171206,0.477863,,2.90956e-05,8.94761e-05,-0.556802,fluid
398,0.378767,0.243419,,1000.01,4.74036e-05,16.6783,,0.533329,0.00385385,0.533343,,-0.000136333,0.000250772,-0.166989,fluid
399,0.294845,0.340269,,1000.01,5.06257e-05,10.4814,,0.514877,-0.00200047,0.51488,,-0.000337858,0.00020496,0.0434342,fluid
400,0.187037,0.409553,,1000.01,1.0167e-05,11.7783,,0.514815,0.00770362,0.514873,,0.00015266,-0.000129407,-0.00619994,fluid
401,0.0640759,0.445658,,1000.01,-7.74015e-06,15.3963,,0.511975,0.0053716,0.512003,,0.000201158,-7.07495e-06,0.0186197,fluid
402,-0.0640759,0.445658,,1000.01,-3.18625e-05,16.4226,,0.506872,0.00830789,0.50694,,-8.78746e-05,-2.68519e-05,-0.00119076,fluid
403,-0.187037,0.409553,,1000.01,3.40775e-05,17.5195,,0.502872,0.00767933,0.502931,,-3.31969e-05,5.11723e-06,0.0138302,fluid
404,-0.294845,0.340269,,1000.01,-3.45026e-06,20.5093,,0.501759,0.00661638,0.501802,,-1.04818e-06,-5.31803e-06,-0.00744521,fluid
405,-0.378767,0.243419,,1000.01,1.54859e-05,20.6311,,0.495373,0.00505514,0.495398,,4.56906e-05,-2.33599e-05,0.0101557,fluid
406,-0.432003,0.126847,,1000.01,8.48181e-06,22.9004,,0.498863,0.00271275,0.49887,,6.76189e-07,3.37895e-05,-0.000486574,fluid
407,-0.450241,5.51386e-17,,1000.01,4.85809e-06,21.8207,,0.493353,-3.84524e-15,0.493353,,-5.15342e-05,1.1323e-12,-5.24078e-15,fluid
408,-0.432003,-0.126847,,1000.01,8.48177e-06,22.9004,,0.498863,-0.00271275,0.49887,,6.76188e-07,-3.37895e-05,0.000486574,fluid
409,-0.378767,-0.243419,,1000.01,1.54859e-05,20.6311,,0.495373,-0.00505514,0.495398,,4.56906e-05,2.33599e-05,-0.0101557,fluid
410,-0.294845,-0.340269,,1000.01,-3.45023e-06,20.5093,,0.501759,-0.00661638,0.501802,,-1.04818e-06,5.31803e-06,0.00744521,fluid
411,-0.187037,-0.409553,,1000.01,3.40775e-05,17.5195,,0.502872,-0.00767933,0.502931,,-3.31969e-05,-5.11723e-06,-0.0138302,fluid
412,-0.0640759,-0.445658,,1000.01,-3.18625e-05,16.4226,,0.506872,-0.00830789,0.50694,,-8.78746e-05,2.68519e-05,0.00119076,fluid
413,0.0640759,-0.445658,,1000.01,-7.74016e-06,15.3963,,0.511975,-0.0053716,0.512003,,0.000201158,7.07495e-06,-0.0186197,fluid
414,0.187037,-0.409553,,1000.01,1.01671e-05,11.7783,,0.514815,-0.00770362,0.514873,,0.00015266,0.000129407,0.00619994,fluid
415,0.294845,-0.340269,,1000.01,5.06257e-05,10.4814,,0.514877,0.00200047,0.51488,,-0.000337858,-0.00020496,-0.0434342,fluid
416,0.378767,-0.243419,,1000.01,4.74036e-05,16.6783,,0.533329,-0.00385385,0.533343,,-0.000136333,-0.000250772,0.166989,fluid
417,0.432003,-0.126847,,1000,1.01781e-05,9.05903,,0.477556,0.0171206,0.477863,,2.90956e-05,-8.94761e-05,0.556802,fluid
418,0.484652,0,,999.998,6.17704e-05,-4.14357,,0.402496,1.83858e-15,0.402496,,8.60023e-05,-5.09826e-13,-2.2984e-14,fluid
419,0.46502,0.136542,,1000.01,-2.41454e-06,13.1298,,0.481033,-0.013659,0.481226,,-7.53312e-05,0.000210146,-0.484023,fluid
420,0.407715,0.262022,,1000.01,0.000110471,16.303,,0.531033,0.00507561,0.531057,,-0.000221899,0.000445619,-0.138637,fluid
421,0.317379,0.366275,,1000.01,0.000105092,14.8111,,0.517882,-0.00551264,0.517912,,-2.88091e-05,4.46115e-05,0.0433894,fluid
422,0.201332,0.440855,,1000.01,-6.38925e-05,12.7919,,0.513546,0.00675391,0.513591,,-5.74764e-05,-4.52479e-05,-0.00635572,fluid
423,0.0689731,0.479719,,1000.01,2.79346e-05,15.7667,,0.510119,0.00498261,0.510143,,0.000127645,-1.24442e-05,0.0178919,fluid
424,-0.0689731,0.479719,,1000.01,-4.58136e-06,17.5027,,0.507728,0.0074493,0.507783,,-5.94326e-06,-2.20178e-05,0.000237399,fluid
425,-0.201332,0.440855,,1000.01,1.29797e-05,17.2371,,0.502707,0.00693429,0.502755,,-5.13098e-05,-4.35936e-06,0.0134788,fluid
426,-0.317379,0.366275,,1000.01,7.54607e-06,20.325,,0.502131,0.00589401,0.502165,,-9.60515e-06,-3.05996e-06,-0.00479104,fluid
427,-0.407715,0.262022,,1000.01,1.03301e-05,20.3226,,0.495977,0.00442766,0.495997,,3.53211e-05,-2.40576e-05,0.00697655,fluid
428,-0.46502,0.136542,,1000.01,7.13544e-06,22.4157,,0.498985,0.00247049,0.498991,,-2.34129e-07,2.67426e-05,0.00102204,fluid
429,-0.484652,5.93527e-17,,1000.01,7.39102e-06,21.5213,,0.494474,-3.59742e-15,0.494474,,-3.97743e-05,9.45705e-13,-6.35925e-15,fluid
430,-0.46502,-0.136542,,1000.01,7.13541e-06,22.4157,,0.498985,-0.00247049,0.498991,,-2.34129e-07,-2.67426e-05,-0.00102204,fluid
431,-0.407715,-0.262022,,1000.01,1.03301e-05,20.3226,,0.495977,-0.00442766,0.495997,,3.53211e-05,2.40576e-05,-0.00697655,fluid
432,-0.317379,-0.366275,,1000.01,7.54613e-06,20.325,,0.502131,-0.00589401,0.502165,,-9.60515e-06,3.05996e-06,0.00479104,fluid
433,-0.201332,-0.440855,,1000.01,1.29797e-05,17.2371,,0.502707,-0.00693429,0.502755,,-5.13098e-05,4.35936e-06,-0.0134788,fluid
434,-0.0689731,-0.479719,,1000.01,-4.58137e-06,17.5027,,0.507728,-0.0074493,0.507783,,-5.94326e-06,2.20178e-05,-0.000237399,fluid
435,0.0689731,-0.479719,,1000.01,2.79346e-05,15.7667,,0.510119,-0.00498261,0.510143,,0.000127645,1.24442e-05,-0.0178919,fluid
436,0.201332,-0.440855,,1000.01,-6.38925e-05,12.7919,,0.513546,-0.00675391,0.513591,,-5.74764e-05,4.52479e-05,0.00635572,fluid
437,0.317379,-0.366275,,1000.01,0.000105092,14.8111,,0.517882,0.00551264,0.517912,,-2.88091e-05,-4.46115e-05,-0.0433894,fluid
438,0.407715,-0.262022,,1000.01,0.000110471,16.303,,0.531033,-0.00507561,0.531057,,-0.000221899,-0.000445619,0.138637,fluid
439,0.46502,-0.136542,,1000.01,-2.41451e-06,13.1298,,0.481033,0.013659,0.481226,,-7.53312e-05,-0.000210146,0.484023,fluid
440,0.520805,0,,999.993,8.39776e-05,-12.8541,,0.409179,1.86875e-15,0.409179,,2.85583e-05,-5.79513e-13,-1.80339e-14,fluid
441,0.499709,0.146728,,1000,2.38562e-05,8.43142,,0.482712,-0.014632,0.482933,,-8.30081e-05,0.0001106,-0.417986,fluid
442,0.438129,0.281568,,1000,1.37559e-05,2.60109,,0.528762,0.00349316,0.528774,,-0.000115874,0.000251723,-0.114607,fluid
443,0.341055,0.393598,,1000.01,5.6575e-05,12.6349,,0.514933,-0.00452064,0.514953,,0.000109253,8.47964e-06,0.0401925,fluid
444,0.21635,0.473741,,1000.01,-2.08916e-05,14.0473,,0.514196,0.00499355,0.51422,,-3.1109e-05,-4.03707e-05,-0.00516206,fluid
445,0.0741183,0.515504,,1000.01,2.06795e-05,12.9155,,0.508146,0.00436614,0.508165,,-0.000141822,1.97694e-05,0.0156795,fluid
446,-0.0741183,0.515504,,1000.01,3.07636e-05,17.4271,,0.507549,0.0065307,0.507591,,9.8839e-05,-9.82673e-07,0.00113904,fluid
447,-0.21635,0.473741,,1000.01,-5.83963e-06,17.1818,,0.502419,0.00618546,0.502457,,-4.06388e-05,-9.8735e-06,0.0128239,fluid
448,-0.341055,0.393598,,1000.01,1.40444e-05,19.8751,,0.502409,0.00526065,0.502436,,-1.44779e-05,1.91509e-06,-0.00230092,fluid
449,-0.438129,0.281568,,1000.01,8.21046e-06,19.9025,,0.496593,0.00388144,0.496608,,2.99298e-05,-1.99097e-05,0.00460282,fluid
450,-0.499709,0.146728,,1000.01,6.24143e-06,21.7715,,0.49909,0.00224124,0.499096,,-4.30892e-07,2.59818e-05,0.00198557,fluid
451,-0.520805,6.37802e-17,,1000.01,6.24617e-06,21.0259,,0.495462,-4.89955e-15,0.495462,,-2.87051e-05,8.52052e-13,-8.49938e-15,fluid
452,-0.499709,-0.146728,,1000.01,6.24144e-06,21.7715,,0.49909,-0.00224124,0.499096,,-4.30892e-07,-2.59818e-05,-0.00198557,fluid
453,-0.438129,-0.281568,,1000.01,8.21048e-06,19.9025,,0.496593,-0.00388144,0.496608,,2.99298e-05,1.99097e-05,-0.00460282,fluid
454,-0.341055,-0.393598,,1000.01,1.40444e-05,19.8751,,0.502409,-0.00526065,0.502436,,-1.44779e-05,-1.91509e-06,0.00230092,fluid
455,-0.21635,-0.473741,,1000.01,-5.83964e-06,17.1818,,0.502419,-0.00618546,0.502457,,-4.06388e-05,9.8735e-06,-0.0128239,fluid
456,-0.0741183,-0.515504,,1000.01,3.07635e-05,17.4271,,0.507549,-0.0065307,0.507591,,9.8839e-05,9.82674e-07,-0.00113904,fluid
457,0.0741183,-0.515504,,1000.01,2.06794e-05,12.9155,,0.508146,-0.00436614,0.508165,,-0.000141822,-1.97694e-05,-0.0156795,fluid
458,0.21635,-0.473741,,1000.01,-2.08917e-05,14.0473,,0.514196,-0.00499355,0.51422,,-3.1109e-05,4.03707e-05,0.00516206,fluid
459,0.341055,-0.393598,,1000.01,5.6575e-05,12.6349,,0.514933,0.00452064,0.514953,,0.000109253,-8.47964e-06,-0.0401925,fluid
460,0.438129,-0.281568,,1000,1.37558e-05,2.60109,,0.528762,-0.00349316,0.528774,,-0.000115874,-0.000251723,0.114607,fluid
461,0.499709,-0.146728,,1000,2.38562e-05,8.43142,,0.482712,0.014632,0.482933,,-8.30081e-05,-0.0001106,0.417986,fluid
462,0.558789,0,,1000,-2.66322e-05,7.60731,,0.423838,1.24919e-15,0.423838,,3.01422e-05,-6.5655e-13,-1.44629e-14,fluid
463,0.536154,0.157429,,1000,4.08878e-05,5.30816,,0.486131,-0.0191271,0.486507,,-1.35061e-05,-0.000115588,-0.357422,fluid
464,0.470084,0.302104,,999.999,-0.000103723,-2.13594,,0.527784,0.000183754,0.527784,,0.000224682,-0.000415771,-0.0931173,fluid
465,0.365929,0.422305,,1000,-6.66189e-05,7.09119,,0.509742,-0.00174237,0.509745,,-0.000215876,0.000262923,0.0335379,fluid
466,0.232129,0.508293,,1000.01,8.12072e-05,13.8237,,0.514591,0.00365364,0.514604,,4.75162e-05,-2.35952e-05,-0.00336153,fluid
467,0.079524,0.553102,,1000.01,-3.09978e-06,10.9361,,0.507726,0.00352741,0.507738,,-0.000135103,1.11435e-05,0.0141268,fluid
468,-0.079524,0.553102,,1000.01,3.09323e-05,16.21,,0.506135,0.00548621,0.506165,,0.000101968,1.01314e-05,0.000945933,fluid
469,-0.232129,0.508293,,1000.01,-3.11457e-06,17.0824,,0.502055,0.00547714,0.502085,,-1.46416e-05,-1.1103e-05,0.0118631,fluid
470,-0.365929,0.422305,,1000.01,9.59352e-06,19.2817,,0.502559,0.00466899,0.502581,,-1.70404e-05,4.78263e-06,-0.00011238,fluid
471,-0.470084,0.302104,,1000.01,9.14569e-06,19.5167,,0.497178,0.00340286,0.49719,,2.27397e-05,-1.93941e-05,0.00292436,fluid
472,-0.536154,0.157429,,1000.01,8.44145e-06,21.1772,,0.499175,0.0020178,0.499179,,-2.32002e-06,2.2069e-05,0.00254925,fluid
473,-0.558789,6.8432e-17,,1000.01,3.09584e-06,20.5339,,0.496311,-4.0152e-15,0.496311,,-1.84173e-05,8.09698e-13,-9.6447e-15,fluid
474,-0.536154,-0.157429,,1000.01,8.44146e-06,21.1772,,0.499175,-0.0020178,0.499179,,-2.32002e-06,-2.2069e-05,-0.00254925,fluid
475,-0.470084,-0.302104,,1000.01,9.14568e-06,19.5167,,0.497178,-0.00340286,0.49719,,2.27397e-05,1.93941e-05,-0.00292436,fluid
476,-0.365929,-0.422305,,1000.01,9.59353e-06,19.2817,,0.502559,-0.00466899,0.502581,,-1.70404e-05,-4.78263e-06,0.00011238,fluid
477,-0.232129,-0.508293,,1000.01,-3.11454e-06,17.0824,,0.502055,-0.00547714,0.502085,,-1.46416e-05,1.1103e-05,-0.0118631,fluid
478,-0.079524,-0.553102,,1000.01,3.09323e-05,16.21,,0.506135,-0.00548621,0.506165,,0.000101968,-1.01314e-05,-0.000945933,fluid
479,0.079524,-0.553102,,1000.01,-3.09983e-06,10.9361,,0.507726,-0.00352741,0.507738,,-0.000135103,-1.11435e-05,-0.0141268,fluid
480,0.232129,-0.508293,,1000.01,8.12072e-05,13.8237,,0.514591,-0.00365364,0.514604,,4.75162e-05,2.35952e-05,0.00336153,fluid
481,0.365929,-0.422305,,1000,-6.66189e-05,7.09119,,0.509742,0.00174237,0.509745,,-0.000215876,-0.000262923,-0.0335379,fluid
482,0.470084,-0.302104,,999.999,-0.000103723,-2.13594,,0.527784,-0.000183754,0.527784,,0.000224682,0.000415771,0.0931173,fluid
483,0.536154,-0.157429,,1000,4.08878e-05,5.30816,,0.486131,0.0191271,0.486507,,-1.35061e-05,0.000115588,0.357422,fluid
484,0.598697,0,,1000.01,-8.0945e-05,21.8464,,0.434824,4.38974e-16,0.434824,,9.17859e-05,-6.70782e-13,-1.10691e-14,fluid
485,0.574446,0.168673,,1000.01,2.45404e-05,10.2034,,0.491223,-0.02095,0.49167,,0.000148696,-0.000285225,-0.305723,fluid
486,0.503656,0.32368,,1000.01,-6.43769e-05,13.5252,,0.526784,0.000283845,0.526784,,0.000240888,-0.000572941,-0.0764717,fluid
487,0.392063,0.452465,,1000,-9.55414e-05,7.34898,,0.508776,-0.00169477,0.508779,,-0.000291254,0.000242909,0.0287567,fluid
488,0.248708,0.544594,,1000.01,9.16902e-05,13.9007,,0.513275,0.00333109,0.513286,,0.000146912,-1.56692e-05,-0.00233527,fluid
489,0.0852035,0.592603,,1000.01,-1.71776e-05,13.138,,0.508005,0.0029943,0.508014,,6.48465e-06,-2.72299e-05,0.0140168,fluid
490,-0.0852035,0.592603,,1000.01,3.75171e-06,15.7689,,0.505513,0.00466232,0.505535,,-5.28895e-05,-1.00947e-05,0.000707052,fluid
491,-0.248708,0.544594,,1000.01,1.15499e-05,16.9949,,0.501823,0.00490145,0.501846,,1.80162e-05,-3.51367e-06,0.0108516,fluid
492,-0.392063,0.452465,,1000.01,2.35254e-06,18.9394,,0.50256,0.00411795,0.502577,,-2.07503e-05,7.8333e-07,0.00168865,fluid
493,-0.503656,0.32368,,1000.01,1.0721e-05,19.3862,,0.497697,0.00299071,0.497706,,1.97844e-05,-1.16274e-05,0.0018324,fluid
494,-0.574446,0.168673,,1000.01,1.04064e-05,20.8641,,0.499226,0.00181586,0.49923,,-2.94782e-06,2.40503e-05,0.00281577,fluid
495,-0.598697,7.33193e-17,,1000.01,3.38198e-06,20.341,,0.497006,-2.32578e-15,0.497006,,-9.96841e-06,7.21304e-13,-8.96357e-15,fluid
496,-0.574446,-0.168673,,1000.01,1.04064e-05,20.8641,,0.499226,-0.00181586,0.49923,,-2.94782e-06,-2.40503e-05,-0.00281577,fluid
497,-0.503656,-0.32368,,1000.01,1.0721e-05,19.3862,,0.497697,-0.00299071,0.497706,,1.97844e-05,1.16274e-05,-0.0018324,fluid
498,-0.392063,-0.452465,,1000.01,2.35254e-06,18.9394,,0.50256,-0.00411795,0.502577,,-2.07503e-05,-7.8333e-07,-0.00168865,fluid
499,-0.248708,-0.544594,,1000.01,1.15498e-05,16.9949,,0.501823,-0.00490145,0.501846,,1.80162e-05,3.51367e-06,-0.0108516,fluid
500,-0.0852035,-0.592603,,1000.01,3.75167e-06,15.7689,,0.505513,-0.00466232,0.505535,,-5.28895e-05,1.00947e-05,-0.000707052,fluid
501,0.0852035,-0.592603,,1000.01,-1.71776e-05,13.138,,0.508005,-0.0029943,0.508014,,6.48465e-06,2.72299e-05,-0.0140168,fluid
502,0.248708,-0.544594,,1000.01,9.16902e-05,13.9007,,0.513275,-0.00333109,0.513286,,0.000146912,1.56692e-05,0.00233527,fluid
503,0.392063,-0.452465,,1000,-9.55414e-05,7.34898,,0.508776,0.00169477,0.508779,,-0.000291254,-0.000242909,-0.0287567,fluid
504,0.503656,-0.32368,,1000.01,-6.43769e-05,13.5252,,0.526784,-0.000283845,0.526784,,0.000240888,0.000572941,0.0764717,fluid
505,0.574446,-0.168673,,1000.01,2.45405e-05,10.2034,,0.491223,0.02095,0.49167,,0.000148696,0.000285225,0.305723,fluid
506,0.640626,0,,999.997,-7.3506e-06,-6.70416,,0.43528,-2.48615e-16,0.43528,,7.49646e-05,-6.00716e-13,-8.11108e-15,fluid
507,0.614676,0.180485,,1000.01,-4.23901e-05,12.8206,,0.492881,-0.016082,0.493144,,0.00016151,-0.000113099,-0.265414,fluid
508,0.538929,0.346349,,1000.01,5.92733e-05,27.8468,,0.525226,0.00186285,0.525229,,0.000107593,-0.000359792,-0.0652517,fluid
509,0.419521,0.484153,,1000.01,-3.62298e-05,13.8435,,0.512858,-0.00532043,0.512886,,6.4425e-05,-0.000153689,0.0287959,fluid
510,0.266126,0.582734,,1000.01,8.81015e-06,15.2307,,0.510778,0.00344079,0.51079,,-2.54143e-05,7.84623e-05,-0.0025289,fluid
511,0.0911706,0.634105,,1000.01,4.09625e-06,16.8054,,0.508257,0.00275197,0.508264,,0.000249289,-6.64278e-05,0.014472,fluid
512,-0.0911706,0.634105,,1000.01,-1.6752e-05,16.7109,,0.50626,0.00413142,0.506277,,-4.14632e-05,-1.91462e-05,0.00142438,fluid
513,-0.266126,0.582734,,1000.01,2.19146e-05,16.9493,,0.501622,0.00435825,0.501641,,3.07042e-05,3.98926e-06,0.00991116,fluid
514,-0.419521,0.484153,,1000.01,-8.55202e-08,18.8996,,0.502456,0.00362398,0.502469,,-2.23922e-05,-5.95437e-06,0.003094,fluid
515,-0.538929,0.346349,,1000.01,1.16608e-05,19.3623,,0.498136,0.00259878,0.498142,,1.1588e-05,-1.26028e-05,0.00122937,fluid
516,-0.614676,0.180485,,1000.01,7.9463e-06,20.6726,,0.499257,0.00160286,0.49926,,-5.18421e-06,1.68804e-05,0.0028748,fluid
517,-0.640626,7.84541e-17,,1000.01,7.54413e-06,20.2983,,0.49757,-1.08933e-15,0.49757,,-4.40404e-06,5.54595e-13,-7.49047e-15,fluid
518,-0.614676,-0.180485,,1000.01,7.94626e-06,20.6726,,0.499257,-0.00160286,0.49926,,-5.18421e-06,-1.68804e-05,-0.0028748,fluid
519,-0.538929,-0.346349,,1000.01,1.16607e-05,19.3623,,0.498136,-0.00259878,0.498142,,1.1588e-05,1.26028e-05,-0.00122937,fluid
520,-0.419521,-0.484153,,1000.01,-8.55179e-08,18.8996,,0.502456,-0.00362398,0.502469,,-2.23922e-05,5.95437e-06,-0.003094,fluid
521,-0.266126,-0.582734,,1000.01,2.19146e-05,16.9493,,0.501622,-0.00435825,0.501641,,3.07042e-05,-3.98926e-06,-0.00991116,fluid
522,-0.0911706,-0.634105,,1000.01,-1.6752e-05,16.7109,,0.50626,-0.00413142,0.506277,,-4.14632e-05,1.91462e-05,-0.00142438,fluid
523,0.0911706,-0.634105,,1000.01,4.09623e-06,16.8054,,0.508257,-0.00275197,0.508264,,0.000249289,6.64278e-05,-0.014472,fluid
524,0.266126,-0.582734,,1000.01,8.81014e-06,15.2307,,0.510778,-0.00344079,0.51079,,-2.54143e-05,-7.84623e-05,0.0025289,fluid
525,0.419521,-0.484153,,1000.01,-3.62298e-05,13.8435,,0.512858,0.00532043,0.512886,,6.4425e-05,0.000153689,-0.0287959,fluid
526,0.538929,-0.346349,,1000.01,5.92733e-05,27.8468,,0.525226,-0.00186285,0.525229,,0.000107593,0.000359792,0.0652517,fluid
527,0.614676,-0.180485,,1000.01,-4.23901e-05,12.8206,,0.492881,0.016082,0.493144,,0.00016151,0.000113099,0.265414,fluid
528,0.684678,0,,999.99,0.000234759,-20.212,,0.440652,8.98851e-16,0.440652,,0.000141319,-4.7318e-13,-6.41683e-15,fluid
529,0.656944,0.192896,,1000,-3.18643e-05,9.71532,,0.492657,-0.0113824,0.492789,,4.72505e-05,0.000241422,-0.233137,fluid
530,0.575988,0.370165,,1000.01,0.00010508,17.0054,,0.522447,0.00168264,0.522449,,-7.8503e-05,5.99381e-05,-0.0568067,fluid
531,0.448369,0.517445,,1000.01,3.969e-05,16.9903,,0.515152,-0.00769359,0.51521,,0.000344439,-0.000395842,0.0299254,fluid
532,0.284426,0.622805,,1000.01,-4.10301e-05,15.076,,0.509602,0.00253747,0.509608,,-0.000185317,0.000123376,-0.00281013,fluid
533,0.0974399,0.677709,,1000.01,2.84648e-05,16.2881,,0.507023,0.00250939,0.507029,,0.000148238,-3.91504e-05,0.0140972,fluid
534,-0.0974399,0.677709,,1000.01,-1.07874e-05,17.1692,,0.506458,0.0035291,0.50647,,-3.87729e-05,-3.28206e-05,0.00258863,fluid
535,-0.284426,0.622805,,1000.01,2.39329e-05,16.7414,,0.50144,0.00378875,0.501454,,1.91828e-05,5.7241e-06,0.00892582,fluid
536,-0.448369,0.517445,,1000.01,1.94585e-06,18.7339,,0.502304,0.00317167,0.502314,,-1.82863e-05,-8.20068e-06,0.00412638,fluid
537,-0.575988,0.370165,,1000.01,1.20849e-05,19.0795,,0.49855,0.0022462,0.498555,,6.00092e-06,-1.08765e-05,0.00100241,fluid
538,-0.656944,0.192896,,1000.01,3.65331e-06,20.2308,,0.499316,0.00138166,0.499318,,-6.32585e-06,9.29479e-06,0.00280129,fluid
539,-0.684678,8.38489e-17,,1000.01,1.12904e-05,20.0001,,0.498058,-1.91259e-15,0.498058,,-1.30993e-06,3.48979e-13,-6.43776e-15,fluid
540,-0.656944,-0.192896,,1000.01,3.65327e-06,20.2308,,0.499316,-0.00138166,0.499318,,-6.32585e-06,-9.29479e-06,-0.00280129,fluid
541,-0.575988,-0.370165,,1000.01,1.2085e-05,19.0795,,0.49855,-0.0022462,0.498555,,6.00092e-06,1.08765e-05,-0.00100241,fluid
542,-0.448369,-0.517445,,1000.01,1.94589e-06,18.7339,,0.502304,-0.00317167,0.502314,,-1.82863e-05,8.20068e-06,-0.00412638,fluid
543,-0.284426,-0.622805,,1000.01,2.39329e-05,16.7414,,0.50144,-0.00378875,0.501454,,1.91828e-05,-5.7241e-06,-0.00892582,fluid
544,-0.0974399,-0.677709,,1000.01,-1.07874e-05,17.1692,,0.506458,-0.0035291,0.50647,,-3.87729e-05,3.28206e-05,-0.00258863,fluid
545,0.0974399,-0.677709,,1000.01,2.84648e-05,16.2881,,0.507023,-0.00250939,0.507029,,0.000148238,3.91504e-05,-0.0140972,fluid
546,0.284426,-0.622805,,1000.01,-4.10301e-05,15.076,,0.509602,-0.00253747,0.509608,,-0.000185317,-0.000123376,0.00281013,fluid
547,0.448369,-0.517445,,1000.01,3.969e-05,16.9903,,0.515152,0.00769359,0.51521,,0.000344439,0.000395842,-0.0299254,fluid
548,0.575988,-0.370165,,1000.01,0.00010508,17.0054,,0.522447,-0.00168264,0.522449,,-7.8503e-05,-5.99381e-05,0.0568067,fluid
549,0.656944,-0.192896,,1000,-3.18642e-05,9.71532,,0.492657,0.0113824,0.492789,,4.72505e-05,-0.000241422,0.233137,fluid
550,0.730961,0,,999.995,-6.32303e-05,-10.5724,,0.447696,1.77006e-15,0.447696,,-9.13421e-05,-3.31435e-13,-5.54652e-15,fluid
551,0.701352,0.205936,,1000,7.81181e-05,5.82409,,0.494445,-0.0176639,0.494761,,2.83645e-05,0.000219492,-0.202642,fluid
552,0.614924,0.395188,,999.998,6.45884e-05,-3.29026,,0.519995,-0.000639605,0.519996,,-0.000440612,0.000718982,-0.0484189,fluid
553,0.478678,0.552424,,1000.01,6.64245e-05,11.2229,,0.509822,-0.00452928,0.509842,,0.00036201,-0.000380356,0.0269242,fluid
554,0.303652,0.664906,,1000.01,-3.346e-05,12.5154,,0.509735,0.00108033,0.509737,,-0.000175201,7.02544e-05,-0.00202714,fluid
555,0.104027,0.723521,,1000.01,3.15044e-05,11.8974,,0.505228,0.00214842,0.505233,,-7.0923e-05,2.01181e-05,0.0128228,fluid
556,-0.104027,0.723521,,1000.01,1.95832e-06,15.8784,,0.505623,0.00279878,0.505631,,-3.07631e-05,-3.8596e-05,0.00350955,fluid
557,-0.303652,0.664906,,1000.01,1.95091e-05,16.4049,,0.501159,0.00317328,0.501169,,4.17623e-06,4.89086e-06,0.00775546,fluid
558,-0.478678,0.552424,,1000.01,4.4505e-06,18.2125,,0.50212,0.0027471,0.502128,,-1.15376e-05,-6.43522e-06,0.0048293,fluid
559,-0.614924,0.395188,,1000.01,1.08499e-05,18.595,,0.498968,0.00199012,0.498972,,1.09162e-05,4.48006e-06,0.00102357,fluid
560,-0.701352,0.205936,,1000.01,2.77133e-06,19.5797,,0.499405,0.00117394,0.499407,,-6.86881e-06,2.49304e-06,0.00264044,fluid
561,-0.730961,8.95169e-17,,1000.01,1.11639e-05,19.4679,,0.49848,-2.33384e-15,0.49848,,5.23449e-07,1.41038e-13,-5.48527e-15,fluid
562,-0.701352,-0.205936,,1000.01,2.77133e-06,19.5797,,0.499405,-0.00117394,0.499407,,-6.86881e-06,-2.49304e-06,-0.00264044,fluid
563,-0.614924,-0.395188,,1000.01,1.085e-05,18.595,,0.498968,-0.00199012,0.498972,,1.09162e-05,-4.48006e-06,-0.00102357,fluid
564,-0.478678,-0.552424,,1000.01,4.45053e-06,18.2125,,0.50212,-0.0027471,0.502128,,-1.15376e-05,6.43522e-06,-0.0048293,fluid
565,-0.303652,-0.664906,,1000.01,1.95091e-05,16.4049,,0.501159,-0.00317328,0.501169,,4.17623e-06,-4.89086e-06,-0.00775546,fluid
566,-0.104027,-0.723521,,1000.01,1.95832e-06,15.8784,,0.505623,-0.00279878,0.505631,,-3.07631e-05,3.8596e-05,-0.00350955,fluid
567,0.104027,-0.723521,,1000.01,3.15043e-05,11.8974,,0.505228,-0.00214842,0.505233,,-7.0923e-05,-2.01181e-05,-0.0128228,fluid
568,0.303652,-0.664906,,1000.01,-3.346e-05,12.5154,,0.509735,-0.00108033,0.509737,,-0.000175201,-7.02544e-05,0.00202714,fluid
569,0.478678,-0.552424,,1000.01,6.64245e-05,11.2229,,0.509822,0.00452928,0.509842,,0.00036201,0.000380356,-0.0269242,fluid
570,0.614924,-0.395188,,999.998,6.45884e-05,-3.29026,,0.519995,0.000639605,0.519996,,-0.000440612,-0.000718982,0.0484189,fluid
571,0.701352,-0.205936,,1000,7.81181e-05,5.82409,,0.494445,0.0176639,0.494761,,2.83645e-05,-0.000219492,0.202642,fluid
572,0.779588,0,,1000.02,-3.99001e-05,32.7274,,0.465533,1.58242e-15,0.465533,,0.000133202,-2.32767e-13,-4.54072e-15,fluid
573,0.748009,0.219635,,1000.01,-1.58732e-05,10.4367,,0.499645,-0.0238271,0.500212,,-2.09665e-05,-0.000191007,-0.172659,fluid
574,0.655831,0.421477,,999.997,-7.81509e-06,-5.98735,,0.519029,-0.00390116,0.519043,,-0.000297484,0.000510364,-0.0392271,fluid
575,0.510522,0.589173,,1000,3.08223e-05,5.4618,,0.505528,-0.00188054,0.505531,,-2.77418e-05,-8.30717e-06,0.0206983,fluid
576,0.323853,0.709138,,1000.01,-5.00537e-06,11.5442,,0.510125,-5.47377e-06,0.510125,,-0.000150641,2.34388e-05,0.000153418,fluid
577,0.110947,0.771653,,1000.01,2.04564e-05,9.83193,,0.504192,0.00171059,0.504194,,-0.000107148,4.98278e-05,0.0115361,fluid
578,-0.110947,0.771653,,1000.01,4.98112e-06,14.667,,0.504912,0.00220993,0.504917,,7.29912e-06,-3.04561e-05,0.00471956,fluid
579,-0.323853,0.709138,,1000.01,1.37643e-05,16.1186,,0.500894,0.00261848,0.500901,,5.75076e-07,5.37017e-06,0.00664934,fluid
580,-0.510522,0.589173,,1000.01,5.7982e-06,17.6758,,0.501893,0.00237638,0.501899,,-6.62298e-06,-4.4856e-06,0.00536306,fluid
581,-0.655831,0.421477,,1000.01,8.91395e-06,18.2036,,0.499277,0.00171077,0.49928,,1.12686e-05,1.04959e-05,0.00121462,fluid
582,-0.748009,0.219635,,1000.01,4.66552e-06,19.0502,,0.499483,0.00101009,0.499484,,-5.45974e-06,3.1998e-06,0.00245023,fluid
583,-0.779588,9.5472e-17,,1000.01,8.65675e-06,19.012,,0.498812,-1.0657e-15,0.498812,,1.7402e-06,-5.1317e-14,-3.8633e-15,fluid
584,-0.748009,-0.219635,,1000.01,4.66554e-06,19.0502,,0.499483,-0.00101009,0.499484,,-5.45975e-06,-3.1998e-06,-0.00245023,fluid
585,-0.655831,-0.421477,,1000.01,8.91399e-06,18.2036,,0.499277,-0.00171077,0.49928,,1.12686e-05,-1.04959e-05,-0.00121462,fluid
586,-0.510522,-0.589173,,1000.01,5.79822e-06,17.6758,,0.501893,-0.00237638,0.501899,,-6.62298e-06,4.4856e-06,-0.00536306,fluid
587,-0.323853,-0.709138,,1000.01,1.37643e-05,16.1186,,0.500894,-0.00261848,0.500901,,5.75076e-07,-5.37017e-06,-0.00664934,fluid
588,-0.110947,-0.771653,,1000.01,4.98112e-06,14.667,,0.504912,-0.00220993,0.504917,,7.29912e-06,3.04561e-05,-0.00471956,fluid
589,0.110947,-0.771653,,1000.01,2.04564e-05,9.83193,,0.504192,-0.00171059,0.504194,,-0.000107148,-4.98278e-05,-0.0115361,fluid
590,0.323853,-0.709138,,1000.01,-5.00536e-06,11.5442,,0.510125,5.47377e-06,0.510125,,-0.000150641,-2.34388e-05,-0.000153418,fluid
591,0.510522,-0.589173,,1000,3.08223e-05,5.4618,,0.505528,0.00188054,0.505531,,-2.77418e-05,8.30717e-06,-0.0206983,fluid
592,0.655831,-0.421477,,999.997,-7.8151e-06,-5.98735,,0.519029,0.00390116,0.519043,,-0.000297484,-0.000510364,0.0392271,fluid
593,0.748009,-0.219635,,1000.01,-1.58732e-05,10.4367,,0.499645,0.0238271,0.500212,,-2.09665e-05,0.000191007,0.172659,fluid
594,0.830678,0,,1000.01,-8.42785e-06,29.0897,,0.470029,1.15858e-15,0.470029,,0.000105198,-2.0901e-13,-3.35658e-15,fluid
595,0.797029,0.234029,,1000.01,4.18496e-05,15.0362,,0.502598,-0.022882,0.503119,,7.72e-05,-0.000327069,-0.1463,fluid
596,0.69881,0.449098,,1000.01,-4.56814e-05,18.7612,,0.519173,-0.0053438,0.519201,,0.000109002,-0.00014786,-0.0305866,fluid
597,0.543978,0.627784,,1000,-6.89597e-06,8.75579,,0.505567,-0.00221869,0.505572,,-0.000342907,0.000301647,0.0153931,fluid
598,0.345076,0.755611,,1000.01,1.53596e-05,15.5569,,0.509982,-0.000311819,0.509982,,-5.63016e-05,-2.55955e-05,0.00288088,fluid
599,0.118218,0.822223,,1000.01,2.58321e-05,13.7131,,0.504156,0.00146738,0.504159,,-0.000116845,6.91525e-05,0.0109371,fluid
600,-0.118218,0.822223,,1000.01,5.1716e-06,15.4199,,0.504743,0.00189967,0.504747,,5.59638e-06,-1.98669e-05,0.00676197,fluid
601,-0.345076,0.755611,,1000.01,9.75779e-06,16.3334,,0.500724,0.00215875,0.500728,,1.81667e-06,4.94652e-06,0.00601594,fluid
602,-0.543978,0.627784,,1000.01,5.99828e-06,17.5689,,0.5016,0.00205101,0.501604,,-4.23641e-06,-3.64198e-06,0.00584075,fluid
603,-0.69881,0.449098,,1000.01,7.96557e-06,18.2682,,0.499435,0.0013769,0.499437,,2.60834e-06,9.32349e-07,0.00152126,fluid
604,-0.797029,0.234029,,1000.01,7.48992e-06,18.9897,,0.499512,0.00086114,0.499513,,-3.27127e-06,8.13457e-06,0.0022714,fluid
605,-0.830678,1.01729e-16,,1000.01,6.55791e-06,18.9975,,0.49904,5.34501e-16,0.49904,,2.45122e-06,-2.20022e-13,-1.6219e-15,fluid
606,-0.797029,-0.234029,,1000.01,7.48992e-06,18.9897,,0.499512,-0.00086114,0.499513,,-3.27127e-06,-8.13457e-06,-0.0022714,fluid
607,-0.69881,-0.449098,,1000.01,7.96561e-06,18.2682,,0.499435,-0.0013769,0.499437,,2.60834e-06,-9.32348e-07,-0.00152126,fluid
608,-0.543978,-0.627784,,1000.01,5.99823e-06,17.5689,,0.5016,-0.00205101,0.501604,,-4.23641e-06,3.64198e-06,-0.00584075,fluid
609,-0.345076,-0.755611,,1000.01,9.75778e-06,16.3334,,0.500724,-0.00215875,0.500728,,1.81667e-06,-4.94652e-06,-0.00601594,fluid
610,-0.118218,-0.822223,,1000.01,5.17157e-06,15.4199,,0.504743,-0.00189967,0.504747,,5.59638e-06,1.98669e-05,-0.00676197,fluid
611,0.118218,-0.822223,,1000.01,2.58322e-05,13.7131,,0.504156,-0.00146738,0.504159,,-0.000116845,-6.91525e-05,-0.0109371,fluid
612,0.345076,-0.755611,,1000.01,1.53596e-05,15.5569,,0.509982,0.000311819,0.509982,,-5.63016e-05,2.55955e-05,-0.00288088,fluid
613,0.543978,-0.627784,,1000,-6.89598e-06,8.75579,,0.505567,0.00221869,0.505572,,-0.000342907,-0.000301647,-0.0153931,fluid
614,0.69881,-0.449098,,1000.01,-4.56814e-05,18.7612,,0.519173,0.0053438,0.519201,,0.000109002,0.00014786,0.0305866,fluid
615,0.797029,-0.234029,,1000.01,4.18496e-05,15.0362,,0.502598,0.022882,0.503119,,7.72e-05,0.000327069,0.1463,fluid
616,0.884354,0,,999.978,7.85875e-05,-42.8181,,0.466931,7.75143e-16,0.466931,,0.000131983,-2.52951e-13,-2.44905e-15,fluid
617,0.848532,0.249151,,1000,3.26204e-05,5.95762,,0.501274,-0.0185497,0.501617,,-7.07471e-05,5.07649e-05,-0.12478,fluid
618,0.743966,0.478118,,1000.03,-5.4417e-05,49.1392,,0.518095,-0.00311496,0.518104,,0.000211861,-0.000374661,-0.0246615,fluid
619,0.579129,0.66835,,1000.01,-2.20114e-05,18.0742,,0.509149,-0.00511663,0.509175,,-0.000256833,0.000232467,0.0134389,fluid
620,0.367374,0.804437,,1000.01,1.65327e-05,21.1401,,0.508658,-2.24767e-06,0.508658,,0.000125986,-9.61432e-05,0.00469583,fluid
621,0.125857,0.875353,,1000.01,2.38826e-05,19.8003,,0.504323,0.00146915,0.504326,,-4.15038e-05,4.98051e-05,0.0107196,fluid
622,-0.125857,0.875353,,1000.01,1.0584e-05,17.3475,,0.504658,0.0017485,0.504661,,-2.14738e-06,-9.12422e-06,0.00926596,fluid
623,-0.367374,0.804437,,1000.01,7.72215e-06,16.8141,,0.500671,0.00175466,0.500674,,4.66693e-06,4.14623e-06,0.00591371,fluid
624,-0.579129,0.66835,,1000.01,6.23846e-06,17.8075,,0.501261,0.00174941,0.501264,,-2.63163e-06,-2.73317e-06,0.00619295,fluid
625,-0.743966,0.478118,,1000.01,8.0717e-06,18.5942,,0.499519,0.00105774,0.49952,,-2.44698e-06,-4.61536e-06,0.00186896,fluid
626,-0.848532,0.249151,,1000.01,8.66832e-06,19.2211,,0.499497,0.000661025,0.499497,,-4.13488e-06,1.86912e-06,0.0020879,fluid
627,-0.884354,1.08302e-16,,1000.01,6.61211e-06,19.2706,,0.499193,1.04175e-15,0.499193,,2.43177e-06,-3.59878e-13,3.88328e-16,fluid
628,-0.848532,-0.249151,,1000.01,8.66831e-06,19.2211,,0.499497,-0.000661025,0.499497,,-4.13488e-06,-1.86912e-06,-0.0020879,fluid
629,-0.743966,-0.478118,,1000.01,8.07171e-06,18.5942,,0.499519,-0.00105774,0.49952,,-2.44698e-06,4.61536e-06,-0.00186896,fluid
630,-0.579129,-0.66835,,1000.01,6.23847e-06,17.8075,,0.501261,-0.00174941,0.501264,,-2.63163e-06,2.73317e-06,-0.00619295,fluid
631,-0.367374,-0.804437,,1000.01,7.72215e-06,16.8141,,0.500671,-0.00175466,0.500674,,4.66693e-06,-4.14623e-06,-0.00591371,fluid
632,-0.125857,-0.875353,,1000.01,1.0584e-05,17.3475,,0.504658,-0.0017485,0.504661,,-2.14738e-06,9.12422e-06,-0.00926596,fluid
633,0.125857,-0.875353,,1000.01,2.38826e-05,19.8003,,0.504323,-0.00146915,0.504326,,-4.15038e-05,-4.98051e-05,-0.0107196,fluid
634,0.367374,-0.804437,,1000.01,1.65327e-05,21.1401,,0.508658,2.24767e-06,0.508658,,0.000125986,9.61432e-05,-0.00469583,fluid
635,0.579129,-0.66835,,1000.01,-2.20114e-05,18.0742,,0.509149,0.00511663,0.509175,,-0.000256833,-0.000232467,-0.0134389,fluid
636,0.743966,-0.478118,,1000.03,-5.4417e-05,49.1392,,0.518095,0.00311496,0.518104,,0.000211861,0.000374661,0.0246615,fluid
637,0.848532,-0.249151,,1000,3.26204e-05,5.95762,,0.501274,0.0185497,0.501617,,-7.07471e-05,-5.07649e-05,0.12478,fluid
638,0.940749,0,,999.954,0.000157963,-89.9971,,0.462807,6.77329e-16,0.462807,,0.000151183,-3.33765e-13,-2.19204e-15,fluid
639,0.902642,0.26504,,999.998,-1.74375e-05,-3.66179,,0.500623,-0.0186223,0.500969,,-0.00015185,0.000350352,-0.104733,fluid
640,0.791409,0.508607,,1000.02,1.35941e-06,34.1969,,0.514061,-0.00217613,0.514065,,-4.40541e-05,2.0545e-05,-0.0213831,fluid
641,0.61606,0.710971,,1000.01,-9.62387e-06,19.2623,,0.510679,-0.00683253,0.510725,,0.000153214,-0.000126879,0.0127995,fluid
642,0.390801,0.855736,,1000.01,1.28644e-05,18.4342,,0.506717,-0.00011795,0.506717,,0.00010447,-7.5095e-05,0.00481557,fluid
643,0.133883,0.931174,,1000.01,-2.90798e-06,18.4146,,0.503741,0.0012237,0.503743,,6.30192e-05,1.70943e-05,0.00993298,fluid
644,-0.133883,0.931174,,1000.01,1.80496e-05,17.1428,,0.504321,0.00149094,0.504323,,-9.17988e-07,-1.1428e-06,0.0111981,fluid
645,-0.390801,0.855736,,1000.01,7.82167e-06,16.3645,,0.500788,0.00135359,0.50079,,8.17351e-06,4.26393e-06,0.00601814,fluid
646,-0.61606,0.710971,,1000.01,7.7846e-06,17.7118,,0.500968,0.00146408,0.50097,,6.28739e-08,-8.23972e-08,0.00623306,fluid
647,-0.791409,0.508607,,1000.01,8.32097e-06,18.2633,,0.499718,0.000906927,0.499719,,4.09624e-06,6.49449e-06,0.00218869,fluid
648,-0.902642,0.26504,,1000.01,5.85492e-06,18.9354,,0.499542,0.000529384,0.499542,,-3.81221e-06,-2.41644e-06,0.00189168,fluid
649,-0.940749,1.15209e-16,,1000.01,9.38337e-06,19.0014,,0.499351,1.10938e-16,0.499351,,1.50555e-06,-4.64576e-13,1.42237e-15,fluid
650,-0.902642,-0.26504,,1000.01,5.85494e-06,18.9354,,0.499542,-0.000529384,0.499542,,-3.81221e-06,2.41644e-06,-0.00189168,fluid
651,-0.791409,-0.508607,,1000.01,8.32097e-06,18.2633,,0.499718,-0.000906927,0.499719,,4.09624e-06,-6.49449e-06,-0.00218869,fluid
652,-0.61606,-0.710971,,1000.01,7.78459e-06,17.7118,,0.500968,-0.00146408,0.50097,,6.28741e-08,8.23977e-08,-0.00623306,fluid
653,-0.390801,-0.855736,,1000.01,7.82167e-06,16.3645,,0.500788,-0.00135359,0.50079,,8.17351e-06,-4.26393e-06,-0.00601814,fluid
654,-0.133883,-0.931174,,1000.01,1.80496e-05,17.1428,,0.504321,-0.00149094,0.504323,,-9.17988e-07,1.1428e-06,-0.0111981,fluid
655,0.133883,-0.931174,,1000.01,-2.90795e-06,18.4146,,0.503741,-0.0012237,0.503743,,6.30192e-05,-1.70943e-05,-0.00993298,fluid
656,0.390801,-0.855736,,1000.01,1.28644e-05,18.4342,,0.506717,0.00011795,0.506717,,0.00010447,7.5095e-05,-0.00481557,fluid
657,0.61606,-0.710971,,1000.01,-9.62384e-06,19.2623,,0.510679,0.00683253,0.510725,,0.000153214,0.000126879,-0.0127995,fluid
658,0.791409,-0.508607,,1000.02,1.35941e-06,34.1969,,0.514061,0.00217613,0.514065,,-4.40541e-05,-2.0545e-05,0.0213831,fluid
659,0.902642,-0.26504,,999.998,-1.74375e-05,-3.66179,,0.500623,0.0186223,0.500969,,-0.00015185,-0.000350352,0.104733,fluid
660,1,0,,1000.06,-0.000136038,123.569,,0.495975,3.66378e-16,0.495975,,1.12597e-05,-4.17474e-13,-2.39503e-15,fluid
661,0.959493,0.281733,,1000.01,6.05299e-06,25.3564,,0.507966,-0.0284216,0.50876,,-1.37131e-05,4.86191e-05,-0.0822361,fluid
662,0.841254,0.540641,,999.968,0.000119084,-62.8388,,0.508529,-0.00801858,0.508592,,-5.80209e-06,-2.45226e-06,-0.018509,fluid
663,0.654861,0.75575,,1000,1.3744e-05,0.367721,,0.504965,-0.00342815,0.504976,,-1.70087e-05,1.45295e-05,0.00968813,fluid
664,0.415415,0.909632,,1000,6.28714e-05,-0.547483,,0.504697,-0.00126078,0.504699,,9.45611e-06,-8.08012e-06,0.00348769,fluid
665,0.142315,0.989821,,1000,-6.10174e-05,1.9013,,0.501553,0.000469379,0.501554,,5.82187e-06,4.3462e-06,0.00789883,fluid
666,-0.142315,0.989821,,1000.01,1.28902e-05,11.7985,,0.503522,0.000936451,0.503523,,-1.86969e-05,-2.99453e-06,0.0115288,fluid
667,-0.415415,0.909632,,1000.01,1.05597e-05,14.1217,,0.501112,0.000957948,0.501113,,1.03023e-05,5.15459e-06,0.00587438,fluid
668,-0.654861,0.75575,,1000.01,9.67745e-06,16.5997,,0.50085,0.00122228,0.500851,,-5.0399e-06,-4.14231e-06,0.00578723,fluid
669,-0.841254,0.540641,,1000.01,8.19284e-06,16.5159,,0.500111,0.000941559,0.500112,,1.05387e-05,1.68295e-05,0.00236474,fluid
670,-0.959493,0.281733,,1000.01,-1.09957e-06,17.412,,0.499722,0.00050206,0.499722,,-1.94132e-06,-4.01739e-06,0.00166509,fluid
671,-1,1.22465e-16,,1000.01,1.37672e-05,17.4452,,0.499583,-1.66862e-15,0.499583,,7.83179e-08,-5.31115e-13,1.58174e-15,fluid
672,-0.959493,-0.281733,,1000.01,-1.09955e-06,17.412,,0.499722,-0.00050206,0.499722,,-1.94133e-06,4.01739e-06,-0.00166509,fluid
673,-0.841254,-0.540641,,1000.01,8.19284e-06,16.5159,,0.500111,-0.000941559,0.500112,,1.05387e-05,-1.68295e-05,-0.00236474,fluid
674,-0.654861,-0.75575,,1000.01,9.67745e-06,16.5997,,0.50085,-0.00122228,0.500851,,-5.0399e-06,4.14231e-06,-0.00578723,fluid
675,-0.415415,-0.909632,,1000.01,1.05597e-05,14.1217,,0.501112,-0.000957948,0.501113,,1.03023e-05,-5.15459e-06,-0.00587438,fluid
676,-0.142315,-0.989821,,1000.01,1.28902e-05,11.7985,,0.503522,-0.000936451,0.503523,,-1.86969e-05,2.99453e-06,-0.0115288,fluid
677,0.142315,-0.989821,,1000,-6.10174e-05,1.9013,,0.501553,-0.000469379,0.501554,,5.82187e-06,-4.3462e-06,-0.00789883,fluid
678,0.415415,-0.909632,,1000,6.28714e-05,-0.547483,,0.504697,0.00126078,0.504699,,9.45611e-06,8.08012e-06,-0.00348769,fluid
679,0.654861,-0.75575,,1000,1.37441e-05,0.367721,,0.504965,0.00342815,0.504976,,-1.70087e-05,-1.45295e-05,-0.00968813,fluid
680,0.841254,-0.540641,,999.968,0.000119084,-62.8388,,0.508529,0.00801858,0.508592,,-5.80209e-06,2.45226e-06,0.018509,fluid
681,0.959493,-0.281733,,1000.01,6.05301e-06,25.3564,,0.507966,0.0284216,0.50876,,-1.37131e-05,-4.86191e-05,0.0822361,fluid
682,1.06225,0,,999.986,0,-27.3641,,0.499382,3.66378e-16,0.499382,,0,0,0,buffer
683,1.01922,0.299271,,1000,0,4.61175,,0.508415,-0.0282897,0.509202,,0,0,0,buffer
684,0.893623,0.574296,,1000.02,0,31.4755,,0.506738,-0.00916978,0.506821,,0,0,0,buffer
685,0.695627,0.802796,,1000.01,0,14.8082,,0.504751,-0.00367453,0.504765,,0,0,0,buffer
686,0.441275,0.966258,,1000.01,0,17.5422,,0.504527,-0.00163226,0.50453,,0,0,0,buffer
687,0.151174,1.05144,,1000.01,0,16.137,,0.501508,0.000151269,0.501508,,0,0,0,buffer
688,-0.151174,1.05144,,1000.01,0,15.3275,,0.499951,0.000342508,0.499951,,0,0,0,buffer
689,-0.441275,0.966258,,1000.01,0,16.1289,,0.499849,0.000331218,0.499849,,0,0,0,buffer
690,-0.695627,0.802796,,1000.01,0,16.4341,,0.499757,0.000280392,0.499757,,0,0,0,buffer
691,-0.893623,0.574296,,1000.01,0,17.4557,,0.499668,0.000213054,0.499669,,0,0,0,buffer
692,-1.01922,0.299271,,1000.01,0,17.7502,,0.499616,0.000112897,0.499616,,0,0,0,buffer
693,-1.06225,1.30088e-16,,1000.01,0,17.9616,,0.499595,4.9659e-20,0.499595,,0,0,0,buffer
694,-1.01922,-0.299271,,1000.01,0,17.7502,,0.499616,-0.000112897,0.499616,,0,0,0,buffer
695,-0.893623,-0.574296,,1000.01,0,17.4557,,0.499668,-0.000213054,0.499669,,0,0,0,buffer
696,-0.695627,-0.802796,,1000.01,0,16.4341,,0.499757,-0.000280392,0.499757,,0,0,0,buffer
697,-0.441275,-0.966258,,1000.01,0,16.1289,,0.499849,-0.000331218,0.499849,,0,0,0,buffer
698,-0.151174,-1.05144,,1000.01,0,15.3275,,0.499951,-0.000342508,0.499951,,0,0,0,buffer
699,0.151174,-1.05144,,1000.01,0,16.137,,0.501508,-0.000151269,0.501508,,0,0,0,buffer
700,0.441275,-0.966258,,1000.01,0,17.5422,,0.504527,0.00163226,0.50453,,0,0,0,buffer
701,0.695627,-0.802796,,1000.01,0,14.8082,,0.504751,0.00367453,0.504765,,0,0,0,buffer
702,0.893623,-0.574296,,1000.02,0,31.4755,,0.506738,0.00916978,0.506821,,0,0,0,buffer
703,1.01922,-0.299271,,1000,0,4.61175,,0.508415,0.0282897,0.509202,,0,0,0,buffer
704,1.12766,0,,999.986,0,-27.3641,,0.499382,3.66378e-16,0.499382,,0,0,0,buffer
705,1.08198,0.317697,,1000,0,4.61175,,0.508415,-0.0282897,0.509202,,0,0,0,buffer
706,0.948644,0.609656,,1000.02,0,31.4755,,0.506738,-0.00916978,0.506821,,0,0,0,buffer
707,0.738457,0.852225,,1000.01,0,14.8082,,0.504751,-0.00367453,0.504765,,0,0,0,buffer
708,0.468445,1.02575,,1000.01,0,17.5422,,0.504527,-0.00163226,0.50453,,0,0,0,buffer
709,0.160482,1.11618,,1000.01,0,16.137,,0.501508,0.000151269,0.501508,,0,0,0,buffer
710,-0.160482,1.11618,,1000.01,0,15.3275,,0.499951,0.000342508,0.499951,,0,0,0,buffer
711,-0.468445,1.02575,,1000.01,0,16.1289,,0.499849,0.000331218,0.499849,,0,0,0,buffer
712,-0.738457,0.852225,,1000.01,0,16.4341,,0.499757,0.000280392,0.499757,,0,0,0,buffer
713,-0.948644,0.609656,,1000.01,0,17.4557,,0.499668,0.000213054,0.499669,,0,0,0,buffer
714,-1.08198,0.317697,,1000.01,0,17.7502,,0.499616,0.000112897,0.499616,,0,0,0,buffer
715,-1.12766,1.38098e-16,,1000.01,0,17.9616,,0.499595,4.9659e-20,0.499595,,0,0,0,buffer
716,-1.08198,-0.317697,,1000.01,0,17.7502,,0.499616,-0.000112897,0.499616,,0,0,0,buffer
717,-0.948644,-0.609656,,1000.01,0,17.4557,,0.499668,-0.000213054,0.499669,,0,0,0,buffer
718,-0.738457,-0.852225,,1000.01,0,16.4341,,0.499757,-0.000280392,0.499757,,0,0,0,buffer
719,-0.468445,-1.02575,,1000.01,0,16.1289,,0.499849,-0.000331218,0.499849,,0,0,0,buffer
720,-0.160482,-1.11618,,1000.01,0,15.3275,,0.499951,-0.000342508,0.499951,,0,0,0,buffer
721,0.160482,-1.11618,,1000.01,0,16.137,,0.501508,-0.000151269,0.501508,,0,0,0,buffer
722,0.468445,-1.02575,,1000.01,0,17.5422,,0.504527,0.00163226,0.50453,,0,0,0,buffer
723,0.738457,-0.852225,,1000.01,0,14.8082,,0.504751,0.00367453,0.504765,,0,0,0,buffer
724,0.948644,-0.609656,,1000.02,0,31.4755,,0.506738,0.00916978,0.506821,,0,0,0,buffer
725,1.08198,-0.317697,,1000,0,4.61175,,0.508415,0.0282897,0.509202,,0,0,0,buffer
726,1.19637,0,,999.986,0,-27.3641,,0.499382,3.66378e-16,0.499382,,0,0,0,buffer
727,1.14791,0.337057,,1000,0,4.61175,,0.508415,-0.0282897,0.509202,,0,0,0,buffer
728,1.00645,0.646807,,1000.02,0,31.4755,,0.506738,-0.00916978,0.506821,,0,0,0,buffer
729,0.783456,0.904157,,1000.01,0,14.8082,,0.504751,-0.00367453,0.504765,,0,0,0,buffer
730,0.496991,1.08826,,1000.01,0,17.5422,,0.504527,-0.00163226,0.50453,,0,0,0,buffer
731,0.170261,1.18419,,1000.01,0,16.137,,0.501508,0.000151269,0.501508,,0,0,0,buffer
732,-0.170261,1.18419,,1000.01,0,15.3275,,0.499951,0.000342508,0.499951,,0,0,0,buffer
733,-0.496991,1.08826,,1000.01,0,16.1289,,0.499849,0.000331218,0.499849,,0,0,0,buffer
734,-0.783456,0.904157,,1000.01,0,16.4341,,0.499757,0.000280392,0.499757,,0,0,0,buffer
735,-1.00645,0.646807,,1000.01,0,17.4557,,0.499668,0.000213054,0.499669,,0,0,0,buffer
736,-1.14791,0.337057,,1000.01,0,17.7502,,0.499616,0.000112897,0.499616,,0,0,0,buffer
737,-1.19637,1.46513e-16,,1000.01,0,17.9616,,0.499595,4.9659e-20,0.499595,,0,0,0,buffer
738,-1.14791,-0.337057,,1000.01,0,17.7502,,0.499616,-0.000112897,0.499616,,0,0,0,buffer
739,-1.00645,-0.646807,,1000.01,0,17.4557,,0.499668,-0.000213054,0.499669,,0,0,0,buffer
740,-0.783456,-0.904157,,1000.01,0,16.4341,,0.499757,-0.000280392,0.499757,,0,0,0,buffer
741,-0.496991,-1.08826,,1000.01,0,16.1289,,0.499849,-0.000331218,0.499849,,0,0,0,buffer
742,-0.170261,-1.18419,,1000.01,0,15.3275,,0.499951,-0.000342508,0.499951,,0,0,0,buffer
743,0.170261,-1.18419,,1000.01,0,16.137,,0.501508,-0.000151269,0.501508,,0,0,0,buffer
744,0.496991,-1.08826,,1000.01,0,17.5422,,0.504527,0.00163226,0.50453,,0,0,0,buffer
745,0.783456,-0.904157,,1000.01,0,14.8082,,0.504751,0.00367453,0.504765,,0,0,0,buffer
746,1.00645,-0.646807,,1000.02,0,31.4755,,0.506738,0.00916978,0.506821,,0,0,0,buffer
747,1.14791,-0.337057,,1000,0,4.61175,,0.508415,0.0282897,0.509202,,0,0,0,buffer
748,1.26857,0,,999.986,0,-27.3641,,0.499382,3.66378e-16,0.499382,,0,0,0,buffer
749,1.21718,0.357397,,1000,0,4.61175,,0.508415,-0.0282897,0.509202,,0,0,0,buffer
750,1.06719,0.685839,,1000.02,0,31.4755,,0.506738,-0.00916978,0.506821,,0,0,0,buffer
751,0.830735,0.958719,,1000.01,0,14.8082,,0.504751,-0.00367453,0.504765,,0,0,0,buffer
752,0.526982,1.15393,,1000.01,0,17.5422,,0.504527,-0.00163226,0.50453,,0,0,0,buffer
753,0.180536,1.25565,,1000.01,0,16.137,,0.501508,0.000151269,0.501508,,0,0,0,buffer
754,-0.180536,1.25565,,1000.01,0,15.3275,,0.499951,0.000342508,0.499951,,0,0,0,buffer
755,-0.526982,1.15393,,1000.01,0,16.1289,,0.499849,0.000331218,0.499849,,0,0,0,buffer
756,-0.830735,0.958719,,1000.01,0,16.4341,,0.499757,0.000280392,0.499757,,0,0,0,buffer
757,-1.06719,0.685839,,1000.01,0,17.4557,,0.499668,0.000213054,0.499669,,0,0,0,buffer
758,-1.21718,0.357397,,1000.01,0,17.7502,,0.499616,0.000112897,0.499616,,0,0,0,buffer
759,-1.26857,1.55355e-16,,1000.01,0,17.9616,,0.499595,4.9659e-20,0.499595,,0,0,0,buffer
760,-1.21718,-0.357397,,1000.01,0,17.7502,,0.499616,-0.000112897,0.499616,,0,0,0,buffer
761,-1.06719,-0.685839,,1000.01,0,17.4557,,0.499668,-0.000213054,0.499669,,0,0,0,buffer
762,-0.830735,-0.958719,,1000.01,0,16.4341,,0.499757,-0.000280392,0.499757,,0,0,0,buffer
763,-0.526982,-1.15393,,1000.01,0,16.1289,,0.499849,-0.000331218,0.499849,,0,0,0,buffer
764,-0.180536,-1.25565,,1000.01,0,15.3275,,0.499951,-0.000342508,0.499951,,0,0,0,buffer
765,0.180536,-1.25565,,1000.01,0,16.137,,0.501508,-0.000151269,0.501508,,0,0,0,buffer
766,0.526982,-1.15393,,1000.01,0,17.5422,,0.504527,0.00163226,0.50453,,0,0,0,buffer
767,0.830735,-0.958719,,1000.01,0,14.8082,,0.504751,0.00367453,0.504765,,0,0,0,buffer
768,1.06719,-0.685839,,1000.02,0,31.4755,,0.506738,0.00916978,0.506821,,0,0,0,buffer
769,1.21718,-0.357397,,1000,0,4.61175,,0.508415,0.0282897,0.509202,,0,0,0,buffer
770,1.34442,0,,999.986,0,-27.3641,,0.499382,3.66378e-16,0.499382,,0,0,0,buffer
771,1.28996,0.378767,,1000,0,4.61175,,0.508415,-0.0282897,0.509202,,0,0,0,buffer
772,1.131,0.726848,,1000.02,0,31.4755,,0.506738,-0.00916978,0.506821,,0,0,0,buffer
773,0.880407,1.01604,,1000.01,0,14.8082,,0.504751,-0.00367453,0.504765,,0,0,0,buffer
774,0.558492,1.22293,,1000.01,0,17.5422,,0.504527,-0.00163226,0.50453,,0,0,0,buffer
775,0.191331,1.33073,,1000.01,0,16.137,,0.501508,0.000151269,0.501508,,0,0,0,buffer
776,-0.191331,1.33073,,1000.01,0,15.3275,,0.499951,0.000342508,0.499951,,0,0,0,buffer
777,-0.558492,1.22293,,1000.01,0,16.1289,,0.499849,0.000331218,0.499849,,0,0,0,buffer
778,-0.880407,1.01604,,1000.01,0,16.4341,,0.499757,0.000280392,0.499757,,0,0,0,buffer
779,-1.131,0.726848,,1000.01,0,17.4557,,0.499668,0.000213054,0.499669,,0,0,0,buffer
780,-1.28996,0.378767,,1000.01,0,17.7502,,0.499616,0.000112897,0.499616,,0,0,0,buffer
781,-1.34442,1.64644e-16,,1000.01,0,17.9616,,0.499595,4.9659e-20,0.499595,,0,0,0,buffer
782,-1.28996,-0.378767,,1000.01,0,17.7502,,0.499616,-0.000112897,0.499616,,0,0,0,buffer
783,-1.131,-0.726848,,1000.01,0,17.4557,,0.499668,-0.000213054,0.499669,,0,0,0,buffer
784,-0.880407,-1.01604,,1000.01,0,16.4341,,0.499757,-0.000280392,0.499757,,0,0,0,buffer
785,-0.558492,-1.22293,,1000.01,0,16.1289,,0.499849,-0.000331218,0.499849,,0,0,0,buffer
786,-0.191331,-1.33073,,1000.01,0,15.3275,,0.499951,-0.000342508,0.499951,,0,0,0,buffer
787,0.191331,-1.33073,,1000.01,0,16.137,,0.501508,-0.000151269,0.501508,,0,0,0,buffer
788,0.558492,-1.22293,,1000.01,0,17.5422,,0.504527,0.00163226,0.50453,,0,0,0,buffer
789,0.880407,-1.01604,,1000.01,0,14.8082,,0.504751,0.00367453,0.504765,,0,0,0,buffer
790,1.131,-0.726848,,1000.02,0,31.4755,,0.506738,0.00916978,0.506821,,0,0,0,buffer
791,1.28996,-0.378767,,1000,0,4.61175,,0.508415,0.0282897,0.509202,,0,0,0,buffer
792,1.42411,0,,999.986,0,-27.3641,,0.499382,3.66378e-16,0.499382,,0,0,0,buffer
793,1.36643,0.401219,,1000,0,4.61175,,0.508415,-0.0282897,0.509202,,0,0,0,buffer
794,1.19804,0.769933,,1000.02,0,31.4755,,0.506738,-0.00916978,0.506821,,0,0,0,buffer
795,0.932595,1.07627,,1000.01,0,14.8082,,0.504751,-0.00367453,0.504765,,0,0,0,buffer
796,0.591598,1.29542,,1000.01,0,17.5422,,0.504527,-0.00163226,0.50453,,0,0,0,buffer
797,0.202672,1.40962,,1000.01,0,16.137,,0.501508,0.000151269,0.501508,,0,0,0,buffer
798,-0.202672,1.40962,,1000.01,0,15.3275,,0.499951,0.000342508,0.499951,,0,0,0,buffer
799,-0.591598,1.29542,,1000.01,0,16.1289,,0.499849,0.000331218,0.499849,,0,0,0,buffer
800,-0.932595,1.07627,,1000.01,0,16.4341,,0.499757,0.000280392,0.499757,,0,0,0,buffer
801,-1.19804,0.769933,,1000.01,0,17.4557,,0.499668,0.000213054,0.499669,,0,0,0,buffer
802,-1.36643,0.401219,,1000.01,0,17.7502,,0.499616,0.000112897,0.499616,,0,0,0,buffer
803,-1.42411,1.74403e-16,,1000.01,0,17.9616,,0.499595,4.9659e-20,0.499595,,0,0,0,buffer
804,-1.36643,-0.401219,,1000.01,0,17.7502,,0.499616,-0.000112897,0.499616,,0,0,0,buffer
805,-1.19804,-0.769933,,1000.01,0,17.4557,,0.499668,-0.000213054,0.499669,,0,0,0,buffer
806,-0.932595,-1.07627,,1000.01,0,16.4341,,0.499757,-0.000280392,0.499757,,0,0,0,buffer
807,-0.591598,-1.29542,,1000.01,0,16.1289,,0.499849,-0.000331218,0.499849,,0,0,0,buffer
808,-0.202672,-1.40962,,1000.01,0,15.3275,,0.499951,-0.000342508,0.499951,,0,0,0,buffer
809,0.202672,-1.40962,,1000.01,0,16.137,,0.501508,-0.000151269,0.501508,,0,0,0,buffer
810,0.591598,-1.29542,,1000.01,0,17.5422,,0.504527,0.00163226,0.50453,,0,0,0,buffer
811,0.932595,-1.07627,,1000.01,0,14.8082,,0.504751,0.00367453,0.504765,,0,0,0,buffer
812,1.19804,-0.769933,,1000.02,0,31.4755,,0.506738,0.00916978,0.506821,,0,0,0,buffer
813,1.36643,-0.401219,,1000,0,4.61175,,0.508415,0.0282897,0.509202,,0,0,0,buffer
814,1.50784,0,,999.986,0,-27.3641,,0.499382,3.66378e-16,0.499382,,0,0,0,buffer
815,1.44676,0.424808,,1000,0,4.61175,,0.508415,-0.0282897,0.509202,,0,0,0,buffer
816,1.26848,0.8152,,1000.02,0,31.4755,,0.506738,-0.00916978,0.506821,,0,0,0,buffer
817,0.987426,1.13955,,1000.01,0,14.8082,,0.504751,-0.00367453,0.504765,,0,0,0,buffer
818,0.62638,1.37158,,1000.01,0,17.5422,,0.504527,-0.00163226,0.50453,,0,0,0,buffer
819,0.214588,1.49249,,1000.01,0,16.137,,0.501508,0.000151269,0.501508,,0,0,0,buffer
820,-0.214588,1.49249,,1000.01,0,15.3275,,0.499951,0.000342508,0.499951,,0,0,0,buffer
821,-0.62638,1.37158,,1000.01,0,16.1289,,0.499849,0.000331218,0.499849,,0,0,0,buffer
822,-0.987426,1.13955,,1000.01,0,16.4341,,0.499757,0.000280392,0.499757,,0,0,0,buffer
823,-1.26848,0.8152,,1000.01,0,17.4557,,0.499668,0.000213054,0.499669,,0,0,0,buffer
824,-1.44676,0.424808,,1000.01,0,17.7502,,0.499616,0.000112897,0.499616,,0,0,0,buffer
825,-1.50784,1.84657e-16,,1000.01,0,17.9616,,0.499595,4.9659e-20,0.499595,,0,0,0,buffer
826,-1.44676,-0.424808,,1000.01,0,17.7502,,0.499616,-0.000112897,0.499616,,0,0,0,buffer
827,-1.26848,-0.8152,,1000.01,0,17.4557,,0.499668,-0.000213054,0.499669,,0,0,0,buffer
828,-0.987426,-1.13955,,1000.01,0,16.4341,,0.499757,-0.000280392,0.499757,,0,0,0,buffer
829,-0.62638,-1.37158,,1000.01,0,16.1289,,0.499849,-0.000331218,0.499849,,0,0,0,buffer
830,-0.214588,-1.49249,,1000.01,0,15.3275,,0.499951,-0.000342508,0.499951,,0,0,0,buffer
831,0.214588,-1.49249,,1000.01,0,16.137,,0.501508,-0.000151269,0.501508,,0,0,0,buffer
832,0.62638,-1.37158,,1000.01,0,17.5422,,0.504527,0.00163226,0.50453,,0,0,0,buffer
833,0.987426,-1.13955,,1000.01,0,14.8082,,0.504751,0.00367453,0.504765,,0,0,0,buffer
834,1.26848,-0.8152,,1000.02,0,31.4755,,0.506738,0.00916978,0.506821,,0,0,0,buffer
835,1.44676,-0.424808,,1000,0,4.61175,,0.508415,0.0282897,0.509202,,0,0,0,buffer
836,1.59581,0,,999.986,0,-27.3641,,0.499382,3.66378e-16,0.499382,,0,0,0,buffer
837,1.53117,0.449592,,1000,0,4.61175,,0.508415,-0.0282897,0.509202,,0,0,0,buffer
838,1.34248,0.86276,,1000.02,0,31.4755,,0.506738,-0.00916978,0.506821,,0,0,0,buffer
839,1.04503,1.20603,,1000.01,0,14.8082,,0.504751,-0.00367453,0.504765,,0,0,0,buffer
840,0.662923,1.4516,,1000.01,0,17.5422,,0.504527,-0.00163226,0.50453,,0,0,0,buffer
841,0.227107,1.57957,,1000.01,0,16.137,,0.501508,0.000151269,0.501508,,0,0,0,buffer
842,-0.227107,1.57957,,1000.01,0,15.3275,,0.499951,0.000342508,0.499951,,0,0,0,buffer
843,-0.662923,1.4516,,1000.01,0,16.1289,,0.499849,0.000331218,0.499849,,0,0,0,buffer
844,-1.04503,1.20603,,1000.01,0,16.4341,,0.499757,0.000280392,0.499757,,0,0,0,buffer
845,-1.34248,0.86276,,1000.01,0,17.4557,,0.499668,0.000213054,0.499669,,0,0,0,buffer
846,-1.53117,0.449592,,1000.01,0,17.7502,,0.499616,0.000112897,0.499616,,0,0,0,buffer
847,-1.59581,1.9543e-16,,1000.01,0,17.9616,,0.499595,4.9659e-20,0.499595,,0,0,0,buffer
848,-1.53117,-0.449592,,1000.01,0,17.7502,,0.499616,-0.000112897,0.499616,,0,0,0,buffer
849,-1.34248,-0.86276,,1000.01,0,17.4557,,0.499668,-0.000213054,0.499669,,0,0,0,buffer
850,-1.04503,-1.20603,,1000.01,0,16.4341,,0.499757,-0.000280392,0.499757,,0,0,0,buffer
851,-0.662923,-1.4516,,1000.01,0,16.1289,,0.499849,-0.000331218,0.499849,,0,0,0,buffer
852,-0.227107,-1.57957,,1000.01,0,15.3275,,0.499951,-0.000342508,0.499951,,0,0,0,buffer
853,0.227107,-1.57957,,1000.01,0,16.137,,0.501508,-0.000151269,0.501508,,0,0,0,buffer
854,0.662923,-1.4516,,1000.01,0,17.5422,,0.504527,0.00163226,0.50453,,0,0,0,buffer
855,1.04503,-1.20603,,1000.01,0,14.8082,,0.504751,0.00367453,0.504765,,0,0,0,buffer
856,1.34248,-0.86276,,1000.02,0,31.4755,,0.506738,0.00916978,0.506821,,0,0,0,buffer
857,1.53117,-0.449592,,1000,0,4.61175,,0.508415,0.0282897,0.509202,,0,0,0,buffer
