h/dp :,2
L2norm Pressure,KE,dp,Nparticles
1470.32,140.993,0.5,800

t,1.4
ID,x,y,,rho,drhodt,pressure,,u,v,,dudt,dvdt,type
0,-1.25,-0.25,,1010.3,0,83375.5,,0,0,,0,0,boundary
1,-0.75,-0.25,,1010.3,0,83371.1,,0,0,,0,0,boundary
2,-0.25,-0.25,,1010.3,0,83382.7,,0,0,,0,0,boundary
3,0.25,-0.25,,1010.3,0,83373.8,,0,0,,0,0,boundary
4,0.75,-0.25,,1010.3,0,83363.7,,0,0,,0,0,boundary
5,1.25,-0.25,,1010.3,0,83361.9,,0,0,,0,0,boundary
6,1.75,-0.25,,1010.3,0,83358.1,,0,0,,0,0,boundary
7,2.25,-0.25,,1010.3,0,83350.5,,0,0,,0,0,boundary
8,2.75,-0.25,,1010.3,0,83344.1,,0,0,,0,0,boundary
9,3.25,-0.25,,1010.3,0,83339,,0,0,,0,0,boundary
10,3.75,-0.25,,1010.29,0,83333.4,,0,0,,0,0,boundary
11,4.25,-0.25,,1010.29,0,83328.1,,0,0,,0,0,boundary
12,4.75,-0.25,,1010.29,0,83323.7,,0,0,,0,0,boundary
13,5.25,-0.25,,1010.29,0,83320,,0,0,,0,0,boundary
14,5.75,-0.25,,1010.29,0,83317,,0,0,,0,0,boundary
15,6.25,-0.25,,1010.29,0,83314.5,,0,0,,0,0,boundary
16,6.75,-0.25,,1010.29,0,83312.3,,0,0,,0,0,boundary
17,7.25,-0.25,,1010.29,0,83310.8,,0,0,,0,0,boundary
18,7.75,-0.25,,1010.29,0,83309.8,,0,0,,0,0,boundary
19,8.25,-0.25,,1010.29,0,83309,,0,0,,0,0,boundary
20,8.75,-0.25,,1010.29,0,83308.7,,0,0,,0,0,boundary
21,9.25,-0.25,,1010.29,0,83308.9,,0,0,,0,0,boundary
22,9.75,-0.25,,1010.29,0,83309.2,,0,0,,0,0,boundary
23,10.25,-0.25,,1010.29,0,83309.6,,0,0,,0,0,boundary
24,10.75,-0.25,,1010.29,0,83310.2,,0,0,,0,0,boundary
25,11.25,-0.25,,1010.29,0,83310.8,,0,0,,0,0,boundary
26,11.75,-0.25,,1010.29,0,83311.3,,0,0,,0,0,boundary
27,12.25,-0.25,,1010.29,0,83311.5,,0,0,,0,0,boundary
28,12.75,-0.25,,1010.29,0,83311.5,,0,0,,0,0,boundary
29,13.25,-0.25,,1010.29,0,83311.3,,0,0,,0,0,boundary
30,13.75,-0.25,,1010.29,0,83310.8,,0,0,,0,0,boundary
31,14.25,-0.25,,1010.29,0,83310.2,,0,0,,0,0,boundary
32,14.75,-0.25,,1010.29,0,83309.6,,0,0,,0,0,boundary
33,15.25,-0.25,,1010.29,0,83309.2,,0,0,,0,0,boundary
34,15.75,-0.25,,1010.29,0,83308.9,,0,0,,0,0,boundary
35,16.25,-0.25,,1010.29,0,83308.7,,0,0,,0,0,boundary
36,16.75,-0.25,,1010.29,0,83309,,0,0,,0,0,boundary
37,17.25,-0.25,,1010.29,0,83309.8,,0,0,,0,0,boundary
38,17.75,-0.25,,1010.29,0,83310.8,,0,0,,0,0,boundary
39,18.25,-0.25,,1010.29,0,83312.3,,0,0,,0,0,boundary
40,18.75,-0.25,,1010.29,0,83314.5,,0,0,,0,0,boundary
41,19.25,-0.25,,1010.29,0,83317,,0,0,,0,0,boundary
42,19.75,-0.25,,1010.29,0,83320,,0,0,,0,0,boundary
43,20.25,-0.25,,1010.29,0,83323.7,,0,0,,0,0,boundary
44,20.75,-0.25,,1010.29,0,83328.1,,0,0,,0,0,boundary
45,21.25,-0.25,,1010.29,0,83333.4,,0,0,,0,0,boundary
46,21.75,-0.25,,1010.3,0,83339,,0,0,,0,0,boundary
47,22.25,-0.25,,1010.3,0,83344.1,,0,0,,0,0,boundary
48,22.75,-0.25,,1010.3,0,83350.5,,0,0,,0,0,boundary
49,23.25,-0.25,,1010.3,0,83358.1,,0,0,,0,0,boundary
50,23.75,-0.25,,1010.3,0,83361.9,,0,0,,0,0,boundary
51,24.25,-0.25,,1010.3,0,83363.7,,0,0,,0,0,boundary
52,24.75,-0.25,,1010.3,0,83373.8,,0,0,,0,0,boundary
53,25.25,-0.25,,1010.3,0,83382.7,,0,0,,0,0,boundary
54,25.75,-0.25,,1010.3,0,83371.1,,0,0,,0,0,boundary
55,26.25,-0.25,,1010.3,0,83375.5,,0,0,,0,0,boundary
56,-1.25,-0.75,,1010.92,0,88530.9,,0,0,,0,0,boundary
57,-0.75,-0.75,,1010.92,0,88522.4,,0,0,,0,0,boundary
58,-0.25,-0.75,,1010.92,0,88531.4,,0,0,,0,0,boundary
59,0.25,-0.75,,1010.92,0,88523.8,,0,0,,0,0,boundary
60,0.75,-0.75,,1010.91,0,88516,,0,0,,0,0,boundary
61,1.25,-0.75,,1010.91,0,88515.3,,0,0,,0,0,boundary
62,1.75,-0.75,,1010.91,0,88510.3,,0,0,,0,0,boundary
63,2.25,-0.75,,1010.91,0,88500.8,,0,0,,0,0,boundary
64,2.75,-0.75,,1010.91,0,88493.5,,0,0,,0,0,boundary
65,3.25,-0.75,,1010.91,0,88488,,0,0,,0,0,boundary
66,3.75,-0.75,,1010.91,0,88481.6,,0,0,,0,0,boundary
67,4.25,-0.75,,1010.91,0,88475.5,,0,0,,0,0,boundary
68,4.75,-0.75,,1010.91,0,88470.4,,0,0,,0,0,boundary
69,5.25,-0.75,,1010.91,0,88465.7,,0,0,,0,0,boundary
70,5.75,-0.75,,1010.91,0,88461.8,,0,0,,0,0,boundary
71,6.25,-0.75,,1010.91,0,88458.5,,0,0,,0,0,boundary
72,6.75,-0.75,,1010.91,0,88455.6,,0,0,,0,0,boundary
73,7.25,-0.75,,1010.91,0,88453.4,,0,0,,0,0,boundary
74,7.75,-0.75,,1010.91,0,88451.9,,0,0,,0,0,boundary
75,8.25,-0.75,,1010.91,0,88450.8,,0,0,,0,0,boundary
76,8.75,-0.75,,1010.91,0,88450.1,,0,0,,0,0,boundary
77,9.25,-0.75,,1010.91,0,88449.8,,0,0,,0,0,boundary
78,9.75,-0.75,,1010.91,0,88449.8,,0,0,,0,0,boundary
79,10.25,-0.75,,1010.91,0,88450.1,,0,0,,0,0,boundary
80,10.75,-0.75,,1010.91,0,88450.4,,0,0,,0,0,boundary
81,11.25,-0.75,,1010.91,0,88450.8,,0,0,,0,0,boundary
82,11.75,-0.75,,1010.91,0,88451.2,,0,0,,0,0,boundary
83,12.25,-0.75,,1010.91,0,88451.4,,0,0,,0,0,boundary
84,12.75,-0.75,,1010.91,0,88451.4,,0,0,,0,0,boundary
85,13.25,-0.75,,1010.91,0,88451.2,,0,0,,0,0,boundary
86,13.75,-0.75,,1010.91,0,88450.8,,0,0,,0,0,boundary
87,14.25,-0.75,,1010.91,0,88450.4,,0,0,,0,0,boundary
88,14.75,-0.75,,1010.91,0,88450.1,,0,0,,0,0,boundary
89,15.25,-0.75,,1010.91,0,88449.8,,0,0,,0,0,boundary
90,15.75,-0.75,,1010.91,0,88449.8,,0,0,,0,0,boundary
91,16.25,-0.75,,1010.91,0,88450.1,,0,0,,0,0,boundary
92,16.75,-0.75,,1010.91,0,88450.8,,0,0,,0,0,boundary
93,17.25,-0.75,,1010.91,0,88451.9,,0,0,,0,0,boundary
94,17.75,-0.75,,1010.91,0,88453.4,,0,0,,0,0,boundary
95,18.25,-0.75,,1010.91,0,88455.6,,0,0,,0,0,boundary
96,18.75,-0.75,,1010.91,0,88458.5,,0,0,,0,0,boundary
97,19.25,-0.75,,1010.91,0,88461.8,,0,0,,0,0,boundary
98,19.75,-0.75,,1010.91,0,88465.7,,0,0,,0,0,boundary
99,20.25,-0.75,,1010.91,0,88470.4,,0,0,,0,0,boundary
100,20.75,-0.75,,1010.91,0,88475.5,,0,0,,0,0,boundary
101,21.25,-0.75,,1010.91,0,88481.6,,0,0,,0,0,boundary
102,21.75,-0.75,,1010.91,0,88488,,0,0,,0,0,boundary
103,22.25,-0.75,,1010.91,0,88493.5,,0,0,,0,0,boundary
104,22.75,-0.75,,1010.91,0,88500.8,,0,0,,0,0,boundary
105,23.25,-0.75,,1010.91,0,88510.3,,0,0,,0,0,boundary
106,23.75,-0.75,,1010.91,0,88515.3,,0,0,,0,0,boundary
107,24.25,-0.75,,1010.91,0,88516,,0,0,,0,0,boundary
108,24.75,-0.75,,1010.92,0,88523.8,,0,0,,0,0,boundary
109,25.25,-0.75,,1010.92,0,88531.4,,0,0,,0,0,boundary
110,25.75,-0.75,,1010.92,0,88522.4,,0,0,,0,0,boundary
111,26.25,-0.75,,1010.92,0,88530.9,,0,0,,0,0,boundary
112,-1.25,-1.25,,1011.54,0,93721,,0,0,,0,0,boundary
113,-0.75,-1.25,,1011.53,0,93713.8,,0,0,,0,0,boundary
114,-0.25,-1.25,,1011.53,0,93718.8,,0,0,,0,0,boundary
115,0.25,-1.25,,1011.53,0,93711,,0,0,,0,0,boundary
116,0.75,-1.25,,1011.53,0,93706.2,,0,0,,0,0,boundary
117,1.25,-1.25,,1011.53,0,93704.8,,0,0,,0,0,boundary
118,1.75,-1.25,,1011.53,0,93695.6,,0,0,,0,0,boundary
119,2.25,-1.25,,1011.53,0,93683.5,,0,0,,0,0,boundary
120,2.75,-1.25,,1011.53,0,93676.4,,0,0,,0,0,boundary
121,3.25,-1.25,,1011.53,0,93670,,0,0,,0,0,boundary
122,3.75,-1.25,,1011.53,0,93661.2,,0,0,,0,0,boundary
123,4.25,-1.25,,1011.53,0,93653.1,,0,0,,0,0,boundary
124,4.75,-1.25,,1011.53,0,93646.4,,0,0,,0,0,boundary
125,5.25,-1.25,,1011.53,0,93639.8,,0,0,,0,0,boundary
126,5.75,-1.25,,1011.52,0,93633.7,,0,0,,0,0,boundary
127,6.25,-1.25,,1011.52,0,93628.9,,0,0,,0,0,boundary
128,6.75,-1.25,,1011.52,0,93624.9,,0,0,,0,0,boundary
129,7.25,-1.25,,1011.52,0,93621.7,,0,0,,0,0,boundary
130,7.75,-1.25,,1011.52,0,93619.1,,0,0,,0,0,boundary
131,8.25,-1.25,,1011.52,0,93617.1,,0,0,,0,0,boundary
132,8.75,-1.25,,1011.52,0,93615.7,,0,0,,0,0,boundary
133,9.25,-1.25,,1011.52,0,93614.5,,0,0,,0,0,boundary
134,9.75,-1.25,,1011.52,0,93613.9,,0,0,,0,0,boundary
135,10.25,-1.25,,1011.52,0,93613.7,,0,0,,0,0,boundary
136,10.75,-1.25,,1011.52,0,93613.6,,0,0,,0,0,boundary
137,11.25,-1.25,,1011.52,0,93613.6,,0,0,,0,0,boundary
138,11.75,-1.25,,1011.52,0,93613.7,,0,0,,0,0,boundary
139,12.25,-1.25,,1011.52,0,93613.8,,0,0,,0,0,boundary
140,12.75,-1.25,,1011.52,0,93613.8,,0,0,,0,0,boundary
141,13.25,-1.25,,1011.52,0,93613.7,,0,0,,0,0,boundary
142,13.75,-1.25,,1011.52,0,93613.6,,0,0,,0,0,boundary
143,14.25,-1.25,,1011.52,0,93613.6,,0,0,,0,0,boundary
144,14.75,-1.25,,1011.52,0,93613.7,,0,0,,0,0,boundary
145,15.25,-1.25,,1011.52,0,93613.9,,0,0,,0,0,boundary
146,15.75,-1.25,,1011.52,0,93614.5,,0,0,,0,0,boundary
147,16.25,-1.25,,1011.52,0,93615.7,,0,0,,0,0,boundary
148,16.75,-1.25,,1011.52,0,93617.1,,0,0,,0,0,boundary
149,17.25,-1.25,,1011.52,0,93619.1,,0,0,,0,0,boundary
150,17.75,-1.25,,1011.52,0,93621.7,,0,0,,0,0,boundary
151,18.25,-1.25,,1011.52,0,93624.9,,0,0,,0,0,boundary
152,18.75,-1.25,,1011.52,0,93628.9,,0,0,,0,0,boundary
153,19.25,-1.25,,1011.52,0,93633.7,,0,0,,0,0,boundary
154,19.75,-1.25,,1011.53,0,93639.8,,0,0,,0,0,boundary
155,20.25,-1.25,,1011.53,0,93646.4,,0,0,,0,0,boundary
156,20.75,-1.25,,1011.53,0,93653.1,,0,0,,0,0,boundary
157,21.25,-1.25,,1011.53,0,93661.2,,0,0,,0,0,boundary
158,21.75,-1.25,,1011.53,0,93670,,0,0,,0,0,boundary
159,22.25,-1.25,,1011.53,0,93676.4,,0,0,,0,0,boundary
160,22.75,-1.25,,1011.53,0,93683.5,,0,0,,0,0,boundary
161,23.25,-1.25,,1011.53,0,93695.6,,0,0,,0,0,boundary
162,23.75,-1.25,,1011.53,0,93704.8,,0,0,,0,0,boundary
163,24.25,-1.25,,1011.53,0,93706.2,,0,0,,0,0,boundary
164,24.75,-1.25,,1011.53,0,93711,,0,0,,0,0,boundary
165,25.25,-1.25,,1011.53,0,93718.8,,0,0,,0,0,boundary
166,25.75,-1.25,,1011.53,0,93713.8,,0,0,,0,0,boundary
167,26.25,-1.25,,1011.54,0,93721,,0,0,,0,0,boundary
168,-0.25,0.25,,1009.69,0,78262.2,,0,0,,0,0,boundary
169,-0.25,0.75,,1009.07,0,73157.8,,0,0,,0,0,boundary
170,-0.25,1.25,,1008.46,0,68068.8,,0,0,,0,0,boundary
171,-0.25,1.75,,1007.84,0,62992.7,,0,0,,0,0,boundary
172,-0.25,2.25,,1007.22,0,57924.8,,0,0,,0,0,boundary
173,-0.25,2.75,,1006.6,0,52862.5,,0,0,,0,0,boundary
174,-0.25,3.25,,1005.98,0,47801.4,,0,0,,0,0,boundary
175,-0.25,3.75,,1005.36,0,42734.1,,0,0,,0,0,boundary
176,-0.25,4.25,,1004.73,0,37680.9,,0,0,,0,0,boundary
177,-0.25,4.75,,1004.11,0,32657.5,,0,0,,0,0,boundary
178,-0.25,5.25,,1003.48,0,27595.8,,0,0,,0,0,boundary
179,-0.25,5.75,,1002.83,0,22424.6,,0,0,,0,0,boundary
180,-0.25,6.25,,1002.18,0,17216.4,,0,0,,0,0,boundary
181,-0.25,6.75,,1001.54,0,12145.4,,0,0,,0,0,boundary
182,-0.25,7.25,,1000.93,0,7294.89,,0,0,,0,0,boundary
183,-0.25,7.75,,1000.97,0,7634.82,,0,0,,0,0,boundary
184,-0.25,8.25,,1000.83,0,6498.93,,0,0,,0,0,boundary
185,-0.25,8.75,,1000.73,0,5778.87,,0,0,,0,0,boundary
186,-0.25,9.25,,1000.7,0,5524.29,,0,0,,0,0,boundary
187,-0.25,9.75,,1000,0,0,,0,0,,0,0,boundary
188,-0.75,0.25,,1009.68,0,78251.9,,0,0,,0,0,boundary
189,-0.75,0.75,,1009.07,0,73149.8,,0,0,,0,0,boundary
190,-0.75,1.25,,1008.45,0,68061.7,,0,0,,0,0,boundary
191,-0.75,1.75,,1007.84,0,62984.9,,0,0,,0,0,boundary
192,-0.75,2.25,,1007.22,0,57916.1,,0,0,,0,0,boundary
193,-0.75,2.75,,1006.6,0,52853.4,,0,0,,0,0,boundary
194,-0.75,3.25,,1005.98,0,47790,,0,0,,0,0,boundary
195,-0.75,3.75,,1005.36,0,42716.7,,0,0,,0,0,boundary
196,-0.75,4.25,,1004.73,0,37663.1,,0,0,,0,0,boundary
197,-0.75,4.75,,1004.11,0,32646.3,,0,0,,0,0,boundary
198,-0.75,5.25,,1003.48,0,27586.4,,0,0,,0,0,boundary
199,-0.75,5.75,,1002.83,0,22431.2,,0,0,,0,0,boundary
200,-0.75,6.25,,1002.19,0,17277.7,,0,0,,0,0,boundary
201,-0.75,6.75,,1001.57,0,12359.3,,0,0,,0,0,boundary
202,-0.75,7.25,,1000.99,0,7782.55,,0,0,,0,0,boundary
203,-0.75,7.75,,1000.5,0,3897.8,,0,0,,0,0,boundary
204,-0.75,8.25,,1000.79,0,6210.03,,0,0,,0,0,boundary
205,-0.75,8.75,,1000.72,0,5652.15,,0,0,,0,0,boundary
206,-0.75,9.25,,1000.69,0,5461.15,,0,0,,0,0,boundary
207,-0.75,9.75,,1000,0,0,,0,0,,0,0,boundary
208,-1.25,0.25,,1009.69,0,78256.4,,0,0,,0,0,boundary
209,-1.25,0.75,,1009.07,0,73157.1,,0,0,,0,0,boundary
210,-1.25,1.25,,1008.46,0,68068,,0,0,,0,0,boundary
211,-1.25,1.75,,1007.84,0,62986.2,,0,0,,0,0,boundary
212,-1.25,2.25,,1007.22,0,57910.7,,0,0,,0,0,boundary
213,-1.25,2.75,,1006.6,0,52843.5,,0,0,,0,0,boundary
214,-1.25,3.25,,1005.98,0,47777.3,,0,0,,0,0,boundary
215,-1.25,3.75,,1005.35,0,42693.1,,0,0,,0,0,boundary
216,-1.25,4.25,,1004.73,0,37620.3,,0,0,,0,0,boundary
217,-1.25,4.75,,1004.1,0,32603.2,,0,0,,0,0,boundary
218,-1.25,5.25,,1003.47,0,27552.7,,0,0,,0,0,boundary
219,-1.25,5.75,,1002.83,0,22401.6,,0,0,,0,0,boundary
220,-1.25,6.25,,1002.18,0,17256.3,,0,0,,0,0,boundary
221,-1.25,6.75,,1001.59,0,12500.4,,0,0,,0,0,boundary
222,-1.25,7.25,,1001.06,0,8339.85,,0,0,,0,0,boundary
223,-1.25,7.75,,1000.59,0,4623.28,,0,0,,0,0,boundary
224,-1.25,8.25,,1000.77,0,6022.87,,0,0,,0,0,boundary
225,-1.25,8.75,,1000.7,0,5533.78,,0,0,,0,0,boundary
226,-1.25,9.25,,1000.69,0,5395.84,,0,0,,0,0,boundary
227,-1.25,9.75,,1000,0,0,,0,0,,0,0,boundary
228,25.25,0.25,,1009.69,0,78262.2,,0,0,,0,0,boundary
229,25.25,0.75,,1009.07,0,73157.8,,0,0,,0,0,boundary
230,25.25,1.25,,1008.46,0,68068.8,,0,0,,0,0,boundary
231,25.25,1.75,,1007.84,0,62992.7,,0,0,,0,0,boundary
232,25.25,2.25,,1007.22,0,57924.8,,0,0,,0,0,boundary
233,25.25,2.75,,1006.6,0,52862.5,,0,0,,0,0,boundary
234,25.25,3.25,,1005.98,0,47801.4,,0,0,,0,0,boundary
235,25.25,3.75,,1005.36,0,42734.1,,0,0,,0,0,boundary
236,25.25,4.25,,1004.73,0,37680.9,,0,0,,0,0,boundary
237,25.25,4.75,,1004.11,0,32657.5,,0,0,,0,0,boundary
238,25.25,5.25,,1003.48,0,27595.8,,0,0,,0,0,boundary
239,25.25,5.75,,1002.83,0,22424.6,,0,0,,0,0,boundary
240,25.25,6.25,,1002.18,0,17216.4,,0,0,,0,0,boundary
241,25.25,6.75,,1001.54,0,12145.4,,0,0,,0,0,boundary
242,25.25,7.25,,1000.93,0,7294.89,,0,0,,0,0,boundary
243,25.25,7.75,,1000.97,0,7634.82,,0,0,,0,0,boundary
244,25.25,8.25,,1000.83,0,6498.93,,0,0,,0,0,boundary
245,25.25,8.75,,1000.73,0,5778.87,,0,0,,0,0,boundary
246,25.25,9.25,,1000.7,0,5524.29,,0,0,,0,0,boundary
247,25.25,9.75,,1000,0,0,,0,0,,0,0,boundary
248,25.75,0.25,,1009.68,0,78251.9,,0,0,,0,0,boundary
249,25.75,0.75,,1009.07,0,73149.8,,0,0,,0,0,boundary
250,25.75,1.25,,1008.45,0,68061.7,,0,0,,0,0,boundary
251,25.75,1.75,,1007.84,0,62984.9,,0,0,,0,0,boundary
252,25.75,2.25,,1007.22,0,57916.1,,0,0,,0,0,boundary
253,25.75,2.75,,1006.6,0,52853.4,,0,0,,0,0,boundary
254,25.75,3.25,,1005.98,0,47790,,0,0,,0,0,boundary
255,25.75,3.75,,1005.36,0,42716.7,,0,0,,0,0,boundary
256,25.75,4.25,,1004.73,0,37663.1,,0,0,,0,0,boundary
257,25.75,4.75,,1004.11,0,32646.3,,0,0,,0,0,boundary
258,25.75,5.25,,1003.48,0,27586.4,,0,0,,0,0,boundary
259,25.75,5.75,,1002.83,0,22431.2,,0,0,,0,0,boundary
260,25.75,6.25,,1002.19,0,17277.7,,0,0,,0,0,boundary
261,25.75,6.75,,1001.57,0,12359.3,,0,0,,0,0,boundary
262,25.75,7.25,,1000.99,0,7782.55,,0,0,,0,0,boundary
263,25.75,7.75,,1000.5,0,3897.8,,0,0,,0,0,boundary
264,25.75,8.25,,1000.79,0,6210.03,,0,0,,0,0,boundary
265,25.75,8.75,,1000.72,0,5652.15,,0,0,,0,0,boundary
266,25.75,9.25,,1000.69,0,5461.15,,0,0,,0,0,boundary
267,25.75,9.75,,1000,0,0,,0,0,,0,0,boundary
268,26.25,0.25,,1009.69,0,78256.4,,0,0,,0,0,boundary
269,26.25,0.75,,1009.07,0,73157.1,,0,0,,0,0,boundary
270,26.25,1.25,,1008.46,0,68068,,0,0,,0,0,boundary
271,26.25,1.75,,1007.84,0,62986.2,,0,0,,0,0,boundary
272,26.25,2.25,,1007.22,0,57910.7,,0,0,,0,0,boundary
273,26.25,2.75,,1006.6,0,52843.5,,0,0,,0,0,boundary
274,26.25,3.25,,1005.98,0,47777.3,,0,0,,0,0,boundary
275,26.25,3.75,,1005.35,0,42693.1,,0,0,,0,0,boundary
276,26.25,4.25,,1004.73,0,37620.3,,0,0,,0,0,boundary
277,26.25,4.75,,1004.1,0,32603.2,,0,0,,0,0,boundary
278,26.25,5.25,,1003.47,0,27552.7,,0,0,,0,0,boundary
279,26.25,5.75,,1002.83,0,22401.6,,0,0,,0,0,boundary
280,26.25,6.25,,1002.18,0,17256.3,,0,0,,0,0,boundary
281,26.25,6.75,,1001.59,0,12500.4,,0,0,,0,0,boundary
282,26.25,7.25,,1001.06,0,8339.85,,0,0,,0,0,boundary
283,26.25,7.75,,1000.59,0,4623.28,,0,0,,0,0,boundary
284,26.25,8.25,,1000.77,0,6022.87,,0,0,,0,0,boundary
285,26.25,8.75,,1000.7,0,5533.78,,0,0,,0,0,boundary
286,26.25,9.25,,1000.69,0,5395.84,,0,0,,0,0,boundary
287,26.25,9.75,,1000,0,0,,0,0,,0,0,boundary
288,0.250287,0.249218,,1009.69,-1.4682,78266.8,,0.00024202,0.00134389,,0.00937407,9.81987,fluid
289,0.250378,0.747803,,1009.07,-1.53309,73178.7,,0.000249688,0.00137382,,0.00948606,9.82583,fluid
290,0.250446,1.24628,,1008.46,-1.55816,68106.1,,0.00033809,0.00191212,,0.0105147,9.83182,fluid
291,0.250486,1.74466,,1007.85,-1.59122,63046.3,,0.000165548,0.00187739,,0.0121779,9.83576,fluid
292,0.250672,2.24279,,1007.23,-1.63632,58005.2,,0.000534524,0.00287325,,0.0111324,9.84784,fluid
293,0.250748,2.74061,,1006.61,-1.64109,52947.1,,0.000661791,0.00233183,,0.0154768,9.86529,fluid
294,0.250987,3.23846,,1006,-1.60336,47930.5,,-0.000434698,0.00412422,,0.0108323,9.87103,fluid
295,0.251012,3.73504,,1005.38,-1.51819,42907.4,,0.000862938,0.00547373,,0.0171282,9.90891,fluid
296,0.251704,4.23254,,1004.75,-1.45244,37810.2,,-0.00311762,0.00283167,,0.00444473,9.89898,fluid
297,0.253168,4.72537,,1004.14,-1.21443,32913,,0.00487675,0.0149279,,-0.0106365,9.97776,fluid
298,0.250097,5.22426,,1003.51,-1.09997,27875.5,,-0.00285855,-3.41814e-05,,0.0530615,9.94187,fluid
299,0.254132,5.71772,,1002.92,-1.20377,23105.9,,-0.0347584,0.0472237,,-0.071163,9.93897,fluid
300,0.267088,6.18541,,1002.2,-0.299937,17363.3,,0.0435538,0.00183304,,-0.0739898,10.2973,fluid
301,0.192206,6.73584,,1001.63,-0.638153,12845.2,,0.0141598,0.0403651,,0.356332,9.68733,fluid
302,0.278629,7.12026,,1001.01,-0.902727,7954.33,,-0.0742654,0.340453,,0.108098,10.1548,fluid
303,0.657734,7.53781,,1000.74,-0.32919,5855.89,,-0.19066,0.141951,,-0.276359,10.3764,fluid
304,0.7517,0.24927,,1009.68,-1.43762,78235.4,,0.0015283,0.00147236,,0.00980007,9.82054,fluid
305,0.751958,0.74768,,1009.07,-1.49542,73159.3,,0.00161311,0.00100512,,0.00810549,9.8256,fluid
306,0.752149,1.24599,,1008.46,-1.51271,68087.4,,0.00176401,0.00148389,,0.00829928,9.83317,fluid
307,0.752465,1.74422,,1007.84,-1.54099,63026,,0.00171244,0.00106764,,0.00871941,9.83762,fluid
308,0.752756,2.2423,,1007.23,-1.59504,57988.2,,0.00129925,0.00180415,,0.00843011,9.84741,fluid
309,0.753336,2.73985,,1006.61,-1.60084,52926,,0.00151349,0.00101946,,0.0101869,9.8687,fluid
310,0.753785,3.23788,,1006,-1.568,47905.2,,0.000187048,0.00196544,,0.00616682,9.86633,fluid
311,0.754836,3.73376,,1005.38,-1.4785,42915.7,,0.000685661,0.00457648,,0.0018902,9.91687,fluid
312,0.756032,4.23178,,1004.74,-1.45726,37766.6,,0.000311346,-0.00410328,,0.0142554,9.88681,fluid
313,0.756467,4.72684,,1004.14,-1.27062,32900,,-0.0095251,0.0207278,,-0.0207593,9.9592,fluid
314,0.763181,5.21665,,1003.52,-0.952826,27896.7,,0.00509501,-0.00765917,,-0.0150851,10.0371,fluid
315,0.758356,5.72186,,1002.9,-1.2347,22919.4,,-0.0173535,0.0098937,,0.0655184,9.81212,fluid
316,0.774814,6.19498,,1002.3,-0.784477,18138,,-0.0669726,0.0493979,,-0.105952,10.2017,fluid
317,0.794057,6.64908,,1001.62,-0.138429,12793.5,,-0.0060817,-0.0553497,,-0.094104,10.1608,fluid
318,0.709471,7.17251,,1001.23,-0.531448,9653.42,,-0.222708,0.0686614,,0.174483,10.3783,fluid
319,0.913702,7.69485,,1000.69,-0.162496,5404.16,,-0.181014,0.00146732,,-0.0836975,10.4108,fluid
320,1.253,0.249228,,1009.69,-1.45006,78257,,0.00155542,0.00136771,,0.00242167,9.81747,fluid
321,1.25336,0.747692,,1009.07,-1.51529,73185.9,,0.00168586,0.000743727,,0.0012251,9.82538,fluid
322,1.25369,1.24615,,1008.46,-1.51668,68106.7,,0.00168229,0.00111908,,0.000892466,9.83269,fluid
323,1.25411,1.74446,,1007.85,-1.51885,63041.6,,0.00208664,0.000839778,,0.00286749,9.8387,fluid
324,1.25459,2.24276,,1007.23,-1.55572,57999.8,,0.00147067,0.00110165,,-4.75769e-05,9.84558,fluid
325,1.25551,2.74034,,1006.61,-1.54288,52936.9,,0.00225783,0.000832234,,-0.000787522,9.86911,fluid
326,1.25606,3.23873,,1005.99,-1.502,47894.6,,0.000494504,-8.06706e-05,,-9.07109e-05,9.86084,fluid
327,1.25797,3.73519,,1005.38,-1.41605,42934.1,,-0.00120367,0.00476238,,-0.0210869,9.90662,fluid
328,1.26001,4.232,,1004.75,-1.35746,37805.6,,0.00367645,-0.00656072,,-0.00547959,9.90828,fluid
329,1.25936,4.73127,,1004.13,-1.28641,32791.7,,-0.01236,0.00796388,,-0.016581,9.89406,fluid
330,1.27054,5.21825,,1003.52,-0.940778,27952.7,,-0.0050435,0.00107285,,-0.0796779,10.0534,fluid
331,1.27272,5.72186,,1002.89,-0.943232,22839.3,,0.00482837,-0.00819308,,-0.0379445,9.90463,fluid
332,1.27537,6.22218,,1002.24,-0.823154,17711.8,,-0.0363422,0.00361661,,-0.00872516,10.0338,fluid
333,1.30823,6.69124,,1001.53,-0.560874,12084.4,,-0.0738884,0.0251836,,-0.229287,10.1009,fluid
334,1.36977,7.20424,,1001.08,0.0519308,8476.44,,-0.0132767,-0.171945,,-0.267887,10.1929,fluid
335,1.34609,7.74344,,1000.69,0.0045582,5429.11,,-0.0621354,-0.140139,,-0.132996,10.2452,fluid
336,1.75422,0.249292,,1009.68,-1.4858,78246.3,,0.00190121,0.00119364,,0.011186,9.81662,fluid
337,1.75462,0.747836,,1009.07,-1.54407,73164.7,,0.00237776,0.00052189,,0.0133121,9.82629,fluid
338,1.75502,1.24647,,1008.46,-1.52492,68080.5,,0.00234415,0.000829994,,0.0116757,9.83049,fluid
339,1.75566,1.74484,,1007.84,-1.51541,63024.6,,0.00308578,0.000923041,,0.00901198,9.8369,fluid
340,1.75625,2.24344,,1007.23,-1.55322,57981.3,,0.00227735,6.76519e-05,,0.00525857,9.84015,fluid
341,1.75745,2.7413,,1006.61,-1.53403,52933.8,,0.00242594,0.0014235,,-0.00382154,9.86549,fluid
342,1.75844,3.23948,,1005.99,-1.47897,47872.4,,0.00312161,-0.0025043,,0.00269653,9.86274,fluid
343,1.75992,3.7379,,1005.38,-1.43295,42890.5,,-0.00169092,0.00273418,,-0.0150772,9.87558,fluid
344,1.76357,4.23337,,1004.76,-1.32161,37868,,0.00239625,-0.00220926,,-0.0310602,9.93275,fluid
345,1.76416,4.73354,,1004.12,-1.2699,32733.1,,-0.000477085,-0.00724121,,-0.000559496,9.87188,fluid
346,1.76891,5.22921,,1003.51,-1.08822,27857.1,,-0.0154274,0.00248517,,-0.0533173,9.97337,fluid
347,1.78097,5.72295,,1002.89,-0.893995,22891.3,,-0.00650286,-0.00229038,,-0.0798379,9.96581,fluid
348,1.77789,6.23499,,1002.23,-0.702316,17609.3,,-0.0209211,-0.0340795,,-0.0650976,9.98399,fluid
349,1.79065,6.72174,,1001.62,-0.757699,12814.5,,-0.0458901,0.0109639,,-0.144831,9.94031,fluid
350,1.8675,7.23376,,1000.98,-0.335355,7708.8,,-0.000931428,-0.10231,,-0.275131,10.0041,fluid
351,1.88638,7.76403,,1000.67,-0.0859186,5282.11,,0.0375497,-0.145163,,-0.344454,10.0583,fluid
352,2.25533,0.249407,,1009.68,-1.45379,78229.3,,0.00294765,0.00114915,,0.0103605,9.81671,fluid
353,2.25584,0.748093,,1009.07,-1.48153,73146.3,,0.00369294,0.000819694,,0.00924138,9.82668,fluid
354,2.25628,1.24695,,1008.46,-1.45422,68064.9,,0.00370381,0.000605906,,0.00625309,9.82633,fluid
355,2.25704,1.74552,,1007.84,-1.46085,63014.9,,0.00408681,0.00134197,,0.00302003,9.83374,fluid
356,2.25778,2.24426,,1007.23,-1.50919,57960,,0.0040421,-0.000737077,,0.00429709,9.83926,fluid
357,2.25883,2.74291,,1006.61,-1.50153,52915.3,,0.00276192,0.00174791,,-0.00396751,9.85318,fluid
358,2.26059,3.24074,,1005.99,-1.43507,47869.5,,0.00434471,-0.00146812,,-0.008839,9.87164,fluid
359,2.26183,3.74029,,1005.37,-1.425,42831.4,,0.00286429,-0.00158172,,-0.0058616,9.85457,fluid
360,2.26438,4.23756,,1004.75,-1.33252,37853.6,,-0.00159065,0.00135565,,-0.033436,9.91574,fluid
361,2.26979,4.73535,,1004.12,-1.20042,32760,,0.00374102,-0.00641504,,-0.0459585,9.90488,fluid
362,2.26975,5.23607,,1003.51,-1.11262,27817.3,,0.00109077,-0.0113287,,-0.0209475,9.90931,fluid
363,2.27606,5.73253,,1002.88,-0.958444,22789.7,,-0.0126714,-0.00253174,,-0.068216,9.94599,fluid
364,2.29342,6.22776,,1002.2,-0.632355,17387.1,,0.000703172,-0.0469175,,-0.108193,9.9901,fluid
365,2.28697,6.72054,,1001.66,-0.554733,13064.8,,-0.00100524,-0.0330617,,-0.0595462,9.93301,fluid
366,2.33021,7.25495,,1001,-0.497886,7850.44,,0.0226184,-0.0555499,,-0.149775,9.87105,fluid
367,2.35236,7.78409,,1000.65,-0.162827,5123.62,,0.0442592,-0.0956698,,-0.26087,9.88325,fluid
368,2.75624,0.249492,,1009.68,-1.42542,78231.5,,0.00339493,0.000924375,,0.00581505,9.81402,fluid
369,2.75683,0.748373,,1009.07,-1.4483,73154.3,,0.00402772,0.00111339,,0.00305847,9.82356,fluid
370,2.75731,1.24743,,1008.46,-1.42835,68072.5,,0.00416486,0.000191019,,0.0016093,9.82437,fluid
371,2.75807,1.74634,,1007.84,-1.44221,63016.5,,0.00428443,0.00162239,,-0.000486271,9.83016,fluid
372,2.75902,2.24513,,1007.23,-1.47415,57957.3,,0.00508455,-0.000555804,,-0.000938814,9.84249,fluid
373,2.75992,2.74437,,1006.61,-1.46511,52898.6,,0.00441881,0.000662984,,-0.00316061,9.84177,fluid
374,2.76164,3.24274,,1005.99,-1.40056,47875.6,,0.00384445,0.000302857,,-0.0155755,9.86699,fluid
375,2.76384,3.74196,,1005.37,-1.38525,42825.1,,0.00579746,-0.00261461,,-0.016632,9.85842,fluid
376,2.76489,4.24095,,1004.75,-1.33389,37793.5,,0.00308092,-0.0026953,,-0.0166093,9.8861,fluid
377,2.76987,4.7397,,1004.12,-1.19404,32746.7,,0.00106309,-0.0032167,,-0.0450991,9.89786,fluid
378,2.77403,5.23812,,1003.51,-1.06938,27849,,0.00466109,-0.0102929,,-0.0551941,9.92098,fluid
379,2.77657,5.73983,,1002.89,-1.00496,22841.9,,0.0051616,-0.0138922,,-0.052683,9.9025,fluid
380,2.78873,6.24436,,1002.19,-0.737364,17306.3,,0.00700305,-0.0253511,,-0.111577,9.94953,fluid
381,2.79619,6.72405,,1001.6,-0.377155,12624.8,,0.0197531,-0.0374104,,-0.119635,9.9694,fluid
382,2.82651,7.26193,,1001.04,-0.458854,8152.78,,0.0549923,-0.045941,,-0.140455,9.87118,fluid
383,2.83948,7.79528,,1000.65,-0.208921,5096.13,,0.0745871,-0.0565785,,-0.170392,9.8074,fluid
384,3.25697,0.249567,,1009.68,-1.41805,78225.2,,0.00395251,0.000619259,,0.0077199,9.81349,fluid
385,3.2576,0.748718,,1009.07,-1.44666,73143.4,,0.0045873,0.00129936,,0.00711843,9.82053,fluid
386,3.25812,1.24789,,1008.45,-1.42573,68058.1,,0.00503087,0.000124902,,0.00666773,9.82528,fluid
387,3.25883,1.74716,,1007.84,-1.42958,62995.3,,0.00525228,0.00155045,,0.00555284,9.82504,fluid
388,3.25985,2.24618,,1007.23,-1.44663,57946.5,,0.00556768,0.000330609,,-0.00121367,9.84041,fluid
389,3.26096,2.74556,,1006.61,-1.43363,52882,,0.00616738,0.000107247,,-0.004115,9.83753,fluid
390,3.26216,3.24471,,1005.99,-1.37914,47856.1,,0.00526864,0.000140038,,-0.00995337,9.85482,fluid
391,3.26458,3.74422,,1005.37,-1.3578,42828.2,,0.00573103,-0.000859322,,-0.0229125,9.85647,fluid
392,3.26657,4.24306,,1004.75,-1.31396,37784.5,,0.00762608,-0.00340646,,-0.0253161,9.88195,fluid
393,3.26918,4.74403,,1004.11,-1.2006,32688.5,,0.00766995,-0.00592623,,-0.0289896,9.87616,fluid
394,3.27364,5.24239,,1003.5,-1.05973,27788.2,,0.0068444,-0.00631672,,-0.0453006,9.91259,fluid
395,3.27825,5.74215,,1002.89,-0.991556,22887.8,,0.0106578,-0.0144229,,-0.0518966,9.90279,fluid
396,3.28442,6.25258,,1002.21,-0.866175,17435.2,,0.0169229,-0.0229237,,-0.0569335,9.8985,fluid
397,3.28715,6.73589,,1001.58,-0.484778,12476.2,,0.018448,-0.0251018,,-0.0777414,9.93712,fluid
398,3.31076,7.26834,,1001.05,-0.457683,8230.15,,0.054532,-0.0279899,,-0.102178,9.87722,fluid
399,3.32299,7.80031,,1000.65,-0.252949,5084.71,,0.0817956,-0.0236426,,-0.0985801,9.80213,fluid
400,3.7575,0.249616,,1009.68,-1.38591,78216.8,,0.00454848,0.000580917,,0.00700408,9.81516,fluid
401,3.75816,0.749045,,1009.07,-1.40542,73130.8,,0.005325,0.00133057,,0.00627978,9.81766,fluid
402,3.7587,1.24838,,1008.45,-1.37734,68046.7,,0.0057479,0.000448963,,0.00351171,9.82502,fluid
403,3.75945,1.74786,,1007.84,-1.37489,62981.6,,0.00647798,0.00142158,,0.0026912,9.82107,fluid
404,3.76029,2.24728,,1007.22,-1.4003,57936.2,,0.00640491,0.000619614,,-0.00193911,9.83361,fluid
405,3.76151,2.74683,,1006.6,-1.39678,52872.4,,0.00685806,0.000730271,,-0.00757368,9.83499,fluid
406,3.76276,3.2462,,1005.99,-1.35012,47837.3,,0.00762229,-7.05793e-05,,-0.0100178,9.84891,fluid
407,3.76442,3.74656,,1005.37,-1.33443,42811.7,,0.00755054,-0.000698094,,-0.0158771,9.84552,fluid
408,3.76682,4.24553,,1004.75,-1.3065,37790.1,,0.00774866,-0.000912506,,-0.02792,9.87587,fluid
409,3.76974,4.74645,,1004.12,-1.21665,32700.1,,0.0111609,-0.00557209,,-0.0352659,9.87116,fluid
410,3.77245,5.2471,,1003.5,-1.07328,27727.3,,0.0129978,-0.00483649,,-0.0417365,9.89956,fluid
411,3.77676,5.74685,,1002.88,-0.952828,22827.5,,0.0166955,-0.00889394,,-0.0516579,9.90296,fluid
412,3.78287,6.25605,,1002.21,-0.839326,17455.9,,0.0260274,-0.0163472,,-0.0494483,9.90117,fluid
413,3.78435,6.74173,,1001.56,-0.537003,12338.8,,0.0301392,-0.0197074,,-0.0434626,9.90944,fluid
414,3.79863,7.2735,,1001.04,-0.427678,8204.17,,0.056703,-0.0133082,,-0.0470228,9.87076,fluid
415,3.8072,7.80203,,1000.65,-0.282463,5095.39,,0.0783598,0.00190914,,-0.0377575,9.82369,fluid
416,4.25785,0.249681,,1009.68,-1.34641,78214.4,,0.00492885,0.000770301,,0.004867,9.81506,fluid
417,4.25853,0.749326,,1009.07,-1.36226,73129.8,,0.00585575,0.00126551,,0.00352188,9.81469,fluid
418,4.25903,1.24888,,1008.45,-1.33781,68045.8,,0.00609397,0.000688432,,0.000963237,9.82234,fluid
419,4.25981,1.74854,,1007.84,-1.33616,62980.6,,0.00691288,0.00170004,,-0.000688992,9.81885,fluid
420,4.26059,2.24818,,1007.22,-1.36824,57932.2,,0.00739501,0.000701812,,-0.00285346,9.82953,fluid
421,4.26158,2.74813,,1006.6,-1.37131,52866,,0.00758857,0.00122622,,-0.00653796,9.82986,fluid
422,4.26297,3.24763,,1005.99,-1.33146,47831.3,,0.00828725,0.000996705,,-0.0131896,9.84434,fluid
423,4.26453,3.74818,,1005.37,-1.31889,42801.4,,0.00997401,-0.000491895,,-0.0169286,9.84147,fluid
424,4.26617,4.24802,,1004.75,-1.29631,37773.1,,0.0103709,-3.62935e-05,,-0.019118,9.86729,fluid
425,4.26886,4.74897,,1004.12,-1.2335,32699.1,,0.0121714,-0.00277641,,-0.026047,9.86457,fluid
426,4.27149,5.24973,,1003.5,-1.12161,27723.2,,0.0150119,-0.00276541,,-0.0319908,9.89055,fluid
427,4.27433,5.75102,,1002.88,-0.988902,22811,,0.0189881,-0.00477949,,-0.0407024,9.89262,fluid
428,4.27859,6.26016,,1002.22,-0.837626,17502.5,,0.0263501,-0.00688819,,-0.0437167,9.9064,fluid
429,4.28059,6.7459,,1001.56,-0.557307,12306.9,,0.0322281,-0.0110373,,-0.0372168,9.91267,fluid
430,4.29025,7.27569,,1001.04,-0.423254,8197.08,,0.0549746,-0.00110566,,-0.0205887,9.88723,fluid
431,4.29553,7.80118,,1000.65,-0.302428,5123.15,,0.0718039,0.0198517,,-0.000300232,9.85879,fluid
432,4.75802,0.249768,,1009.68,-1.31084,78209.4,,0.00527931,0.000912386,,0.00462387,9.81327,fluid
433,4.75873,0.749577,,1009.07,-1.33157,73124.6,,0.0062461,0.00128843,,0.00343997,9.81313,fluid
434,4.75918,1.24931,,1008.45,-1.3113,68036.4,,0.00665431,0.000806229,,0.00261479,9.8203,fluid
435,4.75989,1.7492,,1007.84,-1.30813,62969.7,,0.00736176,0.00203264,,0.00144484,9.81604,fluid
436,4.76068,2.249,,1007.22,-1.34029,57921.9,,0.00792445,0.0012361,,-0.00231807,9.82669,fluid
437,4.76155,2.74916,,1006.6,-1.34328,52856.5,,0.00869243,0.00158573,,-0.00488964,9.82619,fluid
438,4.76264,3.24907,,1005.98,-1.31192,47820,,0.00903502,0.00176464,,-0.00891493,9.83725,fluid
439,4.76421,3.74966,,1005.37,-1.31336,42794.1,,0.0103055,0.00109984,,-0.0164656,9.8371,fluid
440,4.76577,4.24972,,1004.74,-1.28776,37767.1,,0.0121839,0.00117341,,-0.0212767,9.86542,fluid
441,4.76767,4.75137,,1004.11,-1.22114,32690.5,,0.0147653,-0.000613321,,-0.023277,9.86004,fluid
442,4.76971,5.25208,,1003.49,-1.129,27704.2,,0.0171736,0.000609929,,-0.0223105,9.88821,fluid
443,4.77215,5.75339,,1002.88,-1.01926,22778.6,,0.0213552,-0.00147869,,-0.022578,9.88772,fluid
444,4.77468,6.26254,,1002.22,-0.872301,17507.1,,0.0270037,-0.00083341,,-0.0197521,9.90785,fluid
445,4.77576,6.74884,,1001.56,-0.608746,12289.7,,0.030836,-0.00316019,,-0.0170615,9.91573,fluid
446,4.7821,7.27705,,1001.04,-0.429592,8160.68,,0.048526,0.00909442,,0.000823719,9.90381,fluid
447,4.78548,7.79932,,1000.65,-0.322121,5146.9,,0.06167,0.031695,,0.0217794,9.89467,fluid
448,5.25804,0.249844,,1009.68,-1.26791,78204.2,,0.00564976,0.000911426,,0.00396514,9.8115,fluid
449,5.25873,0.749815,,1009.07,-1.29054,73117.6,,0.00656364,0.00139552,,0.00319384,9.81207,fluid
450,5.25918,1.2497,,1008.45,-1.26942,68028.4,,0.00709666,0.00108235,,0.00160216,9.81874,fluid
451,5.25981,1.74976,,1007.84,-1.26352,62962,,0.00799313,0.00227818,,0.000721598,9.81344,fluid
452,5.26048,2.24978,,1007.22,-1.29953,57912.6,,0.00835144,0.00171103,,-0.00249139,9.82243,fluid
453,5.26135,2.75004,,1006.6,-1.30853,52851.4,,0.00917034,0.00247409,,-0.00672373,9.82326,fluid
454,5.26227,3.25016,,1005.98,-1.28067,47814.9,,0.0102266,0.00234392,,-0.00908459,9.83432,fluid
455,5.26343,3.75111,,1005.36,-1.29702,42780.5,,0.0112751,0.00226203,,-0.0111726,9.83042,fluid
456,5.26482,4.25122,,1004.74,-1.29097,37757.9,,0.0123373,0.0031927,,-0.0161168,9.86069,fluid
457,5.26649,4.75301,,1004.11,-1.22989,32695.1,,0.0150198,0.00168003,,-0.0218685,9.85724,fluid
458,5.26794,5.254,,1003.49,-1.13316,27708.7,,0.0177084,0.00398951,,-0.0225315,9.88956,fluid
459,5.2698,5.75544,,1002.88,-1.01763,22767.1,,0.0219465,0.00278776,,-0.0210997,9.89069,fluid
460,5.2715,6.26402,,1002.22,-0.870176,17500,,0.0271622,0.0046215,,-0.012827,9.91605,fluid
461,5.2722,6.75044,,1001.56,-0.631844,12266.9,,0.0305259,0.00267552,,-0.00620187,9.92131,fluid
462,5.27607,7.27733,,1001.03,-0.433605,8127.1,,0.0434886,0.0156607,,0.0137464,9.91953,fluid
463,5.27791,7.79695,,1000.66,-0.337047,5166.46,,0.0526746,0.038704,,0.0335038,9.92533,fluid
464,5.75793,0.249899,,1009.68,-1.22724,78202.9,,0.00584818,0.000909214,,0.0020278,9.81005,fluid
465,5.75859,0.750019,,1009.07,-1.25134,73115.3,,0.00683122,0.00149175,,0.00162206,9.81091,fluid
466,5.759,1.25005,,1008.45,-1.2323,68026,,0.00724049,0.00135508,,-7.84897e-05,9.81619,fluid
467,5.7596,1.75023,,1007.84,-1.22833,62962.1,,0.00814872,0.00271475,,-0.00147554,9.81148,fluid
468,5.76016,2.25042,,1007.22,-1.26706,57909.4,,0.0087504,0.00203453,,-0.00303603,9.81982,fluid
469,5.76087,2.75088,,1006.6,-1.28528,52845.8,,0.00930347,0.00328937,,-0.00554928,9.81849,fluid
470,5.76174,3.25107,,1005.98,-1.26353,47816.3,,0.0102087,0.0035657,,-0.0101634,9.83215,fluid
471,5.76271,3.75217,,1005.36,-1.27989,42780.9,,0.0119376,0.00334222,,-0.012464,9.82886,fluid
472,5.7637,4.25251,,1004.74,-1.28459,37747.5,,0.0132539,0.00468521,,-0.0119738,9.85768,fluid
473,5.76498,4.75434,,1004.11,-1.24472,32683.5,,0.0153168,0.00387215,,-0.0132952,9.85392,fluid
474,5.76606,5.25528,,1003.49,-1.16339,27704.3,,0.0172846,0.00678908,,-0.0134727,9.88878,fluid
475,5.7674,5.75678,,1002.88,-1.04659,22767.8,,0.0206899,0.00630529,,-0.0138633,9.89277,fluid
476,5.76835,6.26494,,1002.22,-0.88667,17514,,0.0247095,0.00905857,,-0.00725267,9.92472,fluid
477,5.76879,6.75133,,1001.56,-0.657144,12277.3,,0.0275971,0.00760656,,-0.0009506,9.93157,fluid
478,5.77112,7.27702,,1001.03,-0.44872,8099.87,,0.0375139,0.0207329,,0.0192906,9.93583,fluid
479,5.77202,7.79452,,1000.66,-0.346808,5180.91,,0.0440701,0.0428013,,0.0370604,9.95019,fluid
480,6.25769,0.249956,,1009.68,-1.19328,78200.1,,0.00585486,0.000924893,,0.00177112,9.80862,fluid
481,6.25833,0.750188,,1009.07,-1.21943,73111.9,,0.00687188,0.00165357,,0.00131274,9.81009,fluid
482,6.25869,1.25036,,1008.45,-1.20161,68020.3,,0.00734194,0.00149067,,0.000673123,9.8143,fluid
483,6.25921,1.75067,,1007.84,-1.20037,62955.7,,0.00809886,0.00319193,,-0.00013595,9.80903,fluid
484,6.25973,2.25094,,1007.22,-1.23935,57905.1,,0.00878932,0.00265955,,-0.00272364,9.8186,fluid
485,6.26029,2.75155,,1006.6,-1.26037,52838.2,,0.00964655,0.00382712,,-0.00376823,9.81549,fluid
486,6.26096,3.25189,,1005.98,-1.24913,47807.5,,0.0102635,0.00457506,,-0.00606137,9.82789,fluid
487,6.2618,3.75303,,1005.36,-1.27274,42780,,0.0115234,0.00482556,,-0.0100866,9.82659,fluid
488,6.26263,4.25342,,1004.74,-1.27822,37750.8,,0.0130061,0.00631697,,-0.0123149,9.85761,fluid
489,6.26356,4.75535,,1004.11,-1.2419,32682,,0.0152778,0.00581304,,-0.0125293,9.85443,fluid
490,6.26426,5.25623,,1003.49,-1.17118,27694.8,,0.0171447,0.00915012,,-0.00919866,9.89017,fluid
491,6.26519,5.75764,,1002.87,-1.06354,22752.6,,0.0199373,0.00915248,,-0.00651654,9.89564,fluid
492,6.26563,6.26535,,1002.22,-0.903011,17505.4,,0.0228545,0.0123044,,0.000585029,9.93214,fluid
493,6.26581,6.75168,,1001.56,-0.679493,12276.3,,0.0249185,0.0113308,,0.00565616,9.94033,fluid
494,6.2671,7.27643,,1001.03,-0.458511,8071.73,,0.0320287,0.0242254,,0.0227044,9.94892,fluid
495,6.26743,7.79223,,1000.66,-0.353017,5191.84,,0.0365497,0.0449479,,0.0369479,9.97,fluid
496,6.75735,0.250006,,1009.68,-1.16074,78196.7,,0.0059036,0.000900001,,0.00129098,9.80749,fluid
497,6.75795,0.750344,,1009.07,-1.18823,73108.3,,0.00682311,0.00186483,,0.000677253,9.8089,fluid
498,6.75828,1.2506,,1008.45,-1.1686,68016.8,,0.0073758,0.00173646,,-0.000442505,9.81365,fluid
499,6.75872,1.75103,,1007.83,-1.16597,62949.8,,0.00818165,0.00350324,,-0.000256806,9.80687,fluid
500,6.75915,2.2514,,1007.22,-1.2082,57901,,0.00863232,0.0033276,,-0.00278707,9.81592,fluid
501,6.75965,2.75207,,1006.6,-1.2311,52837.7,,0.00947884,0.00460906,,-0.00520607,9.81422,fluid
502,6.76018,3.25251,,1005.98,-1.22208,47803.5,,0.0104018,0.00533151,,-0.00614613,9.82611,fluid
503,6.76078,3.75375,,1005.36,-1.2551,42772,,0.011505,0.00592724,,-0.00698625,9.82364,fluid
504,6.76141,4.25416,,1004.74,-1.27247,37746.4,,0.0124464,0.00785718,,-0.00826349,9.85576,fluid
505,6.76213,4.75604,,1004.11,-1.2419,32685,,0.0142326,0.00767201,,-0.0101463,9.85485,fluid
506,6.7626,5.25685,,1003.49,-1.1722,27700.6,,0.015898,0.0112328,,-0.00854122,9.89274,fluid
507,6.76321,5.75817,,1002.87,-1.06406,22753.8,,0.0183225,0.0115271,,-0.00590383,9.90015,fluid
508,6.76333,6.26547,,1002.22,-0.902387,17504.2,,0.020652,0.0147675,,0.0015372,9.93957,fluid
509,6.76336,6.75167,,1001.56,-0.686592,12279.4,,0.0222628,0.0139061,,0.00699523,9.9487,fluid
510,6.76395,7.27563,,1001.02,-0.46518,8052.97,,0.0272641,0.0263452,,0.0222916,9.96102,fluid
511,6.76391,7.79014,,1000.66,-0.359435,5201,,0.0302647,0.0458177,,0.0342577,9.98592,fluid
512,7.25693,0.250037,,1009.68,-1.13735,78196.6,,0.00576207,0.00089401,,-0.000197659,9.80681,fluid
513,7.25747,0.750479,,1009.07,-1.16672,73107.1,,0.00663884,0.00198725,,-0.000136202,9.80739,fluid
514,7.25777,1.25081,,1008.45,-1.14717,68016.8,,0.0070749,0.00207584,,-0.00152585,9.81248,fluid
515,7.25816,1.75131,,1007.83,-1.14061,62950.1,,0.00793058,0.00386362,,-0.00164202,9.80594,fluid
516,7.25849,2.25178,,1007.22,-1.18354,57898.8,,0.0084311,0.00374875,,-0.00259754,9.81361,fluid
517,7.25888,2.75252,,1006.6,-1.21052,52836.3,,0.00901655,0.00537621,,-0.00414226,9.81181,fluid
518,7.25933,3.25299,,1005.98,-1.20088,47805.9,,0.0097868,0.00631225,,-0.00650639,9.8251,fluid
519,7.25981,3.75425,,1005.36,-1.23305,42773.5,,0.0110366,0.00691901,,-0.00776849,9.82317,fluid
520,7.26023,4.25469,,1004.74,-1.2566,37743,,0.0120627,0.00900238,,-0.00703694,9.85515,fluid
521,7.26072,4.75654,,1004.11,-1.23607,32680.2,,0.0134831,0.00913124,,-0.00679207,9.85481,fluid
522,7.26099,5.25724,,1003.49,-1.17446,27699,,0.0146565,0.0129156,,-0.00479336,9.8943,fluid
523,7.26137,5.75842,,1002.87,-1.06858,22754.4,,0.0164267,0.0134009,,-0.00282202,9.90421,fluid
524,7.26128,6.26538,,1002.22,-0.905788,17506.5,,0.0181242,0.0165794,,0.0031916,9.9462,fluid
525,7.26122,6.75145,,1001.56,-0.695167,12287.2,,0.0193656,0.0158287,,0.00792472,9.95677,fluid
526,7.26139,7.27478,,1001.02,-0.473332,8036.91,,0.0229105,0.0277624,,0.0207179,9.97126,fluid
527,7.26115,7.78829,,1000.66,-0.363709,5207.56,,0.0249297,0.0459566,,0.0306197,9.99829,fluid
528,7.75643,0.250063,,1009.68,-1.12528,78195.6,,0.00544214,0.000964762,,-0.000401204,9.80637,fluid
529,7.75693,0.750579,,1009.06,-1.15362,73104.9,,0.00635416,0.0020882,,-8.81596e-05,9.80673,fluid
530,7.75717,1.25099,,1008.45,-1.13236,68012.9,,0.0067487,0.00229928,,-0.000568536,9.81107,fluid
531,7.75751,1.75155,,1007.83,-1.12209,62947.5,,0.00745649,0.00431772,,-0.00102809,9.80481,fluid
532,7.75779,2.25206,,1007.22,-1.16107,57896.7,,0.00802616,0.00422855,,-0.00249409,9.81278,fluid
533,7.75808,2.75287,,1006.6,-1.18723,52831.7,,0.00869293,0.00591549,,-0.00290707,9.81008,fluid
534,7.75841,3.25338,,1005.98,-1.17987,47802.1,,0.00925528,0.0071118,,-0.0041071,9.8229,fluid
535,7.75877,3.75464,,1005.36,-1.21464,42774.2,,0.0101572,0.00794278,,-0.00606556,9.82217,fluid
536,7.7591,4.25505,,1004.74,-1.24007,37746.2,,0.0110615,0.0101236,,-0.00664318,9.85547,fluid
537,7.75943,4.75685,,1004.11,-1.22184,32682.4,,0.0123809,0.0103299,,-0.00652795,9.85605,fluid
538,7.75955,5.25745,,1003.49,-1.16433,27698.9,,0.0134334,0.0141874,,-0.00388049,9.89644,fluid
539,7.75974,5.75851,,1002.87,-1.06199,22751.7,,0.0147876,0.0148077,,-0.00120848,9.90805,fluid
540,7.75953,6.26517,,1002.22,-0.901766,17503.2,,0.015986,0.0178521,,0.00435089,9.95185,fluid
541,7.7594,6.75111,,1001.56,-0.69711,12290.1,,0.0168544,0.0171365,,0.00854452,9.96342,fluid
542,7.75932,7.27395,,1001.02,-0.475851,8023.47,,0.0192392,0.0285348,,0.0187786,9.97944,fluid
543,7.75898,7.7867,,1000.66,-0.363099,5212.64,,0.020526,0.0456478,,0.026672,10.008,fluid
544,8.25586,0.250093,,1009.68,-1.12054,78193.9,,0.00513706,0.00104648,,-0.00061416,9.80555,fluid
545,8.25632,0.75066,,1009.06,-1.14556,73104,,0.005962,0.00225929,,-0.000932069,9.80635,fluid
546,8.25653,1.25112,,1008.45,-1.11771,68010.9,,0.00640599,0.00249795,,-0.0013026,9.81047,fluid
547,8.25681,1.75174,,1007.83,-1.10281,62944.9,,0.00703641,0.0046526,,-0.00112783,9.80325,fluid
548,8.25703,2.2523,,1007.22,-1.13924,57896,,0.007431,0.00474858,,-0.00277348,9.81152,fluid
549,8.25727,2.75312,,1006.6,-1.16118,52832.2,,0.00805319,0.00650411,,-0.00381207,9.80939,fluid
550,8.25751,3.25365,,1005.98,-1.15114,47801.4,,0.00868261,0.00772815,,-0.00435793,9.82187,fluid
551,8.25775,3.75492,,1005.36,-1.18829,42772.1,,0.00945669,0.0086866,,-0.00475812,9.82111,fluid
552,8.25796,4.25531,,1004.74,-1.21839,37745,,0.0100865,0.0110441,,-0.00461802,9.85505,fluid
553,8.25819,4.75704,,1004.11,-1.20325,32683.9,,0.0110479,0.0113708,,-0.00493616,9.85695,fluid
554,8.25822,5.25753,,1003.49,-1.14733,27702.5,,0.0118732,0.0152367,,-0.0032484,9.89858,fluid
555,8.2583,5.75847,,1002.87,-1.04602,22754.6,,0.0129264,0.0158742,,-0.00113348,9.91173,fluid
556,8.25802,6.26489,,1002.22,-0.888401,17504.3,,0.0138228,0.0187279,,0.00367234,9.95685,fluid
557,8.25786,6.75071,,1001.56,-0.690343,12295.6,,0.0144659,0.0179741,,0.00754085,9.96935,fluid
558,8.25763,7.27316,,1001.02,-0.473563,8014.5,,0.0160623,0.0289092,,0.0160164,9.98653,fluid
559,8.25725,7.78534,,1000.66,-0.35933,5216.99,,0.0168539,0.0451183,,0.0225274,10.016,fluid
560,8.75526,0.250118,,1009.68,-1.12615,78194.2,,0.00473372,0.0010607,,-0.00133253,9.80458,fluid
561,8.75566,0.75073,,1009.06,-1.14937,73104.3,,0.00541593,0.00240134,,-0.00131676,9.80557,fluid
562,8.75584,1.25122,,1008.45,-1.11416,68011.9,,0.00579833,0.00276413,,-0.00200706,9.81002,fluid
563,8.75607,1.75189,,1007.83,-1.09183,62945.7,,0.00643162,0.00493115,,-0.00179941,9.80245,fluid
564,8.75623,2.25248,,1007.22,-1.12401,57895.6,,0.00679246,0.00511572,,-0.0024227,9.81027,fluid
565,8.75641,2.75332,,1006.6,-1.14127,52832.5,,0.00724163,0.00704003,,-0.00311432,9.80825,fluid
566,8.75659,3.25385,,1005.98,-1.1252,47803.5,,0.00774781,0.0083651,,-0.00421604,9.82124,fluid
567,8.75677,3.75511,,1005.36,-1.15799,42774.2,,0.00848394,0.00934243,,-0.00493844,9.82105,fluid
568,8.7569,4.25546,,1004.74,-1.18749,37745.5,,0.00909912,0.0117371,,-0.0043879,9.85521,fluid
569,8.75703,4.75714,,1004.11,-1.17469,32683.7,,0.00986969,0.0121382,,-0.00400634,9.85765,fluid
570,8.75699,5.25754,,1003.49,-1.12229,27703.2,,0.0104607,0.01602,,-0.00224581,9.90018,fluid
571,8.75699,5.75837,,1002.87,-1.02427,22755.7,,0.0111836,0.0166657,,-0.000414749,9.9148,fluid
572,8.75669,6.26458,,1002.22,-0.871137,17505,,0.011792,0.0193236,,0.00350948,9.96102,fluid
573,8.75653,6.75031,,1001.56,-0.680105,12300.3,,0.0122449,0.0185272,,0.00668823,9.9744,fluid
574,8.75622,7.27245,,1001.02,-0.467962,8007.34,,0.0132965,0.0290503,,0.0134807,9.99233,fluid
575,8.75585,7.78419,,1000.66,-0.353902,5220.46,,0.0137677,0.0445014,,0.0187403,10.0225,fluid
576,9.25462,0.25013,,1009.68,-1.14041,78194.4,,0.00420415,0.00107354,,-0.0015242,9.80432,fluid
577,9.25496,0.750781,,1009.06,-1.15956,73102.7,,0.00486193,0.00249782,,-0.000896761,9.80522,fluid
578,9.25511,1.25131,,1008.45,-1.1166,68010.2,,0.00516867,0.00297982,,-0.00124897,9.80922,fluid
579,9.2553,1.752,,1007.83,-1.08617,62945.1,,0.00568773,0.00524115,,-0.00142297,9.80187,fluid
580,9.25542,2.25261,,1007.22,-1.1102,57894.9,,0.00606191,0.00546229,,-0.00215722,9.80981,fluid
581,9.25555,2.75346,,1006.6,-1.11975,52830.8,,0.00650071,0.00743656,,-0.0023837,9.80738,fluid
582,9.25567,3.254,,1005.98,-1.0982,47802.5,,0.00688321,0.00886305,,-0.00299182,9.82016,fluid
583,9.2558,3.75523,,1005.36,-1.12776,42775.2,,0.00741263,0.00993046,,-0.0039044,9.82059,fluid
584,9.25588,4.25555,,1004.74,-1.15536,37748,,0.00789036,0.0123556,,-0.00400421,9.85545,fluid
585,9.25595,4.75717,,1004.11,-1.1419,32686.7,,0.00852486,0.0127523,,-0.00391145,9.85862,fluid
586,9.25588,5.25749,,1003.49,-1.09061,27705.9,,0.00901798,0.0165921,,-0.00230047,9.90183,fluid
587,9.25582,5.75823,,1002.87,-0.995511,22757.2,,0.00954797,0.0172163,,-0.000500235,9.91751,fluid
588,9.25553,6.26427,,1002.22,-0.848143,17505.3,,0.00996131,0.0196959,,0.00293901,9.9645,fluid
589,9.25536,6.74992,,1001.56,-0.665182,12303.7,,0.0102639,0.0188414,,0.00564369,9.97851,fluid
590,9.25504,7.27183,,1001.02,-0.45913,8002.3,,0.010916,0.0290112,,0.0110818,9.99714,fluid
591,9.2547,7.78324,,1000.66,-0.346501,5223.31,,0.0111664,0.0438713,,0.015327,10.0279,fluid
592,9.75394,0.25014,,1009.68,-1.15937,78194.4,,0.00363679,0.00114104,,-0.00164836,9.80423,fluid
593,9.75424,0.750818,,1009.06,-1.17179,73102.6,,0.00423953,0.0026237,,-0.00149665,9.80518,fluid
594,9.75436,1.25137,,1008.45,-1.1192,68009.6,,0.00453285,0.00313298,,-0.00163475,9.80873,fluid
595,9.75451,1.75208,,1007.83,-1.08093,62944.5,,0.00495141,0.00548281,,-0.00145353,9.80108,fluid
596,9.7546,2.2527,,1007.22,-1.09725,57895.2,,0.00521768,0.00579962,,-0.00226567,9.8092,fluid
597,9.75469,2.75356,,1006.6,-1.0978,52831.9,,0.00558913,0.00780939,,-0.00277701,9.80693,fluid
598,9.75478,3.2541,,1005.98,-1.06896,47803.4,,0.00595091,0.00924972,,-0.00310058,9.81963,fluid
599,9.75485,3.75531,,1005.36,-1.09506,42775.7,,0.00639323,0.0103547,,-0.00334875,9.82015,fluid
600,9.75489,4.2556,,1004.74,-1.12172,37748.8,,0.00673796,0.012818,,-0.00309909,9.85539,fluid
601,9.75492,4.75716,,1004.11,-1.1078,32688.3,,0.00718647,0.0132373,,-0.00302028,9.85929,fluid
602,9.75483,5.25742,,1003.49,-1.05665,27708.5,,0.00754072,0.0170372,,-0.00189115,9.90321,fluid
603,9.75476,5.75808,,1002.88,-0.963622,22759.8,,0.00791451,0.0176128,,-0.000520923,9.91983,fluid
604,9.75449,6.26399,,1002.22,-0.822031,17506.8,,0.008201,0.0199257,,0.00221808,9.9674,fluid
605,9.75434,6.74956,,1001.56,-0.647356,12307.6,,0.00841306,0.0190059,,0.00445905,9.98195,fluid
606,9.75403,7.27129,,1001.02,-0.448287,7999.02,,0.00880899,0.0288949,,0.0087944,10.0012,fluid
607,9.75373,7.78246,,1000.66,-0.337191,5225.66,,0.00892729,0.0432842,,0.0122312,10.0323,fluid
608,10.2533,0.250152,,1009.68,-1.1822,78194.9,,0.0030449,0.00118806,,-0.0016072,9.8038,fluid
609,10.2535,0.750848,,1009.06,-1.18976,73103.7,,0.00350133,0.00273221,,-0.00158828,9.80489,fluid
610,10.2536,1.25142,,1008.45,-1.12764,68010.9,,0.00374131,0.00329346,,-0.00180708,9.80855,fluid
611,10.2537,1.75214,,1007.83,-1.08038,62945.4,,0.00412369,0.00567197,,-0.00154452,9.80069,fluid
612,10.2538,2.25277,,1007.22,-1.08894,57895.7,,0.00434443,0.00603881,,-0.00189652,9.80858,fluid
613,10.2538,2.75363,,1006.6,-1.08105,52832.8,,0.00460856,0.00811477,,-0.00220594,9.80639,fluid
614,10.2539,3.25416,,1005.98,-1.04381,47805,,0.0048809,0.00960063,,-0.00263124,9.81928,fluid
615,10.2539,3.75535,,1005.36,-1.06371,42777.7,,0.00525018,0.0107105,,-0.00301927,9.82012,fluid
616,10.2539,4.25562,,1004.74,-1.08676,37750.4,,0.00554935,0.0131656,,-0.00279135,9.85558,fluid
617,10.254,4.75714,,1004.11,-1.07104,32689.5,,0.00590091,0.0135833,,-0.00257852,9.85986,fluid
618,10.2539,5.25734,,1003.49,-1.02013,27710,,0.00615339,0.0173457,,-0.00157858,9.90426,fluid
619,10.2538,5.75793,,1002.88,-0.930059,22761.3,,0.00639211,0.017883,,-0.000410696,9.92166,fluid
620,10.2535,6.26374,,1002.22,-0.795003,17507.7,,0.00656873,0.020058,,0.00172126,9.96969,fluid
621,10.2534,6.74925,,1001.56,-0.628596,12310.5,,0.0067044,0.0190819,,0.00349261,9.98468,fluid
622,10.2531,7.27085,,1001.02,-0.436174,7996.59,,0.00692891,0.0287437,,0.00679827,10.0044,fluid
623,10.2529,7.78183,,1000.66,-0.32715,5227.62,,0.00696979,0.0427671,,0.00948858,10.0359,fluid
624,10.7525,0.250158,,1009.68,-1.20507,78195.4,,0.00240558,0.00120258,,-0.00139159,9.80363,fluid
625,10.7527,0.750869,,1009.06,-1.20825,73103.1,,0.00277084,0.00279469,,-0.00101339,9.80479,fluid
626,10.7528,1.25145,,1008.45,-1.13766,68010.3,,0.00294597,0.00342881,,-0.00109935,9.80827,fluid
627,10.7529,1.75218,,1007.83,-1.08189,62945.4,,0.00323627,0.00585342,,-0.00112635,9.80041,fluid
628,10.7529,2.25282,,1007.22,-1.08204,57895.9,,0.00342911,0.00623616,,-0.00148502,9.80833,fluid
629,10.753,2.75368,,1006.6,-1.06537,52832.5,,0.00365471,0.0083354,,-0.00158611,9.80604,fluid
630,10.753,3.2542,,1005.98,-1.02055,47805,,0.00385188,0.00985636,,-0.00181404,9.81883,fluid
631,10.753,3.75538,,1005.36,-1.03534,42778.6,,0.00410096,0.0109899,,-0.00221145,9.81988,fluid
632,10.753,4.25562,,1004.74,-1.05497,37752,,0.00430659,0.0134453,,-0.00224227,9.85566,fluid
633,10.753,4.7571,,1004.11,-1.03689,32691.6,,0.00456415,0.0138478,,-0.00222204,9.86036,fluid
634,10.753,5.25726,,1003.49,-0.985624,27712.4,,0.00475316,0.0175623,,-0.00149958,9.90516,fluid
635,10.7529,5.7578,,1002.88,-0.898153,22763.2,,0.00491476,0.0180573,,-0.000519224,9.92316,fluid
636,10.7527,6.26353,,1002.22,-0.769181,17508.7,,0.00502648,0.0201221,,0.00115183,9.97147,fluid
637,10.7526,6.749,,1001.56,-0.610359,12312.9,,0.00511142,0.0190966,,0.00254179,9.98679,fluid
638,10.7524,7.2705,,1001.02,-0.424252,7995.12,,0.00522706,0.028585,,0.00499779,10.0069,fluid
639,10.7522,7.78134,,1000.66,-0.317757,5229.25,,0.00522509,0.0423385,,0.00703606,10.0388,fluid
640,11.2518,0.250161,,1009.68,-1.22524,78196,,0.00172018,0.00123218,,-0.00124187,9.80368,fluid
641,11.252,0.750881,,1009.06,-1.22334,73103.3,,0.0020137,0.00286144,,-0.00105317,9.80491,fluid
642,11.252,1.25147,,1008.45,-1.145,68010.3,,0.00215464,0.0035165,,-0.00104968,9.80805,fluid
643,11.2521,1.75221,,1007.83,-1.08277,62945.5,,0.00234463,0.00597554,,-0.000958801,9.80006,fluid
644,11.2521,2.25285,,1007.22,-1.07644,57896.3,,0.00246006,0.00639625,,-0.0012516,9.80809,fluid
645,11.2521,2.75371,,1006.6,-1.05225,52833.3,,0.0026204,0.00851529,,-0.00145649,9.80584,fluid
646,11.2521,3.25422,,1005.98,-1.00087,47805.9,,0.00277396,0.0100381,,-0.00161966,9.81858,fluid
647,11.2522,3.75539,,1005.36,-1.01153,42779.5,,0.0029561,0.0111744,,-0.0017459,9.81972,fluid
648,11.2521,4.25561,,1004.74,-1.02868,37752.9,,0.00309328,0.0136324,,-0.0016147,9.85567,fluid
649,11.2521,4.75707,,1004.11,-1.00889,32692.8,,0.00325654,0.0140309,,-0.00153485,9.86067,fluid
650,11.2521,5.25719,,1003.49,-0.957273,27714,,0.00337334,0.0177119,,-0.00104582,9.90582,fluid
651,11.252,5.75769,,1002.88,-0.871721,22764.7,,0.00347099,0.0181715,,-0.000379882,9.92428,fluid
652,11.2519,6.26337,,1002.22,-0.747592,17509.7,,0.00353867,0.0201524,,0.000748661,9.97279,fluid
653,11.2518,6.74881,,1001.56,-0.594941,12314.9,,0.00359122,0.0190873,,0.00171323,9.98834,fluid
654,11.2516,7.27023,,1001.02,-0.414147,7994.26,,0.00364719,0.0284509,,0.00340242,10.0088,fluid
655,11.2515,7.78099,,1000.67,-0.309827,5230.47,,0.00363052,0.0420111,,0.00483905,10.041,fluid
656,11.7511,0.250164,,1009.68,-1.24081,78196.4,,0.00104276,0.00125582,,-0.000718458,9.80362,fluid
657,11.7512,0.75089,,1009.06,-1.23555,73104,,0.00120611,0.00291488,,-0.000709288,9.80492,fluid
658,11.7512,1.25148,,1008.45,-1.15158,68011.2,,0.00128715,0.00357999,,-0.000751365,9.808,fluid
659,11.7512,1.75223,,1007.83,-1.08443,62946.2,,0.0014132,0.00604788,,-0.000636944,9.79993,fluid
660,11.7513,2.25287,,1007.22,-1.07357,57896.7,,0.00148807,0.00649103,,-0.000735105,9.80787,fluid
661,11.7513,2.75372,,1006.6,-1.04436,52833.8,,0.00157498,0.00863331,,-0.00083287,9.80563,fluid
662,11.7513,3.25424,,1005.98,-0.988137,47806.8,,0.00165896,0.0101686,,-0.000943517,9.81844,fluid
663,11.7513,3.75539,,1005.36,-0.995113,42780.6,,0.00177004,0.0113029,,-0.00105978,9.81971,fluid
664,11.7513,4.2556,,1004.74,-1.00973,37753.9,,0.00185796,0.0137524,,-0.00101037,9.85575,fluid
665,11.7513,4.75704,,1004.11,-0.988262,32693.7,,0.00195652,0.0141407,,-0.000950676,9.8609,fluid
666,11.7512,5.25714,,1003.49,-0.936256,27714.9,,0.00202366,0.0177988,,-0.000638176,9.90625,fluid
667,11.7512,5.75762,,1002.88,-0.852187,22765.5,,0.00207442,0.0182371,,-0.000230368,9.925,fluid
668,11.7511,6.26326,,1002.22,-0.73175,17510.2,,0.00210711,0.0201627,,0.000425765,9.97363,fluid
669,11.7511,6.74868,,1001.56,-0.583646,12316.1,,0.00213284,0.0190714,,0.000995006,9.98934,fluid
670,11.751,7.27006,,1001.02,-0.406669,7993.75,,0.00215505,0.0283531,,0.00198278,10.0101,fluid
671,11.7509,7.78076,,1000.67,-0.303966,5231.29,,0.00213906,0.0417896,,0.00283425,10.0425,fluid
672,12.2504,0.250165,,1009.68,-1.24862,78196.6,,0.000356905,0.00125755,,-0.000156539,9.80363,fluid
673,12.2504,0.750895,,1009.06,-1.24203,73103.7,,0.000400735,0.00292403,,-0.000112364,9.8049,fluid
674,12.2504,1.25149,,1008.45,-1.15548,68010.7,,0.000419743,0.00361455,,-0.00013744,9.80794,fluid
675,12.2504,1.75223,,1007.83,-1.08549,62946,,0.000467563,0.00610082,,-0.000149378,9.79989,fluid
676,12.2504,2.25288,,1007.22,-1.07173,57896.8,,0.000503174,0.00654342,,-0.000191562,9.80783,fluid
677,12.2504,2.75373,,1006.6,-1.03964,52833.8,,0.000534822,0.00868355,,-0.000175101,9.80556,fluid
678,12.2504,3.25424,,1005.98,-0.980922,47806.7,,0.00055736,0.0102256,,-0.000177574,9.81835,fluid
679,12.2504,3.75539,,1005.36,-0.986154,42780.6,,0.00058806,0.0113667,,-0.000255099,9.81963,fluid
680,12.2504,4.2556,,1004.74,-0.999641,37754.2,,0.000614315,0.0138149,,-0.000314684,9.85573,fluid
681,12.2504,4.75702,,1004.11,-0.977347,32694.3,,0.000647608,0.0141979,,-0.000345742,9.86101,fluid
682,12.2504,5.25711,,1003.49,-0.925045,27715.6,,0.000672438,0.0178425,,-0.000255703,9.90648,fluid
683,12.2504,5.75758,,1002.88,-0.841705,22766.1,,0.000690308,0.0182668,,-0.000111726,9.92536,fluid
684,12.2504,6.26321,,1002.22,-0.723249,17510.6,,0.000700548,0.0201638,,0.000117539,9.97405,fluid
685,12.2504,6.74862,,1001.56,-0.577576,12316.8,,0.000708076,0.0190592,,0.000317429,9.98985,fluid
686,12.2503,7.26997,,1001.02,-0.40261,7993.52,,0.000713317,0.0283017,,0.000649645,10.0107,fluid
687,12.2503,7.78064,,1000.67,-0.30083,5231.71,,0.000706806,0.0416779,,0.000932901,10.0432,fluid
688,12.7496,0.250165,,1009.68,-1.24862,78196.6,,-0.000356905,0.00125755,,0.000156539,9.80363,fluid
689,12.7496,0.750895,,1009.06,-1.24203,73103.7,,-0.000400735,0.00292403,,0.000112364,9.8049,fluid
690,12.7496,1.25149,,1008.45,-1.15548,68010.7,,-0.000419743,0.00361455,,0.00013744,9.80794,fluid
691,12.7496,1.75223,,1007.83,-1.08549,62946,,-0.000467563,0.00610082,,0.000149378,9.79989,fluid
692,12.7496,2.25288,,1007.22,-1.07173,57896.8,,-0.000503174,0.00654342,,0.000191562,9.80783,fluid
693,12.7496,2.75373,,1006.6,-1.03964,52833.8,,-0.000534822,0.00868355,,0.000175101,9.80556,fluid
694,12.7496,3.25424,,1005.98,-0.980922,47806.7,,-0.00055736,0.0102256,,0.000177574,9.81835,fluid
695,12.7496,3.75539,,1005.36,-0.986154,42780.6,,-0.00058806,0.0113667,,0.000255099,9.81963,fluid
696,12.7496,4.2556,,1004.74,-0.999641,37754.2,,-0.000614315,0.0138149,,0.000314684,9.85573,fluid
697,12.7496,4.75702,,1004.11,-0.977347,32694.3,,-0.000647608,0.0141979,,0.000345742,9.86101,fluid
698,12.7496,5.25711,,1003.49,-0.925045,27715.6,,-0.000672438,0.0178425,,0.000255703,9.90648,fluid
699,12.7496,5.75758,,1002.88,-0.841705,22766.1,,-0.000690308,0.0182668,,0.000111726,9.92536,fluid
700,12.7496,6.26321,,1002.22,-0.723249,17510.6,,-0.000700548,0.0201638,,-0.000117539,9.97405,fluid
701,12.7496,6.74862,,1001.56,-0.577576,12316.8,,-0.000708076,0.0190592,,-0.000317429,9.98985,fluid
702,12.7497,7.26997,,1001.02,-0.40261,7993.52,,-0.000713317,0.0283017,,-0.000649645,10.0107,fluid
703,12.7497,7.78064,,1000.67,-0.30083,5231.71,,-0.000706806,0.0416779,,-0.000932901,10.0432,fluid
704,13.2489,0.250164,,1009.68,-1.24081,78196.4,,-0.00104276,0.00125582,,0.000718458,9.80362,fluid
705,13.2488,0.75089,,1009.06,-1.23555,73104,,-0.00120611,0.00291488,,0.000709288,9.80492,fluid
706,13.2488,1.25148,,1008.45,-1.15158,68011.2,,-0.00128715,0.00357999,,0.000751365,9.808,fluid
707,13.2488,1.75223,,1007.83,-1.08443,62946.2,,-0.0014132,0.00604788,,0.000636944,9.79993,fluid
708,13.2487,2.25287,,1007.22,-1.07357,57896.7,,-0.00148807,0.00649103,,0.000735105,9.80787,fluid
709,13.2487,2.75372,,1006.6,-1.04436,52833.8,,-0.00157498,0.00863331,,0.00083287,9.80563,fluid
710,13.2487,3.25424,,1005.98,-0.988137,47806.8,,-0.00165896,0.0101686,,0.000943517,9.81844,fluid
711,13.2487,3.75539,,1005.36,-0.995113,42780.6,,-0.00177004,0.0113029,,0.00105978,9.81971,fluid
712,13.2487,4.2556,,1004.74,-1.00973,37753.9,,-0.00185796,0.0137524,,0.00101037,9.85575,fluid
713,13.2487,4.75704,,1004.11,-0.988262,32693.7,,-0.00195652,0.0141407,,0.000950676,9.8609,fluid
714,13.2488,5.25714,,1003.49,-0.936256,27714.9,,-0.00202366,0.0177988,,0.000638176,9.90625,fluid
715,13.2488,5.75762,,1002.88,-0.852187,22765.5,,-0.00207442,0.0182371,,0.000230368,9.925,fluid
716,13.2489,6.26326,,1002.22,-0.73175,17510.2,,-0.00210711,0.0201627,,-0.000425765,9.97363,fluid
717,13.2489,6.74868,,1001.56,-0.583646,12316.1,,-0.00213284,0.0190714,,-0.000995006,9.98934,fluid
718,13.249,7.27006,,1001.02,-0.406669,7993.75,,-0.00215505,0.0283531,,-0.00198278,10.0101,fluid
719,13.2491,7.78076,,1000.67,-0.303966,5231.29,,-0.00213906,0.0417896,,-0.00283425,10.0425,fluid
720,13.7482,0.250161,,1009.68,-1.22524,78196,,-0.00172018,0.00123218,,0.00124187,9.80368,fluid
721,13.748,0.750881,,1009.06,-1.22334,73103.3,,-0.0020137,0.00286144,,0.00105317,9.80491,fluid
722,13.748,1.25147,,1008.45,-1.145,68010.3,,-0.00215464,0.0035165,,0.00104968,9.80805,fluid
723,13.7479,1.75221,,1007.83,-1.08277,62945.5,,-0.00234463,0.00597554,,0.000958801,9.80006,fluid
724,13.7479,2.25285,,1007.22,-1.07644,57896.3,,-0.00246006,0.00639625,,0.0012516,9.80809,fluid
725,13.7479,2.75371,,1006.6,-1.05225,52833.3,,-0.0026204,0.00851529,,0.00145649,9.80584,fluid
726,13.7479,3.25422,,1005.98,-1.00087,47805.9,,-0.00277396,0.0100381,,0.00161966,9.81858,fluid
727,13.7478,3.75539,,1005.36,-1.01153,42779.5,,-0.0029561,0.0111744,,0.0017459,9.81972,fluid
728,13.7479,4.25561,,1004.74,-1.02868,37752.9,,-0.00309328,0.0136324,,0.0016147,9.85567,fluid
729,13.7479,4.75707,,1004.11,-1.00889,32692.8,,-0.00325654,0.0140309,,0.00153485,9.86067,fluid
730,13.7479,5.25719,,1003.49,-0.957273,27714,,-0.00337334,0.0177119,,0.00104582,9.90582,fluid
731,13.748,5.75769,,1002.88,-0.871721,22764.7,,-0.00347099,0.0181715,,0.000379882,9.92428,fluid
732,13.7481,6.26337,,1002.22,-0.747592,17509.7,,-0.00353867,0.0201524,,-0.000748661,9.97279,fluid
733,13.7482,6.74881,,1001.56,-0.594941,12314.9,,-0.00359122,0.0190873,,-0.00171323,9.98834,fluid
734,13.7484,7.27023,,1001.02,-0.414147,7994.26,,-0.00364719,0.0284509,,-0.00340242,10.0088,fluid
735,13.7485,7.78099,,1000.67,-0.309827,5230.47,,-0.00363052,0.0420111,,-0.00483905,10.041,fluid
736,14.2475,0.250158,,1009.68,-1.20507,78195.4,,-0.00240558,0.00120258,,0.00139159,9.80363,fluid
737,14.2473,0.750869,,1009.06,-1.20825,73103.1,,-0.00277084,0.00279469,,0.00101339,9.80479,fluid
738,14.2472,1.25145,,1008.45,-1.13766,68010.3,,-0.00294597,0.00342881,,0.00109935,9.80827,fluid
739,14.2471,1.75218,,1007.83,-1.08189,62945.4,,-0.00323627,0.00585342,,0.00112635,9.80041,fluid
740,14.2471,2.25282,,1007.22,-1.08204,57895.9,,-0.00342911,0.00623616,,0.00148502,9.80833,fluid
741,14.247,2.75368,,1006.6,-1.06537,52832.5,,-0.00365471,0.0083354,,0.00158611,9.80604,fluid
742,14.247,3.2542,,1005.98,-1.02055,47805,,-0.00385188,0.00985636,,0.00181404,9.81883,fluid
743,14.247,3.75538,,1005.36,-1.03534,42778.6,,-0.00410096,0.0109899,,0.00221145,9.81988,fluid
744,14.247,4.25562,,1004.74,-1.05497,37752,,-0.00430659,0.0134453,,0.00224227,9.85566,fluid
745,14.247,4.7571,,1004.11,-1.03689,32691.6,,-0.00456415,0.0138478,,0.00222204,9.86036,fluid
746,14.247,5.25726,,1003.49,-0.985624,27712.4,,-0.00475316,0.0175623,,0.00149958,9.90516,fluid
747,14.2471,5.7578,,1002.88,-0.898153,22763.2,,-0.00491476,0.0180573,,0.000519224,9.92316,fluid
748,14.2473,6.26353,,1002.22,-0.769181,17508.7,,-0.00502648,0.0201221,,-0.00115183,9.97147,fluid
749,14.2474,6.749,,1001.56,-0.610359,12312.9,,-0.00511142,0.0190966,,-0.00254179,9.98679,fluid
750,14.2476,7.2705,,1001.02,-0.424252,7995.12,,-0.00522706,0.028585,,-0.00499779,10.0069,fluid
751,14.2478,7.78134,,1000.66,-0.317757,5229.25,,-0.00522509,0.0423385,,-0.00703606,10.0388,fluid
752,14.7467,0.250152,,1009.68,-1.1822,78194.9,,-0.0030449,0.00118806,,0.0016072,9.8038,fluid
753,14.7465,0.750848,,1009.06,-1.18976,73103.7,,-0.00350133,0.00273221,,0.00158828,9.80489,fluid
754,14.7464,1.25142,,1008.45,-1.12764,68010.9,,-0.00374131,0.00329346,,0.00180708,9.80855,fluid
755,14.7463,1.75214,,1007.83,-1.08038,62945.4,,-0.00412369,0.00567197,,0.00154452,9.80069,fluid
756,14.7462,2.25277,,1007.22,-1.08894,57895.7,,-0.00434443,0.00603881,,0.00189652,9.80858,fluid
757,14.7462,2.75363,,1006.6,-1.08105,52832.8,,-0.00460856,0.00811477,,0.00220594,9.80639,fluid
758,14.7461,3.25416,,1005.98,-1.04381,47805,,-0.0048809,0.00960063,,0.00263124,9.81928,fluid
759,14.7461,3.75535,,1005.36,-1.06371,42777.7,,-0.00525018,0.0107105,,0.00301927,9.82012,fluid
760,14.7461,4.25562,,1004.74,-1.08676,37750.4,,-0.00554935,0.0131656,,0.00279135,9.85558,fluid
761,14.746,4.75714,,1004.11,-1.07104,32689.5,,-0.00590091,0.0135833,,0.00257852,9.85986,fluid
762,14.7461,5.25734,,1003.49,-1.02013,27710,,-0.00615339,0.0173457,,0.00157858,9.90426,fluid
763,14.7462,5.75793,,1002.88,-0.930059,22761.3,,-0.00639211,0.017883,,0.000410696,9.92166,fluid
764,14.7465,6.26374,,1002.22,-0.795003,17507.7,,-0.00656873,0.020058,,-0.00172126,9.96969,fluid
765,14.7466,6.74925,,1001.56,-0.628596,12310.5,,-0.0067044,0.0190819,,-0.00349261,9.98468,fluid
766,14.7469,7.27085,,1001.02,-0.436174,7996.59,,-0.00692891,0.0287437,,-0.00679827,10.0044,fluid
767,14.7471,7.78183,,1000.66,-0.32715,5227.62,,-0.00696979,0.0427671,,-0.00948858,10.0359,fluid
768,15.2461,0.25014,,1009.68,-1.15937,78194.4,,-0.00363679,0.00114104,,0.00164836,9.80423,fluid
769,15.2458,0.750818,,1009.06,-1.17179,73102.6,,-0.00423953,0.0026237,,0.00149665,9.80518,fluid
770,15.2456,1.25137,,1008.45,-1.1192,68009.6,,-0.00453285,0.00313298,,0.00163475,9.80873,fluid
771,15.2455,1.75208,,1007.83,-1.08093,62944.5,,-0.00495141,0.00548281,,0.00145353,9.80108,fluid
772,15.2454,2.2527,,1007.22,-1.09725,57895.2,,-0.00521768,0.00579962,,0.00226567,9.8092,fluid
773,15.2453,2.75356,,1006.6,-1.0978,52831.9,,-0.00558913,0.00780939,,0.00277701,9.80693,fluid
774,15.2452,3.2541,,1005.98,-1.06896,47803.4,,-0.00595091,0.00924972,,0.00310058,9.81963,fluid
775,15.2451,3.75531,,1005.36,-1.09506,42775.7,,-0.00639323,0.0103547,,0.00334875,9.82015,fluid
776,15.2451,4.2556,,1004.74,-1.12172,37748.8,,-0.00673796,0.012818,,0.00309909,9.85539,fluid
777,15.2451,4.75716,,1004.11,-1.1078,32688.3,,-0.00718647,0.0132373,,0.00302028,9.85929,fluid
778,15.2452,5.25742,,1003.49,-1.05665,27708.5,,-0.00754072,0.0170372,,0.00189115,9.90321,fluid
779,15.2452,5.75808,,1002.88,-0.963622,22759.8,,-0.00791451,0.0176128,,0.000520923,9.91983,fluid
780,15.2455,6.26399,,1002.22,-0.822031,17506.8,,-0.008201,0.0199257,,-0.00221808,9.9674,fluid
781,15.2457,6.74956,,1001.56,-0.647356,12307.6,,-0.00841306,0.0190059,,-0.00445905,9.98195,fluid
782,15.246,7.27129,,1001.02,-0.448287,7999.02,,-0.00880899,0.0288949,,-0.0087944,10.0012,fluid
783,15.2463,7.78246,,1000.66,-0.337191,5225.66,,-0.00892729,0.0432842,,-0.0122312,10.0323,fluid
784,15.7454,0.25013,,1009.68,-1.14041,78194.4,,-0.00420415,0.00107354,,0.0015242,9.80432,fluid
785,15.745,0.750781,,1009.06,-1.15956,73102.7,,-0.00486193,0.00249782,,0.000896761,9.80522,fluid
786,15.7449,1.25131,,1008.45,-1.1166,68010.2,,-0.00516867,0.00297982,,0.00124897,9.80922,fluid
787,15.7447,1.752,,1007.83,-1.08617,62945.1,,-0.00568773,0.00524115,,0.00142297,9.80187,fluid
788,15.7446,2.25261,,1007.22,-1.1102,57894.9,,-0.00606191,0.00546229,,0.00215722,9.80981,fluid
789,15.7445,2.75346,,1006.6,-1.11975,52830.8,,-0.00650071,0.00743656,,0.0023837,9.80738,fluid
790,15.7443,3.254,,1005.98,-1.0982,47802.5,,-0.00688321,0.00886305,,0.00299182,9.82016,fluid
791,15.7442,3.75523,,1005.36,-1.12776,42775.2,,-0.00741263,0.00993046,,0.0039044,9.82059,fluid
792,15.7441,4.25555,,1004.74,-1.15536,37748,,-0.00789036,0.0123556,,0.00400421,9.85545,fluid
793,15.7441,4.75717,,1004.11,-1.1419,32686.7,,-0.00852486,0.0127523,,0.00391145,9.85862,fluid
794,15.7441,5.25749,,1003.49,-1.09061,27705.9,,-0.00901798,0.0165921,,0.00230047,9.90183,fluid
795,15.7442,5.75823,,1002.87,-0.995511,22757.2,,-0.00954797,0.0172163,,0.000500235,9.91751,fluid
796,15.7445,6.26427,,1002.22,-0.848143,17505.3,,-0.00996131,0.0196959,,-0.00293901,9.9645,fluid
797,15.7446,6.74992,,1001.56,-0.665182,12303.7,,-0.0102639,0.0188414,,-0.00564369,9.97851,fluid
798,15.745,7.27183,,1001.02,-0.45913,8002.3,,-0.010916,0.0290112,,-0.0110818,9.99714,fluid
799,15.7453,7.78324,,1000.66,-0.346501,5223.31,,-0.0111664,0.0438713,,-0.015327,10.0279,fluid
800,16.2447,0.250118,,1009.68,-1.12615,78194.2,,-0.00473372,0.0010607,,0.00133253,9.80458,fluid
801,16.2443,0.75073,,1009.06,-1.14937,73104.3,,-0.00541593,0.00240134,,0.00131676,9.80557,fluid
802,16.2442,1.25122,,1008.45,-1.11416,68011.9,,-0.00579833,0.00276413,,0.00200706,9.81002,fluid
803,16.2439,1.75189,,1007.83,-1.09183,62945.7,,-0.00643162,0.00493115,,0.00179941,9.80245,fluid
804,16.2438,2.25248,,1007.22,-1.12401,57895.6,,-0.00679246,0.00511572,,0.0024227,9.81027,fluid
805,16.2436,2.75332,,1006.6,-1.14127,52832.5,,-0.00724163,0.00704003,,0.00311432,9.80825,fluid
806,16.2434,3.25385,,1005.98,-1.1252,47803.5,,-0.00774781,0.0083651,,0.00421604,9.82124,fluid
807,16.2432,3.75511,,1005.36,-1.15799,42774.2,,-0.00848394,0.00934243,,0.00493844,9.82105,fluid
808,16.2431,4.25546,,1004.74,-1.18749,37745.5,,-0.00909912,0.0117371,,0.0043879,9.85521,fluid
809,16.243,4.75714,,1004.11,-1.17469,32683.7,,-0.00986969,0.0121382,,0.00400634,9.85765,fluid
810,16.243,5.25754,,1003.49,-1.12229,27703.2,,-0.0104607,0.01602,,0.00224581,9.90018,fluid
811,16.243,5.75837,,1002.87,-1.02427,22755.7,,-0.0111836,0.0166657,,0.000414749,9.9148,fluid
812,16.2433,6.26458,,1002.22,-0.871137,17505,,-0.011792,0.0193236,,-0.00350948,9.96102,fluid
813,16.2435,6.75031,,1001.56,-0.680105,12300.3,,-0.0122449,0.0185272,,-0.00668823,9.9744,fluid
814,16.2438,7.27245,,1001.02,-0.467962,8007.34,,-0.0132965,0.0290503,,-0.0134807,9.99233,fluid
815,16.2441,7.78419,,1000.66,-0.353902,5220.46,,-0.0137677,0.0445014,,-0.0187403,10.0225,fluid
816,16.7441,0.250093,,1009.68,-1.12054,78193.9,,-0.00513706,0.00104648,,0.00061416,9.80555,fluid
817,16.7437,0.75066,,1009.06,-1.14556,73104,,-0.005962,0.00225929,,0.000932069,9.80635,fluid
818,16.7435,1.25112,,1008.45,-1.11771,68010.9,,-0.00640599,0.00249795,,0.0013026,9.81047,fluid
819,16.7432,1.75174,,1007.83,-1.10281,62944.9,,-0.00703641,0.0046526,,0.00112783,9.80325,fluid
820,16.743,2.2523,,1007.22,-1.13924,57896,,-0.007431,0.00474858,,0.00277348,9.81152,fluid
821,16.7427,2.75312,,1006.6,-1.16118,52832.2,,-0.00805319,0.00650411,,0.00381207,9.80939,fluid
822,16.7425,3.25365,,1005.98,-1.15114,47801.4,,-0.00868261,0.00772815,,0.00435793,9.82187,fluid
823,16.7422,3.75492,,1005.36,-1.18829,42772.1,,-0.00945669,0.0086866,,0.00475812,9.82111,fluid
824,16.742,4.25531,,1004.74,-1.21839,37745,,-0.0100865,0.0110441,,0.00461802,9.85505,fluid
825,16.7418,4.75704,,1004.11,-1.20325,32683.9,,-0.0110479,0.0113708,,0.00493616,9.85695,fluid
826,16.7418,5.25753,,1003.49,-1.14733,27702.5,,-0.0118732,0.0152367,,0.0032484,9.89858,fluid
827,16.7417,5.75847,,1002.87,-1.04602,22754.6,,-0.0129264,0.0158742,,0.00113348,9.91173,fluid
828,16.742,6.26489,,1002.22,-0.888401,17504.3,,-0.0138228,0.0187279,,-0.00367234,9.95685,fluid
829,16.7421,6.75071,,1001.56,-0.690343,12295.6,,-0.0144659,0.0179741,,-0.00754085,9.96935,fluid
830,16.7424,7.27316,,1001.02,-0.473563,8014.5,,-0.0160623,0.0289092,,-0.0160164,9.98653,fluid
831,16.7427,7.78534,,1000.66,-0.35933,5216.99,,-0.0168539,0.0451183,,-0.0225274,10.016,fluid
832,17.2436,0.250063,,1009.68,-1.12528,78195.6,,-0.00544214,0.000964762,,0.000401204,9.80637,fluid
833,17.2431,0.750579,,1009.06,-1.15362,73104.9,,-0.00635416,0.0020882,,8.81596e-05,9.80673,fluid
834,17.2428,1.25099,,1008.45,-1.13236,68012.9,,-0.0067487,0.00229928,,0.000568536,9.81107,fluid
835,17.2425,1.75155,,1007.83,-1.12209,62947.5,,-0.00745649,0.00431772,,0.00102809,9.80481,fluid
836,17.2422,2.25206,,1007.22,-1.16107,57896.7,,-0.00802616,0.00422855,,0.00249409,9.81278,fluid
837,17.2419,2.75287,,1006.6,-1.18723,52831.7,,-0.00869293,0.00591549,,0.00290707,9.81008,fluid
838,17.2416,3.25338,,1005.98,-1.17987,47802.1,,-0.00925528,0.0071118,,0.0041071,9.8229,fluid
839,17.2412,3.75464,,1005.36,-1.21464,42774.2,,-0.0101572,0.00794278,,0.00606556,9.82217,fluid
840,17.2409,4.25505,,1004.74,-1.24007,37746.2,,-0.0110615,0.0101236,,0.00664318,9.85547,fluid
841,17.2406,4.75685,,1004.11,-1.22184,32682.4,,-0.0123809,0.0103299,,0.00652795,9.85605,fluid
842,17.2404,5.25745,,1003.49,-1.16433,27698.9,,-0.0134334,0.0141874,,0.00388049,9.89644,fluid
843,17.2403,5.75851,,1002.87,-1.06199,22751.7,,-0.0147876,0.0148077,,0.00120848,9.90805,fluid
844,17.2405,6.26517,,1002.22,-0.901766,17503.2,,-0.015986,0.0178521,,-0.00435089,9.95185,fluid
845,17.2406,6.75111,,1001.56,-0.69711,12290.1,,-0.0168544,0.0171365,,-0.00854452,9.96342,fluid
846,17.2407,7.27395,,1001.02,-0.475851,8023.47,,-0.0192392,0.0285348,,-0.0187786,9.97944,fluid
847,17.241,7.7867,,1000.66,-0.363099,5212.64,,-0.020526,0.0456478,,-0.026672,10.008,fluid
848,17.7431,0.250037,,1009.68,-1.13735,78196.6,,-0.00576207,0.00089401,,0.000197659,9.80681,fluid
849,17.7425,0.750479,,1009.07,-1.16672,73107.1,,-0.00663884,0.00198725,,0.000136202,9.80739,fluid
850,17.7422,1.25081,,1008.45,-1.14717,68016.8,,-0.0070749,0.00207584,,0.00152585,9.81248,fluid
851,17.7418,1.75131,,1007.83,-1.14061,62950.1,,-0.00793058,0.00386362,,0.00164202,9.80594,fluid
852,17.7415,2.25178,,1007.22,-1.18354,57898.8,,-0.0084311,0.00374875,,0.00259754,9.81361,fluid
853,17.7411,2.75252,,1006.6,-1.21052,52836.3,,-0.00901655,0.00537621,,0.00414226,9.81181,fluid
854,17.7407,3.25299,,1005.98,-1.20088,47805.9,,-0.0097868,0.00631225,,0.00650639,9.8251,fluid
855,17.7402,3.75425,,1005.36,-1.23305,42773.5,,-0.0110366,0.00691901,,0.00776849,9.82317,fluid
856,17.7398,4.25469,,1004.74,-1.2566,37743,,-0.0120627,0.00900238,,0.00703694,9.85515,fluid
857,17.7393,4.75654,,1004.11,-1.23607,32680.2,,-0.0134831,0.00913124,,0.00679207,9.85481,fluid
858,17.739,5.25724,,1003.49,-1.17446,27699,,-0.0146565,0.0129156,,0.00479336,9.8943,fluid
859,17.7386,5.75842,,1002.87,-1.06858,22754.4,,-0.0164267,0.0134009,,0.00282202,9.90421,fluid
860,17.7387,6.26538,,1002.22,-0.905788,17506.5,,-0.0181242,0.0165794,,-0.0031916,9.9462,fluid
861,17.7388,6.75145,,1001.56,-0.695167,12287.2,,-0.0193656,0.0158287,,-0.00792472,9.95677,fluid
862,17.7386,7.27478,,1001.02,-0.473332,8036.91,,-0.0229105,0.0277624,,-0.0207179,9.97126,fluid
863,17.7388,7.78829,,1000.66,-0.363709,5207.56,,-0.0249297,0.0459566,,-0.0306197,9.99829,fluid
864,18.2426,0.250006,,1009.68,-1.16074,78196.7,,-0.0059036,0.000900001,,-0.00129098,9.80749,fluid
865,18.2421,0.750344,,1009.07,-1.18823,73108.3,,-0.00682311,0.00186483,,-0.000677253,9.8089,fluid
866,18.2417,1.2506,,1008.45,-1.1686,68016.8,,-0.0073758,0.00173646,,0.000442505,9.81365,fluid
867,18.2413,1.75103,,1007.83,-1.16597,62949.8,,-0.00818165,0.00350324,,0.000256806,9.80687,fluid
868,18.2409,2.2514,,1007.22,-1.2082,57901,,-0.00863232,0.0033276,,0.00278707,9.81592,fluid
869,18.2403,2.75207,,1006.6,-1.2311,52837.7,,-0.00947884,0.00460906,,0.00520607,9.81422,fluid
870,18.2398,3.25251,,1005.98,-1.22208,47803.5,,-0.0104018,0.00533151,,0.00614613,9.82611,fluid
871,18.2392,3.75375,,1005.36,-1.2551,42772,,-0.011505,0.00592724,,0.00698625,9.82364,fluid
872,18.2386,4.25416,,1004.74,-1.27247,37746.4,,-0.0124464,0.00785718,,0.00826349,9.85576,fluid
873,18.2379,4.75604,,1004.11,-1.2419,32685,,-0.0142326,0.00767201,,0.0101463,9.85485,fluid
874,18.2374,5.25685,,1003.49,-1.1722,27700.6,,-0.015898,0.0112328,,0.00854122,9.89274,fluid
875,18.2368,5.75817,,1002.87,-1.06406,22753.8,,-0.0183225,0.0115271,,0.00590383,9.90015,fluid
876,18.2367,6.26547,,1002.22,-0.902387,17504.2,,-0.020652,0.0147675,,-0.0015372,9.93957,fluid
877,18.2366,6.75167,,1001.56,-0.686592,12279.4,,-0.0222628,0.0139061,,-0.00699523,9.9487,fluid
878,18.236,7.27563,,1001.02,-0.46518,8052.97,,-0.0272641,0.0263452,,-0.0222916,9.96102,fluid
879,18.2361,7.79014,,1000.66,-0.359435,5201,,-0.0302647,0.0458177,,-0.0342577,9.98592,fluid
880,18.7423,0.249956,,1009.68,-1.19328,78200.1,,-0.00585486,0.000924893,,-0.00177112,9.80862,fluid
881,18.7417,0.750188,,1009.07,-1.21943,73111.9,,-0.00687188,0.00165357,,-0.00131274,9.81009,fluid
882,18.7413,1.25036,,1008.45,-1.20161,68020.3,,-0.00734194,0.00149067,,-0.000673123,9.8143,fluid
883,18.7408,1.75067,,1007.84,-1.20037,62955.7,,-0.00809886,0.00319193,,0.00013595,9.80903,fluid
884,18.7403,2.25094,,1007.22,-1.23935,57905.1,,-0.00878932,0.00265955,,0.00272364,9.8186,fluid
885,18.7397,2.75155,,1006.6,-1.26037,52838.2,,-0.00964655,0.00382712,,0.00376823,9.81549,fluid
886,18.739,3.25189,,1005.98,-1.24913,47807.5,,-0.0102635,0.00457506,,0.00606137,9.82789,fluid
887,18.7382,3.75303,,1005.36,-1.27274,42780,,-0.0115234,0.00482556,,0.0100866,9.82659,fluid
888,18.7374,4.25342,,1004.74,-1.27822,37750.8,,-0.0130061,0.00631697,,0.0123149,9.85761,fluid
889,18.7364,4.75535,,1004.11,-1.2419,32682,,-0.0152778,0.00581304,,0.0125293,9.85443,fluid
890,18.7357,5.25623,,1003.49,-1.17118,27694.8,,-0.0171447,0.00915012,,0.00919866,9.89017,fluid
891,18.7348,5.75764,,1002.87,-1.06354,22752.6,,-0.0199373,0.00915248,,0.00651654,9.89564,fluid
892,18.7344,6.26535,,1002.22,-0.903011,17505.4,,-0.0228545,0.0123044,,-0.000585029,9.93214,fluid
893,18.7342,6.75168,,1001.56,-0.679493,12276.3,,-0.0249185,0.0113308,,-0.00565616,9.94033,fluid
894,18.7329,7.27643,,1001.03,-0.458511,8071.73,,-0.0320287,0.0242254,,-0.0227044,9.94892,fluid
895,18.7326,7.79223,,1000.66,-0.353017,5191.84,,-0.0365497,0.0449479,,-0.0369479,9.97,fluid
896,19.2421,0.249899,,1009.68,-1.22724,78202.9,,-0.00584818,0.000909214,,-0.0020278,9.81005,fluid
897,19.2414,0.750019,,1009.07,-1.25134,73115.3,,-0.00683122,0.00149175,,-0.00162206,9.81091,fluid
898,19.241,1.25005,,1008.45,-1.2323,68026,,-0.00724049,0.00135508,,7.84897e-05,9.81619,fluid
899,19.2404,1.75023,,1007.84,-1.22833,62962.1,,-0.00814872,0.00271475,,0.00147554,9.81148,fluid
900,19.2398,2.25042,,1007.22,-1.26706,57909.4,,-0.0087504,0.00203453,,0.00303603,9.81982,fluid
901,19.2391,2.75088,,1006.6,-1.28528,52845.8,,-0.00930347,0.00328937,,0.00554928,9.81849,fluid
902,19.2383,3.25107,,1005.98,-1.26353,47816.3,,-0.0102087,0.0035657,,0.0101634,9.83215,fluid
903,19.2373,3.75217,,1005.36,-1.27989,42780.9,,-0.0119376,0.00334222,,0.012464,9.82886,fluid
904,19.2363,4.25251,,1004.74,-1.28459,37747.5,,-0.0132539,0.00468521,,0.0119738,9.85768,fluid
905,19.235,4.75434,,1004.11,-1.24472,32683.5,,-0.0153168,0.00387215,,0.0132952,9.85392,fluid
906,19.2339,5.25528,,1003.49,-1.16339,27704.3,,-0.0172846,0.00678908,,0.0134727,9.88878,fluid
907,19.2326,5.75678,,1002.88,-1.04659,22767.8,,-0.0206899,0.00630529,,0.0138633,9.89277,fluid
908,19.2317,6.26494,,1002.22,-0.88667,17514,,-0.0247095,0.00905857,,0.00725267,9.92472,fluid
909,19.2312,6.75133,,1001.56,-0.657144,12277.3,,-0.0275971,0.00760656,,0.0009506,9.93157,fluid
910,19.2289,7.27702,,1001.03,-0.44872,8099.87,,-0.0375139,0.0207329,,-0.0192906,9.93583,fluid
911,19.228,7.79452,,1000.66,-0.346808,5180.91,,-0.0440701,0.0428013,,-0.0370604,9.95019,fluid
912,19.742,0.249844,,1009.68,-1.26791,78204.2,,-0.00564976,0.000911426,,-0.00396514,9.8115,fluid
913,19.7413,0.749815,,1009.07,-1.29054,73117.6,,-0.00656364,0.00139552,,-0.00319384,9.81207,fluid
914,19.7408,1.2497,,1008.45,-1.26942,68028.4,,-0.00709666,0.00108235,,-0.00160216,9.81874,fluid
915,19.7402,1.74976,,1007.84,-1.26352,62962,,-0.00799313,0.00227818,,-0.000721598,9.81344,fluid
916,19.7395,2.24978,,1007.22,-1.29953,57912.6,,-0.00835144,0.00171103,,0.00249139,9.82243,fluid
917,19.7387,2.75004,,1006.6,-1.30853,52851.4,,-0.00917034,0.00247409,,0.00672373,9.82326,fluid
918,19.7377,3.25016,,1005.98,-1.28067,47814.9,,-0.0102266,0.00234392,,0.00908459,9.83432,fluid
919,19.7366,3.75111,,1005.36,-1.29702,42780.5,,-0.0112751,0.00226203,,0.0111726,9.83042,fluid
920,19.7352,4.25122,,1004.74,-1.29097,37757.9,,-0.0123373,0.0031927,,0.0161168,9.86069,fluid
921,19.7335,4.75301,,1004.11,-1.22989,32695.1,,-0.0150198,0.00168003,,0.0218685,9.85724,fluid
922,19.7321,5.254,,1003.49,-1.13316,27708.7,,-0.0177084,0.00398951,,0.0225315,9.88956,fluid
923,19.7302,5.75544,,1002.88,-1.01763,22767.1,,-0.0219465,0.00278776,,0.0210997,9.89069,fluid
924,19.7285,6.26402,,1002.22,-0.870176,17500,,-0.0271622,0.0046215,,0.012827,9.91605,fluid
925,19.7278,6.75044,,1001.56,-0.631844,12266.9,,-0.0305259,0.00267552,,0.00620187,9.92131,fluid
926,19.7239,7.27733,,1001.03,-0.433605,8127.1,,-0.0434886,0.0156607,,-0.0137464,9.91953,fluid
927,19.7221,7.79695,,1000.66,-0.337047,5166.46,,-0.0526746,0.038704,,-0.0335038,9.92533,fluid
928,20.242,0.249768,,1009.68,-1.31084,78209.4,,-0.00527931,0.000912386,,-0.00462387,9.81327,fluid
929,20.2413,0.749577,,1009.07,-1.33157,73124.6,,-0.0062461,0.00128843,,-0.00343997,9.81313,fluid
930,20.2408,1.24931,,1008.45,-1.3113,68036.4,,-0.00665431,0.000806229,,-0.00261479,9.8203,fluid
931,20.2401,1.7492,,1007.84,-1.30813,62969.7,,-0.00736176,0.00203264,,-0.00144484,9.81604,fluid
932,20.2393,2.249,,1007.22,-1.34029,57921.9,,-0.00792445,0.0012361,,0.00231807,9.82669,fluid
933,20.2384,2.74916,,1006.6,-1.34328,52856.5,,-0.00869243,0.00158573,,0.00488964,9.82619,fluid
934,20.2374,3.24907,,1005.98,-1.31192,47820,,-0.00903502,0.00176464,,0.00891493,9.83725,fluid
935,20.2358,3.74966,,1005.37,-1.31336,42794.1,,-0.0103055,0.00109984,,0.0164656,9.8371,fluid
936,20.2342,4.24972,,1004.74,-1.28776,37767.1,,-0.0121839,0.00117341,,0.0212767,9.86542,fluid
937,20.2323,4.75137,,1004.11,-1.22114,32690.5,,-0.0147653,-0.000613321,,0.023277,9.86004,fluid
938,20.2303,5.25208,,1003.49,-1.129,27704.2,,-0.0171736,0.000609929,,0.0223105,9.88821,fluid
939,20.2279,5.75339,,1002.88,-1.01926,22778.6,,-0.0213552,-0.00147869,,0.022578,9.88772,fluid
940,20.2253,6.26254,,1002.22,-0.872301,17507.1,,-0.0270037,-0.00083341,,0.0197521,9.90785,fluid
941,20.2242,6.74884,,1001.56,-0.608746,12289.7,,-0.030836,-0.00316019,,0.0170615,9.91573,fluid
942,20.2179,7.27705,,1001.04,-0.429592,8160.68,,-0.048526,0.00909442,,-0.000823719,9.90381,fluid
943,20.2145,7.79932,,1000.65,-0.322121,5146.9,,-0.06167,0.031695,,-0.0217794,9.89467,fluid
944,20.7421,0.249681,,1009.68,-1.34641,78214.4,,-0.00492885,0.000770301,,-0.004867,9.81506,fluid
945,20.7415,0.749326,,1009.07,-1.36226,73129.8,,-0.00585575,0.00126551,,-0.00352188,9.81469,fluid
946,20.741,1.24888,,1008.45,-1.33781,68045.8,,-0.00609397,0.000688432,,-0.000963237,9.82234,fluid
947,20.7402,1.74854,,1007.84,-1.33616,62980.6,,-0.00691288,0.00170004,,0.000688992,9.81885,fluid
948,20.7394,2.24818,,1007.22,-1.36824,57932.2,,-0.00739501,0.000701812,,0.00285346,9.82953,fluid
949,20.7384,2.74813,,1006.6,-1.37131,52866,,-0.00758857,0.00122622,,0.00653796,9.82986,fluid
950,20.737,3.24763,,1005.99,-1.33146,47831.3,,-0.00828725,0.000996705,,0.0131896,9.84434,fluid
951,20.7355,3.74818,,1005.37,-1.31889,42801.4,,-0.00997401,-0.000491895,,0.0169286,9.84147,fluid
952,20.7338,4.24802,,1004.75,-1.29631,37773.1,,-0.0103709,-3.62935e-05,,0.019118,9.86729,fluid
953,20.7311,4.74897,,1004.12,-1.2335,32699.1,,-0.0121714,-0.00277641,,0.026047,9.86457,fluid
954,20.7285,5.24973,,1003.5,-1.12161,27723.2,,-0.0150119,-0.00276541,,0.0319908,9.89055,fluid
955,20.7257,5.75102,,1002.88,-0.988902,22811,,-0.0189881,-0.00477949,,0.0407024,9.89262,fluid
956,20.7214,6.26016,,1002.22,-0.837626,17502.5,,-0.0263501,-0.00688819,,0.0437167,9.9064,fluid
957,20.7194,6.7459,,1001.56,-0.557307,12306.9,,-0.0322281,-0.0110373,,0.0372168,9.91267,fluid
958,20.7097,7.27569,,1001.04,-0.423254,8197.08,,-0.0549746,-0.00110566,,0.0205887,9.88723,fluid
959,20.7045,7.80118,,1000.65,-0.302428,5123.15,,-0.0718039,0.0198517,,0.000300232,9.85879,fluid
960,21.2425,0.249616,,1009.68,-1.38591,78216.8,,-0.00454848,0.000580917,,-0.00700408,9.81516,fluid
961,21.2418,0.749045,,1009.07,-1.40542,73130.8,,-0.005325,0.00133057,,-0.00627978,9.81766,fluid
962,21.2413,1.24838,,1008.45,-1.37734,68046.7,,-0.0057479,0.000448963,,-0.00351171,9.82502,fluid
963,21.2406,1.74786,,1007.84,-1.37489,62981.6,,-0.00647798,0.00142158,,-0.0026912,9.82107,fluid
964,21.2397,2.24728,,1007.22,-1.4003,57936.2,,-0.00640491,0.000619614,,0.00193911,9.83361,fluid
965,21.2385,2.74683,,1006.6,-1.39678,52872.4,,-0.00685806,0.000730271,,0.00757368,9.83499,fluid
966,21.2372,3.2462,,1005.99,-1.35012,47837.3,,-0.00762229,-7.05793e-05,,0.0100178,9.84891,fluid
967,21.2356,3.74656,,1005.37,-1.33443,42811.7,,-0.00755054,-0.000698094,,0.0158771,9.84552,fluid
968,21.2332,4.24553,,1004.75,-1.3065,37790.1,,-0.00774866,-0.000912506,,0.02792,9.87587,fluid
969,21.2303,4.74645,,1004.12,-1.21665,32700.1,,-0.0111609,-0.00557209,,0.0352659,9.87116,fluid
970,21.2275,5.2471,,1003.5,-1.07328,27727.3,,-0.0129978,-0.00483649,,0.0417365,9.89956,fluid
971,21.2232,5.74685,,1002.88,-0.952828,22827.5,,-0.0166955,-0.00889394,,0.0516579,9.90296,fluid
972,21.2171,6.25605,,1002.21,-0.839326,17455.9,,-0.0260274,-0.0163472,,0.0494483,9.90117,fluid
973,21.2157,6.74173,,1001.56,-0.537003,12338.8,,-0.0301392,-0.0197074,,0.0434626,9.90944,fluid
974,21.2014,7.2735,,1001.04,-0.427678,8204.17,,-0.056703,-0.0133082,,0.0470228,9.87076,fluid
975,21.1928,7.80203,,1000.65,-0.282463,5095.39,,-0.0783598,0.00190914,,0.0377575,9.82369,fluid
976,21.743,0.249567,,1009.68,-1.41805,78225.2,,-0.00395251,0.000619259,,-0.0077199,9.81349,fluid
977,21.7424,0.748718,,1009.07,-1.44666,73143.4,,-0.0045873,0.00129936,,-0.00711843,9.82053,fluid
978,21.7419,1.24789,,1008.45,-1.42573,68058.1,,-0.00503087,0.000124902,,-0.00666773,9.82528,fluid
979,21.7412,1.74716,,1007.84,-1.42958,62995.3,,-0.00525228,0.00155045,,-0.00555284,9.82504,fluid
980,21.7402,2.24618,,1007.23,-1.44663,57946.5,,-0.00556768,0.000330609,,0.00121367,9.84041,fluid
981,21.739,2.74556,,1006.61,-1.43363,52882,,-0.00616738,0.000107247,,0.004115,9.83753,fluid
982,21.7378,3.24471,,1005.99,-1.37914,47856.1,,-0.00526864,0.000140038,,0.00995337,9.85482,fluid
983,21.7354,3.74422,,1005.37,-1.3578,42828.2,,-0.00573103,-0.000859322,,0.0229125,9.85647,fluid
984,21.7334,4.24306,,1004.75,-1.31396,37784.5,,-0.00762608,-0.00340646,,0.0253161,9.88195,fluid
985,21.7308,4.74403,,1004.11,-1.2006,32688.5,,-0.00766995,-0.00592623,,0.0289896,9.87616,fluid
986,21.7264,5.24239,,1003.5,-1.05973,27788.2,,-0.0068444,-0.00631672,,0.0453006,9.91259,fluid
987,21.7218,5.74215,,1002.89,-0.991556,22887.8,,-0.0106578,-0.0144229,,0.0518966,9.90279,fluid
988,21.7156,6.25258,,1002.21,-0.866175,17435.2,,-0.0169229,-0.0229237,,0.0569335,9.8985,fluid
989,21.7129,6.73589,,1001.58,-0.484778,12476.2,,-0.018448,-0.0251018,,0.0777414,9.93712,fluid
990,21.6892,7.26834,,1001.05,-0.457683,8230.15,,-0.054532,-0.0279899,,0.102178,9.87722,fluid
991,21.677,7.80031,,1000.65,-0.252949,5084.71,,-0.0817956,-0.0236426,,0.0985801,9.80213,fluid
992,22.2438,0.249492,,1009.68,-1.42542,78231.5,,-0.00339493,0.000924375,,-0.00581505,9.81402,fluid
993,22.2432,0.748373,,1009.07,-1.4483,73154.3,,-0.00402772,0.00111339,,-0.00305847,9.82356,fluid
994,22.2427,1.24743,,1008.46,-1.42835,68072.5,,-0.00416486,0.000191019,,-0.0016093,9.82437,fluid
995,22.2419,1.74634,,1007.84,-1.44221,63016.5,,-0.00428443,0.00162239,,0.000486271,9.83016,fluid
996,22.241,2.24513,,1007.23,-1.47415,57957.3,,-0.00508455,-0.000555804,,0.000938814,9.84249,fluid
997,22.2401,2.74437,,1006.61,-1.46511,52898.6,,-0.00441881,0.000662984,,0.00316061,9.84177,fluid
998,22.2384,3.24274,,1005.99,-1.40056,47875.6,,-0.00384445,0.000302857,,0.0155755,9.86699,fluid
999,22.2362,3.74196,,1005.37,-1.38525,42825.1,,-0.00579746,-0.00261461,,0.016632,9.85842,fluid
1000,22.2351,4.24095,,1004.75,-1.33389,37793.5,,-0.00308092,-0.0026953,,0.0166093,9.8861,fluid
1001,22.2301,4.7397,,1004.12,-1.19404,32746.7,,-0.00106309,-0.0032167,,0.0450991,9.89786,fluid
1002,22.226,5.23812,,1003.51,-1.06938,27849,,-0.00466109,-0.0102929,,0.0551941,9.92098,fluid
1003,22.2234,5.73983,,1002.89,-1.00496,22841.9,,-0.0051616,-0.0138922,,0.052683,9.9025,fluid
1004,22.2113,6.24436,,1002.19,-0.737364,17306.3,,-0.00700305,-0.0253511,,0.111577,9.94953,fluid
1005,22.2038,6.72405,,1001.6,-0.377155,12624.8,,-0.0197531,-0.0374104,,0.119635,9.9694,fluid
1006,22.1735,7.26193,,1001.04,-0.458854,8152.78,,-0.0549923,-0.045941,,0.140455,9.87118,fluid
1007,22.1605,7.79528,,1000.65,-0.208921,5096.13,,-0.0745871,-0.0565785,,0.170392,9.8074,fluid
1008,22.7447,0.249407,,1009.68,-1.45379,78229.3,,-0.00294765,0.00114915,,-0.0103605,9.81671,fluid
1009,22.7442,0.748093,,1009.07,-1.48153,73146.3,,-0.00369294,0.000819694,,-0.00924138,9.82668,fluid
1010,22.7437,1.24695,,1008.46,-1.45422,68064.9,,-0.00370381,0.000605906,,-0.00625309,9.82633,fluid
1011,22.743,1.74552,,1007.84,-1.46085,63014.9,,-0.00408681,0.00134197,,-0.00302003,9.83374,fluid
1012,22.7422,2.24426,,1007.23,-1.50919,57960,,-0.0040421,-0.000737077,,-0.00429709,9.83926,fluid
1013,22.7412,2.74291,,1006.61,-1.50153,52915.3,,-0.00276192,0.00174791,,0.00396751,9.85318,fluid
1014,22.7394,3.24074,,1005.99,-1.43507,47869.5,,-0.00434471,-0.00146812,,0.008839,9.87164,fluid
1015,22.7382,3.74029,,1005.37,-1.425,42831.4,,-0.00286429,-0.00158172,,0.0058616,9.85457,fluid
1016,22.7356,4.23756,,1004.75,-1.33252,37853.6,,0.00159065,0.00135565,,0.033436,9.91574,fluid
1017,22.7302,4.73535,,1004.12,-1.20042,32760,,-0.00374102,-0.00641504,,0.0459585,9.90488,fluid
1018,22.7303,5.23607,,1003.51,-1.11262,27817.3,,-0.00109077,-0.0113287,,0.0209475,9.90931,fluid
1019,22.7239,5.73253,,1002.88,-0.958444,22789.7,,0.0126714,-0.00253174,,0.068216,9.94599,fluid
1020,22.7066,6.22776,,1002.2,-0.632355,17387.1,,-0.000703172,-0.0469175,,0.108193,9.9901,fluid
1021,22.713,6.72054,,1001.66,-0.554733,13064.8,,0.00100524,-0.0330617,,0.0595462,9.93301,fluid
1022,22.6698,7.25495,,1001,-0.497886,7850.44,,-0.0226184,-0.0555499,,0.149775,9.87105,fluid
1023,22.6476,7.78409,,1000.65,-0.162827,5123.62,,-0.0442592,-0.0956698,,0.26087,9.88325,fluid
1024,23.2458,0.249292,,1009.68,-1.4858,78246.3,,-0.00190121,0.00119364,,-0.011186,9.81662,fluid
1025,23.2454,0.747836,,1009.07,-1.54407,73164.7,,-0.00237776,0.00052189,,-0.0133121,9.82629,fluid
1026,23.245,1.24647,,1008.46,-1.52492,68080.5,,-0.00234415,0.000829994,,-0.0116757,9.83049,fluid
1027,23.2443,1.74484,,1007.84,-1.51541,63024.6,,-0.00308578,0.000923041,,-0.00901198,9.8369,fluid
1028,23.2437,2.24344,,1007.23,-1.55322,57981.3,,-0.00227735,6.76519e-05,,-0.00525857,9.84015,fluid
1029,23.2425,2.7413,,1006.61,-1.53403,52933.8,,-0.00242594,0.0014235,,0.00382154,9.86549,fluid
1030,23.2416,3.23948,,1005.99,-1.47897,47872.4,,-0.00312161,-0.0025043,,-0.00269653,9.86274,fluid
1031,23.2401,3.7379,,1005.38,-1.43295,42890.5,,0.00169092,0.00273418,,0.0150772,9.87558,fluid
1032,23.2364,4.23337,,1004.76,-1.32161,37868,,-0.00239625,-0.00220926,,0.0310602,9.93275,fluid
1033,23.2358,4.73354,,1004.12,-1.2699,32733.1,,0.000477085,-0.00724121,,0.000559496,9.87188,fluid
1034,23.2311,5.22921,,1003.51,-1.08822,27857.1,,0.0154274,0.00248517,,0.0533173,9.97337,fluid
1035,23.219,5.72295,,1002.89,-0.893995,22891.3,,0.00650286,-0.00229038,,0.0798379,9.96581,fluid
1036,23.2221,6.23499,,1002.23,-0.702316,17609.3,,0.0209211,-0.0340795,,0.0650976,9.98399,fluid
1037,23.2093,6.72174,,1001.62,-0.757699,12814.5,,0.0458901,0.0109639,,0.144831,9.94031,fluid
1038,23.1325,7.23376,,1000.98,-0.335355,7708.8,,0.000931428,-0.10231,,0.275131,10.0041,fluid
1039,23.1136,7.76403,,1000.67,-0.0859186,5282.11,,-0.0375497,-0.145163,,0.344454,10.0583,fluid
1040,23.747,0.249228,,1009.69,-1.45006,78257,,-0.00155542,0.00136771,,-0.00242167,9.81747,fluid
1041,23.7466,0.747692,,1009.07,-1.51529,73185.9,,-0.00168586,0.000743727,,-0.0012251,9.82538,fluid
1042,23.7463,1.24615,,1008.46,-1.51668,68106.7,,-0.00168229,0.00111908,,-0.000892466,9.83269,fluid
1043,23.7459,1.74446,,1007.85,-1.51885,63041.6,,-0.00208664,0.000839778,,-0.00286749,9.8387,fluid
1044,23.7454,2.24276,,1007.23,-1.55572,57999.8,,-0.00147067,0.00110165,,4.75768e-05,9.84558,fluid
1045,23.7445,2.74034,,1006.61,-1.54288,52936.9,,-0.00225783,0.000832234,,0.000787522,9.86911,fluid
1046,23.7439,3.23873,,1005.99,-1.502,47894.6,,-0.000494504,-8.06706e-05,,9.07109e-05,9.86084,fluid
1047,23.742,3.73519,,1005.38,-1.41605,42934.1,,0.00120367,0.00476238,,0.0210869,9.90662,fluid
1048,23.74,4.232,,1004.75,-1.35746,37805.6,,-0.00367645,-0.00656072,,0.00547959,9.90828,fluid
1049,23.7406,4.73127,,1004.13,-1.28641,32791.7,,0.01236,0.00796388,,0.016581,9.89406,fluid
1050,23.7295,5.21825,,1003.52,-0.940778,27952.7,,0.0050435,0.00107285,,0.0796779,10.0534,fluid
1051,23.7273,5.72186,,1002.89,-0.943232,22839.3,,-0.00482837,-0.00819308,,0.0379445,9.90463,fluid
1052,23.7246,6.22218,,1002.24,-0.823154,17711.8,,0.0363422,0.00361661,,0.00872516,10.0338,fluid
1053,23.6918,6.69124,,1001.53,-0.560874,12084.4,,0.0738884,0.0251836,,0.229287,10.1009,fluid
1054,23.6302,7.20424,,1001.08,0.0519308,8476.44,,0.0132767,-0.171945,,0.267887,10.1929,fluid
1055,23.6539,7.74344,,1000.69,0.0045582,5429.11,,0.0621354,-0.140139,,0.132996,10.2452,fluid
1056,24.2483,0.24927,,1009.68,-1.43762,78235.4,,-0.0015283,0.00147236,,-0.00980007,9.82054,fluid
1057,24.248,0.74768,,1009.07,-1.49542,73159.3,,-0.00161311,0.00100512,,-0.00810549,9.8256,fluid
1058,24.2479,1.24599,,1008.46,-1.51271,68087.4,,-0.00176401,0.00148389,,-0.00829928,9.83317,fluid
1059,24.2475,1.74422,,1007.84,-1.54099,63026,,-0.00171244,0.00106764,,-0.00871941,9.83762,fluid
1060,24.2472,2.2423,,1007.23,-1.59504,57988.2,,-0.00129925,0.00180415,,-0.00843011,9.84741,fluid
1061,24.2467,2.73985,,1006.61,-1.60084,52926,,-0.00151349,0.00101946,,-0.0101869,9.8687,fluid
1062,24.2462,3.23788,,1006,-1.568,47905.2,,-0.000187048,0.00196544,,-0.00616682,9.86633,fluid
1063,24.2452,3.73376,,1005.38,-1.4785,42915.7,,-0.000685661,0.00457648,,-0.0018902,9.91687,fluid
1064,24.244,4.23178,,1004.74,-1.45726,37766.6,,-0.000311346,-0.00410328,,-0.0142554,9.88681,fluid
1065,24.2435,4.72684,,1004.14,-1.27062,32900,,0.0095251,0.0207278,,0.0207593,9.9592,fluid
1066,24.2368,5.21665,,1003.52,-0.952826,27896.7,,-0.00509501,-0.00765917,,0.0150851,10.0371,fluid
1067,24.2416,5.72186,,1002.9,-1.2347,22919.4,,0.0173535,0.0098937,,-0.0655184,9.81212,fluid
1068,24.2252,6.19498,,1002.3,-0.784477,18138,,0.0669726,0.0493979,,0.105952,10.2017,fluid
1069,24.2059,6.64908,,1001.62,-0.138429,12793.5,,0.0060817,-0.0553497,,0.094104,10.1608,fluid
1070,24.2905,7.17251,,1001.23,-0.531448,9653.42,,0.222708,0.0686614,,-0.174483,10.3783,fluid
1071,24.0863,7.69485,,1000.69,-0.162496,5404.16,,0.181014,0.00146732,,0.0836975,10.4108,fluid
1072,24.7497,0.249218,,1009.69,-1.4682,78266.8,,-0.00024202,0.00134389,,-0.00937407,9.81987,fluid
1073,24.7496,0.747803,,1009.07,-1.53309,73178.7,,-0.000249688,0.00137382,,-0.00948606,9.82583,fluid
1074,24.7496,1.24628,,1008.46,-1.55816,68106.1,,-0.00033809,0.00191212,,-0.0105147,9.83182,fluid
1075,24.7495,1.74466,,1007.85,-1.59122,63046.3,,-0.000165548,0.00187739,,-0.0121779,9.83576,fluid
1076,24.7493,2.24279,,1007.23,-1.63632,58005.2,,-0.000534524,0.00287325,,-0.0111324,9.84784,fluid
1077,24.7493,2.74061,,1006.61,-1.64109,52947.1,,-0.000661791,0.00233183,,-0.0154768,9.86529,fluid
1078,24.749,3.23846,,1006,-1.60336,47930.5,,0.000434698,0.00412422,,-0.0108323,9.87103,fluid
1079,24.749,3.73504,,1005.38,-1.51819,42907.4,,-0.000862938,0.00547373,,-0.0171282,9.90891,fluid
1080,24.7483,4.23254,,1004.75,-1.45244,37810.2,,0.00311762,0.00283167,,-0.00444473,9.89898,fluid
1081,24.7468,4.72537,,1004.14,-1.21443,32913,,-0.00487675,0.0149279,,0.0106365,9.97776,fluid
1082,24.7499,5.22426,,1003.51,-1.09997,27875.5,,0.00285855,-3.41814e-05,,-0.0530615,9.94187,fluid
1083,24.7459,5.71772,,1002.92,-1.20377,23105.9,,0.0347584,0.0472237,,0.071163,9.93897,fluid
1084,24.7329,6.18541,,1002.2,-0.299937,17363.3,,-0.0435538,0.00183304,,0.0739898,10.2973,fluid
1085,24.8078,6.73584,,1001.63,-0.638153,12845.2,,-0.0141598,0.0403651,,-0.356332,9.68733,fluid
1086,24.7214,7.12026,,1001.01,-0.902727,7954.33,,0.0742654,0.340453,,-0.108098,10.1548,fluid
1087,24.3423,7.53781,,1000.74,-0.32919,5855.89,,0.19066,0.141951,,0.276359,10.3764,fluid
