h/dp :,2
L2norm Pressure,KE,dp,Nparticles
1531.15,263.104,0.5,800

t,0.53
ID,x,y,,rho,drhodt,pressure,,u,v,,dudt,dvdt,type
0,-1.25,-0.25,,1010.34,0,83710.5,,0,0,,0,0,boundary
1,-0.75,-0.25,,1010.34,0,83750.8,,0,0,,0,0,boundary
2,-0.25,-0.25,,1010.35,0,83759.3,,0,0,,0,0,boundary
3,0.25,-0.25,,1010.34,0,83702.9,,0,0,,0,0,boundary
4,0.75,-0.25,,1010.33,0,83637.7,,0,0,,0,0,boundary
5,1.25,-0.25,,1010.33,0,83599.8,,0,0,,0,0,boundary
6,1.75,-0.25,,1010.32,0,83584,,0,0,,0,0,boundary
7,2.25,-0.25,,1010.32,0,83570.2,,0,0,,0,0,boundary
8,2.75,-0.25,,1010.32,0,83550.4,,0,0,,0,0,boundary
9,3.25,-0.25,,1010.32,0,83533.3,,0,0,,0,0,boundary
10,3.75,-0.25,,1010.32,0,83524.1,,0,0,,0,0,boundary
11,4.25,-0.25,,1010.32,0,83521.6,,0,0,,0,0,boundary
12,4.75,-0.25,,1010.32,0,83523,,0,0,,0,0,boundary
13,5.25,-0.25,,1010.32,0,83526.1,,0,0,,0,0,boundary
14,5.75,-0.25,,1010.32,0,83530,,0,0,,0,0,boundary
15,6.25,-0.25,,1010.32,0,83532.6,,0,0,,0,0,boundary
16,6.75,-0.25,,1010.32,0,83531.8,,0,0,,0,0,boundary
17,7.25,-0.25,,1010.32,0,83527.5,,0,0,,0,0,boundary
18,7.75,-0.25,,1010.32,0,83521.6,,0,0,,0,0,boundary
19,8.25,-0.25,,1010.32,0,83516.3,,0,0,,0,0,boundary
20,8.75,-0.25,,1010.32,0,83513.5,,0,0,,0,0,boundary
21,9.25,-0.25,,1010.32,0,83514.1,,0,0,,0,0,boundary
22,9.75,-0.25,,1010.32,0,83519,,0,0,,0,0,boundary
23,10.25,-0.25,,1010.32,0,83528,,0,0,,0,0,boundary
24,10.75,-0.25,,1010.32,0,83539.6,,0,0,,0,0,boundary
25,11.25,-0.25,,1010.32,0,83551.5,,0,0,,0,0,boundary
26,11.75,-0.25,,1010.32,0,83561.1,,0,0,,0,0,boundary
27,12.25,-0.25,,1010.32,0,83566.6,,0,0,,0,0,boundary
28,12.75,-0.25,,1010.32,0,83566.6,,0,0,,0,0,boundary
29,13.25,-0.25,,1010.32,0,83561.1,,0,0,,0,0,boundary
30,13.75,-0.25,,1010.32,0,83551.5,,0,0,,0,0,boundary
31,14.25,-0.25,,1010.32,0,83539.6,,0,0,,0,0,boundary
32,14.75,-0.25,,1010.32,0,83528,,0,0,,0,0,boundary
33,15.25,-0.25,,1010.32,0,83519,,0,0,,0,0,boundary
34,15.75,-0.25,,1010.32,0,83514.1,,0,0,,0,0,boundary
35,16.25,-0.25,,1010.32,0,83513.5,,0,0,,0,0,boundary
36,16.75,-0.25,,1010.32,0,83516.3,,0,0,,0,0,boundary
37,17.25,-0.25,,1010.32,0,83521.6,,0,0,,0,0,boundary
38,17.75,-0.25,,1010.32,0,83527.5,,0,0,,0,0,boundary
39,18.25,-0.25,,1010.32,0,83531.8,,0,0,,0,0,boundary
40,18.75,-0.25,,1010.32,0,83532.6,,0,0,,0,0,boundary
41,19.25,-0.25,,1010.32,0,83530,,0,0,,0,0,boundary
42,19.75,-0.25,,1010.32,0,83526.1,,0,0,,0,0,boundary
43,20.25,-0.25,,1010.32,0,83523,,0,0,,0,0,boundary
44,20.75,-0.25,,1010.32,0,83521.6,,0,0,,0,0,boundary
45,21.25,-0.25,,1010.32,0,83524.1,,0,0,,0,0,boundary
46,21.75,-0.25,,1010.32,0,83533.3,,0,0,,0,0,boundary
47,22.25,-0.25,,1010.32,0,83550.4,,0,0,,0,0,boundary
48,22.75,-0.25,,1010.32,0,83570.2,,0,0,,0,0,boundary
49,23.25,-0.25,,1010.32,0,83584,,0,0,,0,0,boundary
50,23.75,-0.25,,1010.33,0,83599.8,,0,0,,0,0,boundary
51,24.25,-0.25,,1010.33,0,83637.7,,0,0,,0,0,boundary
52,24.75,-0.25,,1010.34,0,83702.9,,0,0,,0,0,boundary
53,25.25,-0.25,,1010.35,0,83759.3,,0,0,,0,0,boundary
54,25.75,-0.25,,1010.34,0,83750.8,,0,0,,0,0,boundary
55,26.25,-0.25,,1010.34,0,83710.5,,0,0,,0,0,boundary
56,-1.25,-0.75,,1010.96,0,88883.8,,0,0,,0,0,boundary
57,-0.75,-0.75,,1010.96,0,88907.6,,0,0,,0,0,boundary
58,-0.25,-0.75,,1010.96,0,88919.8,,0,0,,0,0,boundary
59,0.25,-0.75,,1010.96,0,88871,,0,0,,0,0,boundary
60,0.75,-0.75,,1010.95,0,88807.7,,0,0,,0,0,boundary
61,1.25,-0.75,,1010.95,0,88773.4,,0,0,,0,0,boundary
62,1.75,-0.75,,1010.94,0,88760.9,,0,0,,0,0,boundary
63,2.25,-0.75,,1010.94,0,88744.2,,0,0,,0,0,boundary
64,2.75,-0.75,,1010.94,0,88717.7,,0,0,,0,0,boundary
65,3.25,-0.75,,1010.94,0,88695.9,,0,0,,0,0,boundary
66,3.75,-0.75,,1010.94,0,88685.8,,0,0,,0,0,boundary
67,4.25,-0.75,,1010.93,0,88684.5,,0,0,,0,0,boundary
68,4.75,-0.75,,1010.94,0,88687.5,,0,0,,0,0,boundary
69,5.25,-0.75,,1010.94,0,88692.5,,0,0,,0,0,boundary
70,5.75,-0.75,,1010.94,0,88698.8,,0,0,,0,0,boundary
71,6.25,-0.75,,1010.94,0,88703.9,,0,0,,0,0,boundary
72,6.75,-0.75,,1010.94,0,88705.2,,0,0,,0,0,boundary
73,7.25,-0.75,,1010.94,0,88701.9,,0,0,,0,0,boundary
74,7.75,-0.75,,1010.94,0,88695.9,,0,0,,0,0,boundary
75,8.25,-0.75,,1010.94,0,88690.3,,0,0,,0,0,boundary
76,8.75,-0.75,,1010.94,0,88687.3,,0,0,,0,0,boundary
77,9.25,-0.75,,1010.94,0,88688.1,,0,0,,0,0,boundary
78,9.75,-0.75,,1010.94,0,88693.9,,0,0,,0,0,boundary
79,10.25,-0.75,,1010.94,0,88704.5,,0,0,,0,0,boundary
80,10.75,-0.75,,1010.94,0,88718.3,,0,0,,0,0,boundary
81,11.25,-0.75,,1010.94,0,88732.5,,0,0,,0,0,boundary
82,11.75,-0.75,,1010.94,0,88744.2,,0,0,,0,0,boundary
83,12.25,-0.75,,1010.94,0,88750.8,,0,0,,0,0,boundary
84,12.75,-0.75,,1010.94,0,88750.8,,0,0,,0,0,boundary
85,13.25,-0.75,,1010.94,0,88744.2,,0,0,,0,0,boundary
86,13.75,-0.75,,1010.94,0,88732.5,,0,0,,0,0,boundary
87,14.25,-0.75,,1010.94,0,88718.3,,0,0,,0,0,boundary
88,14.75,-0.75,,1010.94,0,88704.5,,0,0,,0,0,boundary
89,15.25,-0.75,,1010.94,0,88693.9,,0,0,,0,0,boundary
90,15.75,-0.75,,1010.94,0,88688.1,,0,0,,0,0,boundary
91,16.25,-0.75,,1010.94,0,88687.3,,0,0,,0,0,boundary
92,16.75,-0.75,,1010.94,0,88690.3,,0,0,,0,0,boundary
93,17.25,-0.75,,1010.94,0,88695.9,,0,0,,0,0,boundary
94,17.75,-0.75,,1010.94,0,88701.9,,0,0,,0,0,boundary
95,18.25,-0.75,,1010.94,0,88705.2,,0,0,,0,0,boundary
96,18.75,-0.75,,1010.94,0,88703.9,,0,0,,0,0,boundary
97,19.25,-0.75,,1010.94,0,88698.8,,0,0,,0,0,boundary
98,19.75,-0.75,,1010.94,0,88692.5,,0,0,,0,0,boundary
99,20.25,-0.75,,1010.94,0,88687.5,,0,0,,0,0,boundary
100,20.75,-0.75,,1010.93,0,88684.5,,0,0,,0,0,boundary
101,21.25,-0.75,,1010.94,0,88685.8,,0,0,,0,0,boundary
102,21.75,-0.75,,1010.94,0,88695.9,,0,0,,0,0,boundary
103,22.25,-0.75,,1010.94,0,88717.7,,0,0,,0,0,boundary
104,22.75,-0.75,,1010.94,0,88744.2,,0,0,,0,0,boundary
105,23.25,-0.75,,1010.94,0,88760.9,,0,0,,0,0,boundary
106,23.75,-0.75,,1010.95,0,88773.4,,0,0,,0,0,boundary
107,24.25,-0.75,,1010.95,0,88807.7,,0,0,,0,0,boundary
108,24.75,-0.75,,1010.96,0,88871,,0,0,,0,0,boundary
109,25.25,-0.75,,1010.96,0,88919.8,,0,0,,0,0,boundary
110,25.75,-0.75,,1010.96,0,88907.6,,0,0,,0,0,boundary
111,26.25,-0.75,,1010.96,0,88883.8,,0,0,,0,0,boundary
112,-1.25,-1.25,,1011.59,0,94158.7,,0,0,,0,0,boundary
113,-0.75,-1.25,,1011.59,0,94157.5,,0,0,,0,0,boundary
114,-0.25,-1.25,,1011.59,0,94164.5,,0,0,,0,0,boundary
115,0.25,-1.25,,1011.58,0,94124.1,,0,0,,0,0,boundary
116,0.75,-1.25,,1011.58,0,94067.7,,0,0,,0,0,boundary
117,1.25,-1.25,,1011.57,0,94041.2,,0,0,,0,0,boundary
118,1.75,-1.25,,1011.57,0,94027.2,,0,0,,0,0,boundary
119,2.25,-1.25,,1011.57,0,93992,,0,0,,0,0,boundary
120,2.75,-1.25,,1011.56,0,93941.7,,0,0,,0,0,boundary
121,3.25,-1.25,,1011.56,0,93904.2,,0,0,,0,0,boundary
122,3.75,-1.25,,1011.55,0,93886.9,,0,0,,0,0,boundary
123,4.25,-1.25,,1011.55,0,93881.5,,0,0,,0,0,boundary
124,4.75,-1.25,,1011.55,0,93880.5,,0,0,,0,0,boundary
125,5.25,-1.25,,1011.55,0,93882.3,,0,0,,0,0,boundary
126,5.75,-1.25,,1011.55,0,93887.5,,0,0,,0,0,boundary
127,6.25,-1.25,,1011.56,0,93893.7,,0,0,,0,0,boundary
128,6.75,-1.25,,1011.56,0,93897,,0,0,,0,0,boundary
129,7.25,-1.25,,1011.56,0,93895.3,,0,0,,0,0,boundary
130,7.75,-1.25,,1011.56,0,93890.1,,0,0,,0,0,boundary
131,8.25,-1.25,,1011.55,0,93884.6,,0,0,,0,0,boundary
132,8.75,-1.25,,1011.55,0,93881.6,,0,0,,0,0,boundary
133,9.25,-1.25,,1011.55,0,93882.3,,0,0,,0,0,boundary
134,9.75,-1.25,,1011.55,0,93887.4,,0,0,,0,0,boundary
135,10.25,-1.25,,1011.56,0,93897.3,,0,0,,0,0,boundary
136,10.75,-1.25,,1011.56,0,93910.9,,0,0,,0,0,boundary
137,11.25,-1.25,,1011.56,0,93925.3,,0,0,,0,0,boundary
138,11.75,-1.25,,1011.56,0,93937.1,,0,0,,0,0,boundary
139,12.25,-1.25,,1011.56,0,93943.8,,0,0,,0,0,boundary
140,12.75,-1.25,,1011.56,0,93943.8,,0,0,,0,0,boundary
141,13.25,-1.25,,1011.56,0,93937.1,,0,0,,0,0,boundary
142,13.75,-1.25,,1011.56,0,93925.3,,0,0,,0,0,boundary
143,14.25,-1.25,,1011.56,0,93910.9,,0,0,,0,0,boundary
144,14.75,-1.25,,1011.56,0,93897.3,,0,0,,0,0,boundary
145,15.25,-1.25,,1011.55,0,93887.4,,0,0,,0,0,boundary
146,15.75,-1.25,,1011.55,0,93882.3,,0,0,,0,0,boundary
147,16.25,-1.25,,1011.55,0,93881.6,,0,0,,0,0,boundary
148,16.75,-1.25,,1011.55,0,93884.6,,0,0,,0,0,boundary
149,17.25,-1.25,,1011.56,0,93890.1,,0,0,,0,0,boundary
150,17.75,-1.25,,1011.56,0,93895.3,,0,0,,0,0,boundary
151,18.25,-1.25,,1011.56,0,93897,,0,0,,0,0,boundary
152,18.75,-1.25,,1011.56,0,93893.7,,0,0,,0,0,boundary
153,19.25,-1.25,,1011.55,0,93887.5,,0,0,,0,0,boundary
154,19.75,-1.25,,1011.55,0,93882.3,,0,0,,0,0,boundary
155,20.25,-1.25,,1011.55,0,93880.5,,0,0,,0,0,boundary
156,20.75,-1.25,,1011.55,0,93881.5,,0,0,,0,0,boundary
157,21.25,-1.25,,1011.55,0,93886.9,,0,0,,0,0,boundary
158,21.75,-1.25,,1011.56,0,93904.2,,0,0,,0,0,boundary
159,22.25,-1.25,,1011.56,0,93941.7,,0,0,,0,0,boundary
160,22.75,-1.25,,1011.57,0,93992,,0,0,,0,0,boundary
161,23.25,-1.25,,1011.57,0,94027.2,,0,0,,0,0,boundary
162,23.75,-1.25,,1011.57,0,94041.2,,0,0,,0,0,boundary
163,24.25,-1.25,,1011.58,0,94067.7,,0,0,,0,0,boundary
164,24.75,-1.25,,1011.58,0,94124.1,,0,0,,0,0,boundary
165,25.25,-1.25,,1011.59,0,94164.5,,0,0,,0,0,boundary
166,25.75,-1.25,,1011.59,0,94157.5,,0,0,,0,0,boundary
167,26.25,-1.25,,1011.59,0,94158.7,,0,0,,0,0,boundary
168,-0.25,0.25,,1009.73,0,78664.5,,0,0,,0,0,boundary
169,-0.25,0.75,,1009.12,0,73573.3,,0,0,,0,0,boundary
170,-0.25,1.25,,1008.5,0,68472,,0,0,,0,0,boundary
171,-0.25,1.75,,1007.89,0,63366.4,,0,0,,0,0,boundary
172,-0.25,2.25,,1007.26,0,58259.6,,0,0,,0,0,boundary
173,-0.25,2.75,,1006.64,0,53145.2,,0,0,,0,0,boundary
174,-0.25,3.25,,1006.01,0,48017.4,,0,0,,0,0,boundary
175,-0.25,3.75,,1005.38,0,42878.1,,0,0,,0,0,boundary
176,-0.25,4.25,,1004.74,0,37736.7,,0,0,,0,0,boundary
177,-0.25,4.75,,1004.1,0,32597.4,,0,0,,0,0,boundary
178,-0.25,5.25,,1003.47,0,27513.3,,0,0,,0,0,boundary
179,-0.25,5.75,,1002.85,0,22554.6,,0,0,,0,0,boundary
180,-0.25,6.25,,1002.2,0,17398.9,,0,0,,0,0,boundary
181,-0.25,6.75,,1001.5,0,11791.6,,0,0,,0,0,boundary
182,-0.25,7.25,,1000.93,0,7284.55,,0,0,,0,0,boundary
183,-0.25,7.75,,1000.63,0,4991.22,,0,0,,0,0,boundary
184,-0.25,8.25,,1000.8,0,6328.77,,0,0,,0,0,boundary
185,-0.25,8.75,,1000.76,0,5968.47,,0,0,,0,0,boundary
186,-0.25,9.25,,1000.72,0,5668.76,,0,0,,0,0,boundary
187,-0.25,9.75,,1000,0,0,,0,0,,0,0,boundary
188,-0.75,0.25,,1009.73,0,78663,,0,0,,0,0,boundary
189,-0.75,0.75,,1009.12,0,73576.7,,0,0,,0,0,boundary
190,-0.75,1.25,,1008.51,0,68482.1,,0,0,,0,0,boundary
191,-0.75,1.75,,1007.89,0,63385.9,,0,0,,0,0,boundary
192,-0.75,2.25,,1007.27,0,58286.2,,0,0,,0,0,boundary
193,-0.75,2.75,,1006.64,0,53173.4,,0,0,,0,0,boundary
194,-0.75,3.25,,1006.01,0,48041.2,,0,0,,0,0,boundary
195,-0.75,3.75,,1005.38,0,42889.9,,0,0,,0,0,boundary
196,-0.75,4.25,,1004.74,0,37731.7,,0,0,,0,0,boundary
197,-0.75,4.75,,1004.1,0,32573.8,,0,0,,0,0,boundary
198,-0.75,5.25,,1003.46,0,27452.3,,0,0,,0,0,boundary
199,-0.75,5.75,,1002.84,0,22463.2,,0,0,,0,0,boundary
200,-0.75,6.25,,1002.2,0,17382.6,,0,0,,0,0,boundary
201,-0.75,6.75,,1001.51,0,11903.8,,0,0,,0,0,boundary
202,-0.75,7.25,,1000.94,0,7360.04,,0,0,,0,0,boundary
203,-0.75,7.75,,1000.63,0,4945.22,,0,0,,0,0,boundary
204,-0.75,8.25,,1000.75,0,5884.51,,0,0,,0,0,boundary
205,-0.75,8.75,,1000.68,0,5382.08,,0,0,,0,0,boundary
206,-0.75,9.25,,1000.63,0,4929.03,,0,0,,0,0,boundary
207,-0.75,9.75,,1000.59,0,4670.94,,0,0,,0,0,boundary
208,-1.25,0.25,,1009.73,0,78627.7,,0,0,,0,0,boundary
209,-1.25,0.75,,1009.12,0,73559.4,,0,0,,0,0,boundary
210,-1.25,1.25,,1008.51,0,68483.2,,0,0,,0,0,boundary
211,-1.25,1.75,,1007.89,0,63402.1,,0,0,,0,0,boundary
212,-1.25,2.25,,1007.27,0,58312,,0,0,,0,0,boundary
213,-1.25,2.75,,1006.65,0,53203.9,,0,0,,0,0,boundary
214,-1.25,3.25,,1006.02,0,48069.8,,0,0,,0,0,boundary
215,-1.25,3.75,,1005.38,0,42906,,0,0,,0,0,boundary
216,-1.25,4.25,,1004.74,0,37732.7,,0,0,,0,0,boundary
217,-1.25,4.75,,1004.1,0,32566,,0,0,,0,0,boundary
218,-1.25,5.25,,1003.46,0,27405.6,,0,0,,0,0,boundary
219,-1.25,5.75,,1002.83,0,22362.6,,0,0,,0,0,boundary
220,-1.25,6.25,,1002.2,0,17416.3,,0,0,,0,0,boundary
221,-1.25,6.75,,1001.57,0,12370.5,,0,0,,0,0,boundary
222,-1.25,7.25,,1000.97,0,7633.72,,0,0,,0,0,boundary
223,-1.25,7.75,,1000.55,0,4285.52,,0,0,,0,0,boundary
224,-1.25,8.25,,1000.72,0,5631.07,,0,0,,0,0,boundary
225,-1.25,8.75,,1000.64,0,5047.42,,0,0,,0,0,boundary
226,-1.25,9.25,,1000.59,0,4661.19,,0,0,,0,0,boundary
227,-1.25,9.75,,1000.57,0,4487.71,,0,0,,0,0,boundary
228,25.25,0.25,,1009.73,0,78664.5,,0,0,,0,0,boundary
229,25.25,0.75,,1009.12,0,73573.3,,0,0,,0,0,boundary
230,25.25,1.25,,1008.5,0,68472,,0,0,,0,0,boundary
231,25.25,1.75,,1007.89,0,63366.4,,0,0,,0,0,boundary
232,25.25,2.25,,1007.26,0,58259.6,,0,0,,0,0,boundary
233,25.25,2.75,,1006.64,0,53145.2,,0,0,,0,0,boundary
234,25.25,3.25,,1006.01,0,48017.4,,0,0,,0,0,boundary
235,25.25,3.75,,1005.38,0,42878.1,,0,0,,0,0,boundary
236,25.25,4.25,,1004.74,0,37736.7,,0,0,,0,0,boundary
237,25.25,4.75,,1004.1,0,32597.4,,0,0,,0,0,boundary
238,25.25,5.25,,1003.47,0,27513.3,,0,0,,0,0,boundary
239,25.25,5.75,,1002.85,0,22554.6,,0,0,,0,0,boundary
240,25.25,6.25,,1002.2,0,17398.9,,0,0,,0,0,boundary
241,25.25,6.75,,1001.5,0,11791.6,,0,0,,0,0,boundary
242,25.25,7.25,,1000.93,0,7284.55,,0,0,,0,0,boundary
243,25.25,7.75,,1000.63,0,4991.22,,0,0,,0,0,boundary
244,25.25,8.25,,1000.8,0,6328.77,,0,0,,0,0,boundary
245,25.25,8.75,,1000.76,0,5968.47,,0,0,,0,0,boundary
246,25.25,9.25,,1000.72,0,5668.76,,0,0,,0,0,boundary
247,25.25,9.75,,1000,0,0,,0,0,,0,0,boundary
248,25.75,0.25,,1009.73,0,78663,,0,0,,0,0,boundary
249,25.75,0.75,,1009.12,0,73576.7,,0,0,,0,0,boundary
250,25.75,1.25,,1008.51,0,68482.1,,0,0,,0,0,boundary
251,25.75,1.75,,1007.89,0,63385.9,,0,0,,0,0,boundary
252,25.75,2.25,,1007.27,0,58286.2,,0,0,,0,0,boundary
253,25.75,2.75,,1006.64,0,53173.4,,0,0,,0,0,boundary
254,25.75,3.25,,1006.01,0,48041.2,,0,0,,0,0,boundary
255,25.75,3.75,,1005.38,0,42889.9,,0,0,,0,0,boundary
256,25.75,4.25,,1004.74,0,37731.7,,0,0,,0,0,boundary
257,25.75,4.75,,1004.1,0,32573.8,,0,0,,0,0,boundary
258,25.75,5.25,,1003.46,0,27452.3,,0,0,,0,0,boundary
259,25.75,5.75,,1002.84,0,22463.2,,0,0,,0,0,boundary
260,25.75,6.25,,1002.2,0,17382.6,,0,0,,0,0,boundary
261,25.75,6.75,,1001.51,0,11903.8,,0,0,,0,0,boundary
262,25.75,7.25,,1000.94,0,7360.04,,0,0,,0,0,boundary
263,25.75,7.75,,1000.63,0,4945.22,,0,0,,0,0,boundary
264,25.75,8.25,,1000.75,0,5884.51,,0,0,,0,0,boundary
265,25.75,8.75,,1000.68,0,5382.08,,0,0,,0,0,boundary
266,25.75,9.25,,1000.63,0,4929.03,,0,0,,0,0,boundary
267,25.75,9.75,,1000.59,0,4670.94,,0,0,,0,0,boundary
268,26.25,0.25,,1009.73,0,78627.7,,0,0,,0,0,boundary
269,26.25,0.75,,1009.12,0,73559.4,,0,0,,0,0,boundary
270,26.25,1.25,,1008.51,0,68483.2,,0,0,,0,0,boundary
271,26.25,1.75,,1007.89,0,63402.1,,0,0,,0,0,boundary
272,26.25,2.25,,1007.27,0,58312,,0,0,,0,0,boundary
273,26.25,2.75,,1006.65,0,53203.9,,0,0,,0,0,boundary
274,26.25,3.25,,1006.02,0,48069.8,,0,0,,0,0,boundary
275,26.25,3.75,,1005.38,0,42906,,0,0,,0,0,boundary
276,26.25,4.25,,1004.74,0,37732.7,,0,0,,0,0,boundary
277,26.25,4.75,,1004.1,0,32566,,0,0,,0,0,boundary
278,26.25,5.25,,1003.46,0,27405.6,,0,0,,0,0,boundary
279,26.25,5.75,,1002.83,0,22362.6,,0,0,,0,0,boundary
280,26.25,6.25,,1002.2,0,17416.3,,0,0,,0,0,boundary
281,26.25,6.75,,1001.57,0,12370.5,,0,0,,0,0,boundary
282,26.25,7.25,,1000.97,0,7633.72,,0,0,,0,0,boundary
283,26.25,7.75,,1000.55,0,4285.52,,0,0,,0,0,boundary
284,26.25,8.25,,1000.72,0,5631.07,,0,0,,0,0,boundary
285,26.25,8.75,,1000.64,0,5047.42,,0,0,,0,0,boundary
286,26.25,9.25,,1000.59,0,4661.19,,0,0,,0,0,boundary
287,26.25,9.75,,1000.57,0,4487.71,,0,0,,0,0,boundary
288,0.249949,0.249503,,1009.73,-1.15798,78619.2,,0.00115439,0.00168439,,0.0694927,9.7965,fluid
289,0.250077,0.749062,,1009.12,-0.77655,73561.4,,0.00066003,7.881e-05,,0.057941,9.81016,fluid
290,0.250076,1.24849,,1008.5,-0.0259489,68468.3,,7.98501e-05,-0.000884418,,0.0471148,9.85038,fluid
291,0.250104,1.74788,,1007.88,1.04384,63360.5,,-0.000217964,-0.00246496,,0.0384366,9.88073,fluid
292,0.250174,2.24729,,1007.27,2.1076,58279.5,,-0.000612477,-0.00490528,,0.0225996,9.90633,fluid
293,0.250274,2.74644,,1006.64,2.85226,53190.8,,-0.00061614,-0.00856362,,0.00473854,9.95687,fluid
294,0.250327,3.24559,,1006.02,3.26096,48066.8,,-0.00101955,-0.0135179,,-0.0113096,10.0044,fluid
295,0.250615,3.74456,,1005.39,3.43757,42966.3,,-0.00045018,-0.0166726,,-0.0292959,10.0508,fluid
296,0.250712,4.24257,,1004.75,3.31633,37809.6,,0.000452115,-0.0258779,,-0.035375,10.0687,fluid
297,0.250893,4.74173,,1004.12,2.79362,32746.1,,-0.00189797,-0.0308307,,-0.0629289,10.0334,fluid
298,0.252972,5.23728,,1003.49,2.25732,27643.8,,0.0058401,-0.0373794,,-0.0750399,10.0773,fluid
299,0.253533,5.73179,,1002.83,1.63681,22424.4,,0.011157,-0.0712964,,-0.0381178,9.9477,fluid
300,0.252159,6.23381,,1002.35,1.02521,18540.2,,-0.0114751,-0.0498612,,-0.11789,9.90749,fluid
301,0.255338,6.70891,,1001.55,0.646676,12221.5,,-0.0400515,-0.0750308,,-0.387638,10.2478,fluid
302,0.310884,7.14307,,1000.85,1.7613,6682.02,,0.10234,-0.383955,,-0.51945,9.74954,fluid
303,0.488744,7.60474,,1000.97,-0.0685602,7668.86,,0.639213,-0.313818,,-0.593112,10.3849,fluid
304,0.750408,0.249597,,1009.72,-0.827602,78527.1,,0.00232694,0.0013171,,0.0847085,9.79099,fluid
305,0.750437,0.749047,,1009.11,-0.473654,73488.4,,0.00221904,-0.000509015,,0.0765909,9.79716,fluid
306,0.750539,1.24849,,1008.5,0.0479432,68415.3,,0.00199964,-0.0014832,,0.0639398,9.83874,fluid
307,0.750644,1.74786,,1007.88,0.906685,63322.4,,0.00167815,-0.00319157,,0.0552947,9.86861,fluid
308,0.750803,2.24732,,1007.26,1.79357,58264.3,,0.00139098,-0.00563523,,0.0426328,9.88608,fluid
309,0.751049,2.74646,,1006.65,2.36728,53202.1,,0.00180655,-0.00885205,,0.0264095,9.93835,fluid
310,0.751289,3.24563,,1006.02,2.70159,48080.8,,0.00228357,-0.0141496,,0.0104785,9.98475,fluid
311,0.751817,3.74481,,1005.39,2.95542,42996.9,,0.00363906,-0.0159736,,-0.0115068,10.0282,fluid
312,0.752513,4.24255,,1004.75,3.02609,37832.1,,0.00687373,-0.0255803,,-0.0273355,10.059,fluid
313,0.753266,4.74232,,1004.12,2.63143,32738,,0.00901924,-0.0317826,,-0.0416165,10.0032,fluid
314,0.755079,5.23872,,1003.5,2.2102,27745.8,,0.0134364,-0.0325167,,-0.0670782,10.0528,fluid
315,0.758873,5.73356,,1002.83,1.78169,22359.5,,0.0276916,-0.0621656,,-0.0798606,9.98804,fluid
316,0.766516,6.23351,,1002.25,1.17946,17769.6,,0.0575965,-0.06838,,-0.0220336,9.83216,fluid
317,0.769003,6.71576,,1001.66,0.690111,13060.6,,0.0519206,-0.0930633,,-0.075796,9.9775,fluid
318,0.790198,7.26427,,1000.82,0.0929781,6476.37,,0.0943219,-0.058125,,-0.278932,9.12003,fluid
319,0.859527,7.76258,,1000.59,0.485347,4670.94,,0.313877,-0.0312892,,-0.180635,9.43078,fluid
320,1.25079,0.249558,,1009.71,-0.229911,78494.5,,0.0041761,0.0012204,,0.0501745,9.78706,fluid
321,1.25087,0.749126,,1009.11,0.0354892,73474.5,,0.00418727,-0.00082161,,0.0452836,9.78806,fluid
322,1.25098,1.24861,,1008.5,0.291752,68401.4,,0.00370338,-0.00189241,,0.0442408,9.8345,fluid
323,1.25112,1.748,,1007.88,0.917417,63294.1,,0.00361383,-0.00336771,,0.0482465,9.86703,fluid
324,1.25132,2.24756,,1007.26,1.60827,58223.6,,0.00359173,-0.00569798,,0.0471696,9.87569,fluid
325,1.25168,2.7468,,1006.64,2.01272,53167.3,,0.00420444,-0.00796292,,0.0378128,9.92528,fluid
326,1.25209,3.24602,,1006.01,2.27864,48042.3,,0.00542011,-0.0133022,,0.0271337,9.96957,fluid
327,1.25271,3.74561,,1005.39,2.54885,42968.2,,0.00658162,-0.0140749,,0.00438671,9.99839,fluid
328,1.25382,4.2436,,1004.75,2.73931,37851.2,,0.0098941,-0.0210974,,-0.026513,10.0408,fluid
329,1.2553,4.74381,,1004.12,2.49733,32715.1,,0.0153138,-0.0277005,,-0.0402998,9.99223,fluid
330,1.25719,5.2414,,1003.5,2.13108,27777.2,,0.0193471,-0.0273112,,-0.0592877,10.0014,fluid
331,1.26082,5.73962,,1002.86,1.72082,22630.1,,0.0272136,-0.042213,,-0.112199,9.96717,fluid
332,1.26985,6.24666,,1002.22,1.47971,17555.7,,0.055734,-0.0232297,,-0.118862,9.87101,fluid
333,1.28478,6.72,,1001.6,1.58925,12618.7,,0.101789,-0.0888652,,-0.112324,9.95484,fluid
334,1.29506,7.28282,,1001.05,0.215472,8282.95,,0.144734,0.067332,,-0.0239448,9.63034,fluid
335,1.29387,7.80604,,1000.57,0.163464,4487.71,,0.148316,0.104686,,0.0346848,9.41723,fluid
336,1.75115,0.249612,,1009.72,0.0154975,78504.9,,0.00421587,0.0011096,,0.0358641,9.78395,fluid
337,1.75122,0.749205,,1009.11,0.134215,73485.6,,0.00394862,-0.00127666,,0.0415426,9.79036,fluid
338,1.75134,1.24875,,1008.5,0.271447,68392.8,,0.00383722,-0.00198315,,0.0474985,9.83836,fluid
339,1.75152,1.74818,,1007.87,0.85888,63276.7,,0.0043528,-0.00297061,,0.0481242,9.86899,fluid
340,1.75178,2.24784,,1007.26,1.51476,58195.7,,0.00495164,-0.0054487,,0.0424875,9.86912,fluid
341,1.75218,2.74725,,1006.64,1.88734,53143.2,,0.00576023,-0.00670136,,0.0300531,9.91301,fluid
342,1.75272,3.24652,,1006.01,2.17963,48018.8,,0.00772195,-0.0115859,,0.0176758,9.95831,fluid
343,1.75339,3.74644,,1005.38,2.45047,42930.9,,0.00967712,-0.0124568,,0.0006594,9.96946,fluid
344,1.75443,4.24495,,1004.76,2.64642,37866.2,,0.0123934,-0.0164304,,-0.0289928,10.0123,fluid
345,1.75609,4.74554,,1004.12,2.48045,32708.8,,0.0183547,-0.0218881,,-0.0480371,9.98623,fluid
346,1.75824,5.24398,,1003.49,2.12088,27654.5,,0.0255082,-0.0204309,,-0.0500641,9.98519,fluid
347,1.76071,5.74255,,1002.88,1.68164,22775.4,,0.0344965,-0.0350454,,-0.0455155,9.93848,fluid
348,1.76278,6.2561,,1002.22,1.08408,17572.5,,0.0385229,0.00470493,,-0.0566643,9.87978,fluid
349,1.77133,6.73482,,1001.5,1.3109,11786.7,,0.0608439,-0.0460754,,-0.066481,9.92174,fluid
350,1.78663,7.26607,,1001.08,0.69886,8490.27,,0.124602,0.035156,,0.0520052,9.84772,fluid
351,1.78162,7.79699,,1000.62,-0.031867,4901.86,,0.120247,0.116058,,0.151055,9.68101,fluid
352,2.2514,0.249653,,1009.71,0.0611829,78475.8,,0.00488831,0.000797048,,0.0497531,9.7913,fluid
353,2.25147,0.749283,,1009.1,0.102981,73434.1,,0.0050236,-0.00137734,,0.0618058,9.79992,fluid
354,2.25159,1.24891,,1008.49,0.234684,68331.7,,0.00521616,-0.00175157,,0.0635331,9.83667,fluid
355,2.25182,1.74843,,1007.87,0.816468,63236.9,,0.00572083,-0.00224485,,0.0517751,9.85952,fluid
356,2.25212,2.24815,,1007.25,1.4316,58166.6,,0.00631608,-0.00494212,,0.0370301,9.8572,fluid
357,2.25252,2.74775,,1006.64,1.77888,53122.9,,0.00705305,-0.0053899,,0.0215705,9.89665,fluid
358,2.2531,3.24715,,1006.01,2.10764,48017.3,,0.00887921,-0.00922535,,0.00498509,9.94498,fluid
359,2.25384,3.74729,,1005.38,2.38076,42919.5,,0.0112895,-0.0101855,,-0.0112498,9.94868,fluid
360,2.25483,4.24619,,1004.76,2.53221,37880.8,,0.014247,-0.0121561,,-0.0307382,9.98901,fluid
361,2.25614,4.74718,,1004.12,2.38652,32755.6,,0.018881,-0.0168475,,-0.0462303,9.97068,fluid
362,2.25803,5.24696,,1003.48,2.0613,27623.8,,0.0235285,-0.0102544,,-0.0666297,9.98495,fluid
363,2.26126,5.74453,,1002.87,1.80292,22718.4,,0.0360853,-0.0238122,,-0.0583886,9.97197,fluid
364,2.26234,6.25635,,1002.25,1.15088,17814.9,,0.0460136,0.000742148,,-0.000996833,9.86578,fluid
365,2.26244,6.74482,,1001.5,0.755639,11815.7,,0.0429078,-0.0177037,,-0.0116278,9.89057,fluid
366,2.26997,7.26436,,1001,0.755562,7845.21,,0.0748089,0.0242574,,0.0633316,9.84383,fluid
367,2.26932,7.78335,,1000.64,0.0869268,5068.43,,0.0790915,0.0877048,,0.131189,9.83171,fluid
368,2.75163,0.249682,,1009.71,0.172474,78442.5,,0.00581944,0.000773851,,0.0468396,9.8014,fluid
369,2.75172,0.749373,,1009.1,0.218917,73390.1,,0.00614142,-0.00116801,,0.0546815,9.80696,fluid
370,2.75186,1.24909,,1008.48,0.3319,68291.4,,0.00629697,-0.00154352,,0.0533583,9.82845,fluid
371,2.75207,1.74869,,1007.87,0.794803,63219.7,,0.00650808,-0.00173903,,0.0422662,9.84457,fluid
372,2.75236,2.24848,,1007.25,1.26047,58156.5,,0.00708658,-0.00432049,,0.0317458,9.84562,fluid
373,2.75274,2.74824,,1006.63,1.52708,53112.4,,0.00794762,-0.00418474,,0.0221251,9.88179,fluid
374,2.75327,3.24777,,1006.01,1.86307,48022.4,,0.00952736,-0.00708999,,0.0090739,9.9305,fluid
375,2.75393,3.74814,,1005.38,2.15064,42922.3,,0.0116108,-0.00787414,,-0.0053018,9.93122,fluid
376,2.75484,4.24735,,1004.76,2.29537,37891.3,,0.0142268,-0.00785997,,-0.0224523,9.97442,fluid
377,2.75595,4.74825,,1004.12,2.19099,32775.1,,0.0191296,-0.0132154,,-0.0280975,9.96183,fluid
378,2.75686,5.24919,,1003.49,1.8868,27650.4,,0.0215304,-0.00545139,,-0.037061,9.9605,fluid
379,2.75899,5.74757,,1002.87,1.74092,22706.3,,0.026121,-0.0105956,,-0.0578758,9.98898,fluid
380,2.76114,6.25648,,1002.25,1.3337,17794.9,,0.0364379,0.00591628,,-0.0339416,9.91354,fluid
381,2.76114,6.74649,,1001.54,0.85753,12140.4,,0.0388792,-0.0101846,,-0.00959342,9.92037,fluid
382,2.76323,7.26439,,1000.98,0.686478,7696.34,,0.053192,0.0287378,,0.0634522,9.88758,fluid
383,2.76227,7.77574,,1000.65,0.244552,5128.84,,0.054344,0.0694162,,0.11042,9.90681,fluid
384,3.25179,0.249729,,1009.71,0.319281,78423.9,,0.00616231,0.000706773,,0.0334882,9.80728,fluid
385,3.25189,0.749473,,1009.1,0.36769,73367.7,,0.00631264,-0.00102591,,0.04,9.81142,fluid
386,3.25201,1.24926,,1008.48,0.422549,68268.4,,0.00643955,-0.00146949,,0.0426045,9.82388,fluid
387,3.2522,1.74894,,1007.87,0.718451,63203,,0.00668906,-0.00134131,,0.0400735,9.83655,fluid
388,3.25248,2.24879,,1007.25,1.01632,58139.2,,0.00733706,-0.00358442,,0.0367586,9.84021,fluid
389,3.25284,2.74869,,1006.63,1.21134,53091,,0.00823699,-0.00299221,,0.0321941,9.87229,fluid
390,3.25332,3.24832,,1006.01,1.56296,48010.4,,0.00972354,-0.00511655,,0.0221927,9.91901,fluid
391,3.25386,3.7488,,1005.38,1.8843,42906.6,,0.0117804,-0.0060386,,0.0108917,9.91577,fluid
392,3.25454,4.24837,,1004.76,2.05368,37882.9,,0.0135047,-0.00439441,,-0.00706999,9.95732,fluid
393,3.25558,4.7491,,1004.13,2.03326,32781.6,,0.0176014,-0.00858553,,-0.0219362,9.96273,fluid
394,3.25624,5.25002,,1003.49,1.80048,27646.4,,0.021767,-0.003563,,-0.0178595,9.95282,fluid
395,3.25691,5.7492,,1002.86,1.64006,22672.5,,0.0239198,-0.00663057,,-0.0179722,9.97706,fluid
396,3.25786,6.25731,,1002.24,1.27229,17708.2,,0.0272972,0.0105483,,-0.0125869,9.93202,fluid
397,3.25812,6.747,,1001.54,0.83384,12178,,0.0286222,-0.00496391,,-0.00597426,9.95463,fluid
398,3.2589,7.26284,,1000.97,0.657919,7622.98,,0.0358693,0.0276022,,0.0405012,9.92794,fluid
399,3.25794,7.77061,,1000.66,0.273215,5173.24,,0.0361005,0.0561072,,0.077545,9.9621,fluid
400,3.75189,0.249759,,1009.7,0.444537,78409,,0.0065955,0.000506798,,0.021814,9.81353,fluid
401,3.75197,0.74956,,1009.09,0.466053,73344.7,,0.0067776,-0.000937786,,0.0304534,9.81815,fluid
402,3.75209,1.2494,,1008.48,0.466614,68239.8,,0.00696944,-0.00131811,,0.0367735,9.82598,fluid
403,3.75227,1.74917,,1007.86,0.642632,63173.9,,0.00722658,-0.000928346,,0.0390194,9.8355,fluid
404,3.75252,2.24908,,1007.24,0.832816,58108.1,,0.00777552,-0.00288025,,0.0391102,9.8393,fluid
405,3.75282,2.74908,,1006.63,0.998584,53055.1,,0.00849195,-0.00201124,,0.0373368,9.86576,fluid
406,3.75322,3.24882,,1006.01,1.37406,47985.1,,0.00955896,-0.00327741,,0.0277537,9.90807,fluid
407,3.7537,3.74931,,1005.38,1.72371,42887,,0.0115833,-0.00421218,,0.0168079,9.90415,fluid
408,3.75414,4.24909,,1004.76,1.89629,37862.2,,0.0130357,-0.00252091,,0.00469224,9.93755,fluid
409,3.75484,4.74998,,1004.13,1.91077,32788.9,,0.0149388,-0.00484537,,-0.0141396,9.95019,fluid
410,3.75553,5.25063,,1003.49,1.76446,27682.8,,0.0180147,0.000200168,,-0.0233651,9.95749,fluid
411,3.75601,5.74969,,1002.87,1.6397,22695.2,,0.0211583,-0.00415307,,-0.018923,9.98381,fluid
412,3.7562,6.2574,,1002.24,1.23225,17680,,0.0234434,0.011087,,-0.00362157,9.93838,fluid
413,3.75593,6.74718,,1001.55,0.755584,12198.2,,0.0229474,-0.0032298,,0.00450888,9.97018,fluid
414,3.75598,7.26162,,1000.96,0.575554,7568.02,,0.0253151,0.0246894,,0.0324396,9.95209,fluid
415,3.75521,7.76709,,1000.66,0.192697,5190.52,,0.0246023,0.0458624,,0.0572902,9.99322,fluid
416,4.25195,0.249786,,1009.7,0.543149,78404.4,,0.0068006,0.000346476,,0.0117399,9.82133,fluid
417,4.25203,0.749641,,1009.09,0.511368,73333.6,,0.00695385,-0.000837747,,0.0213603,9.82647,fluid
418,4.25214,1.24954,,1008.47,0.467515,68225,,0.00710735,-0.00114933,,0.0287976,9.83076,fluid
419,4.25229,1.74937,,1007.86,0.571917,63157.7,,0.00728274,-0.00060719,,0.0324307,9.83674,fluid
420,4.2525,2.24933,,1007.24,0.703431,58090.2,,0.00775465,-0.00222447,,0.0329549,9.83985,fluid
421,4.25274,2.74938,,1006.62,0.861992,53031.2,,0.00850901,-0.00125215,,0.0327269,9.86177,fluid
422,4.25304,3.24923,,1006,1.24472,47965.8,,0.00921467,-0.00201876,,0.0261265,9.89701,fluid
423,4.25344,3.74974,,1005.38,1.59432,42883.6,,0.0106445,-0.00236328,,0.0155639,9.89423,fluid
424,4.25379,4.24951,,1004.76,1.75915,37855.7,,0.0122659,-0.00110282,,0.00817213,9.92675,fluid
425,4.25416,4.75049,,1004.12,1.76812,32773.7,,0.0137105,-0.00345289,,0.000406339,9.93563,fluid
426,4.25449,5.25118,,1003.49,1.64737,27691.6,,0.0147732,0.00253249,,-0.00778068,9.95073,fluid
427,4.25483,5.75005,,1002.87,1.56144,22730.3,,0.0160958,-0.00152899,,-0.0126154,9.99079,fluid
428,4.25491,6.25718,,1002.24,1.15982,17701.9,,0.0175545,0.0114949,,-0.00459552,9.9501,fluid
429,4.2546,6.74684,,1001.55,0.666092,12244.1,,0.0175033,-0.00309768,,0.0046314,9.98671,fluid
430,4.2543,7.26044,,1000.96,0.473465,7539.39,,0.0183346,0.0220196,,0.0254279,9.97085,fluid
431,4.25359,7.7646,,1000.66,0.155595,5192.64,,0.0172134,0.0381946,,0.0425025,10.0068,fluid
432,4.75195,0.249809,,1009.7,0.64321,78401.2,,0.0068004,0.000126735,,0.0075408,9.8305,fluid
433,4.75202,0.749713,,1009.09,0.542826,73321.8,,0.00688336,-0.000823835,,0.0186523,9.83561,fluid
434,4.75211,1.24965,,1008.47,0.447283,68209.2,,0.00697742,-0.00103842,,0.0268991,9.83648,fluid
435,4.75223,1.74953,,1007.86,0.486114,63140,,0.0071097,-0.000400433,,0.0313217,9.83849,fluid
436,4.75241,2.24955,,1007.24,0.557045,58074.4,,0.0074153,-0.00165172,,0.0315331,9.83945,fluid
437,4.75262,2.74962,,1006.62,0.69443,53017.4,,0.00808229,-0.000492889,,0.0309076,9.8599,fluid
438,4.75284,3.24952,,1006,1.06741,47950.2,,0.00872745,-0.00127747,,0.0282978,9.88997,fluid
439,4.75311,3.75009,,1005.38,1.4018,42875.5,,0.00953417,-0.00112553,,0.0220886,9.8847,fluid
440,4.75339,4.24983,,1004.76,1.57489,37859.5,,0.010593,0.000535927,,0.014273,9.92061,fluid
441,4.75367,4.75071,,1004.12,1.6191,32770.2,,0.0121632,-0.00227377,,0.00825533,9.93095,fluid
442,4.7538,5.25137,,1003.49,1.53253,27676.2,,0.0132922,0.00321528,,0.00618741,9.94524,fluid
443,4.75385,5.75018,,1002.87,1.4653,22714.3,,0.0137513,-0.000693452,,0.00434497,9.99045,fluid
444,4.75373,6.25695,,1002.24,1.06954,17683.9,,0.0138199,0.0114318,,0.00645781,9.9554,fluid
445,4.75344,6.74647,,1001.55,0.585794,12257.5,,0.0133894,-0.00325943,,0.00884734,9.99647,fluid
446,4.75308,7.25952,,1000.95,0.415881,7512.82,,0.0132954,0.0198039,,0.0190271,9.98105,fluid
447,4.75249,7.76284,,1000.66,0.175192,5196.39,,0.0121287,0.0324895,,0.0290669,10.0174,fluid
448,5.25191,0.249824,,1009.7,0.786996,78396.6,,0.00683747,-8.59827e-05,,0.00476546,9.841,fluid
449,5.25198,0.749771,,1009.09,0.626001,73306.6,,0.00693419,-0.000869329,,0.0159103,9.84538,fluid
450,5.25205,1.24974,,1008.47,0.4692,68189.7,,0.00698307,-0.000957121,,0.02413,9.84285,fluid
451,5.25215,1.74966,,1007.86,0.427727,63118.9,,0.00708433,-0.000280174,,0.0296717,9.84155,fluid
452,5.25228,2.24972,,1007.24,0.414652,58052.6,,0.00721204,-0.00135507,,0.0324242,9.83951,fluid
453,5.25244,2.74982,,1006.62,0.504492,52999.7,,0.0075522,0.000135068,,0.0333916,9.85923,fluid
454,5.25262,3.24972,,1006,0.865699,47932.1,,0.00811027,-0.000615882,,0.0329299,9.88815,fluid
455,5.25279,3.75031,,1005.37,1.20126,42851.7,,0.00881802,-0.000510093,,0.0312369,9.87892,fluid
456,5.25295,4.25008,,1004.75,1.39548,37841.7,,0.00930975,0.0015399,,0.0256608,9.91235,fluid
457,5.25313,4.75089,,1004.12,1.49312,32767.6,,0.0100622,-0.00103928,,0.0163423,9.92498,fluid
458,5.25323,5.25142,,1003.49,1.46688,27681.4,,0.0109194,0.00399458,,0.0098785,9.94237,fluid
459,5.25321,5.75013,,1002.87,1.43088,22714.5,,0.0114654,-0.000357332,,0.00675399,9.99041,fluid
460,5.25299,6.25665,,1002.24,1.03246,17672.4,,0.0113026,0.0108332,,0.00703613,9.9562,fluid
461,5.25268,6.74607,,1001.56,0.542911,12264.7,,0.0107016,-0.00409274,,0.00730326,9.99948,fluid
462,5.25228,7.25875,,1000.95,0.380923,7503.51,,0.0099787,0.0176036,,0.0121198,9.98774,fluid
463,5.25178,7.76154,,1000.66,0.166705,5206.36,,0.00876662,0.0282105,,0.0186449,10.0296,fluid
464,5.75185,0.249836,,1009.7,0.963276,78397.1,,0.0066652,-0.000247809,,0.00229607,9.85036,fluid
465,5.7519,0.749815,,1009.09,0.751345,73299.7,,0.00675742,-0.000948639,,0.0116085,9.8543,fluid
466,5.75196,1.24982,,1008.47,0.527151,68179.1,,0.00672436,-0.0009496,,0.0189938,9.84916,fluid
467,5.75204,1.74975,,1007.85,0.398946,63106.9,,0.00675892,-0.000197479,,0.0250376,9.84669,fluid
468,5.75214,2.24984,,1007.24,0.303295,58034.8,,0.00687304,-0.00123882,,0.0306815,9.84304,fluid
469,5.75225,2.74997,,1006.62,0.345297,52978.2,,0.00704708,0.000467033,,0.0347375,9.86025,fluid
470,5.75237,3.24987,,1006,0.698481,47913,,0.00735206,-5.65953e-06,,0.0349452,9.88753,fluid
471,5.75251,3.75044,,1005.37,1.05209,42832,,0.0079702,6.09332e-05,,0.0328626,9.87625,fluid
472,5.75259,4.2502,,1004.75,1.27731,37818.7,,0.00847474,0.00198328,,0.0291985,9.90555,fluid
473,5.75265,4.75098,,1004.12,1.41379,32748.6,,0.00882164,-0.000558013,,0.0222821,9.91626,fluid
474,5.75265,5.25143,,1003.49,1.4242,27675.2,,0.00902027,0.00441101,,0.0148754,9.93579,fluid
475,5.7526,5.75003,,1002.87,1.4047,22718.5,,0.00911518,-0.000160558,,0.00892403,9.98752,fluid
476,5.75238,6.25634,,1002.24,0.995889,17676,,0.00872701,0.0102491,,0.00590361,9.95511,fluid
477,5.7521,6.74567,,1001.56,0.49218,12279.6,,0.00825613,-0.00495797,,0.00486332,10.0009,fluid
478,5.75173,7.2581,,1000.95,0.330616,7500.69,,0.00747577,0.0158237,,0.00753659,9.99296,fluid
479,5.75131,7.76057,,1000.66,0.127712,5213.02,,0.00642428,0.0250238,,0.0125885,10.0389,fluid
480,6.25175,0.249847,,1009.7,1.14004,78397.2,,0.006335,-0.000402526,,0.00403222,9.85746,fluid
481,6.2518,0.749848,,1009.09,0.880724,73294.7,,0.00642977,-0.00105363,,0.0112522,9.86162,fluid
482,6.25184,1.24988,,1008.47,0.589568,68169.4,,0.00636554,-0.0010394,,0.017489,9.85499,fluid
483,6.2519,1.74983,,1007.85,0.379839,63095.3,,0.00630962,-0.000165425,,0.0228839,9.85231,fluid
484,6.25198,2.24992,,1007.23,0.219772,58019.2,,0.00638503,-0.00111453,,0.0283257,9.84867,fluid
485,6.25205,2.75006,,1006.62,0.232427,52956.6,,0.00654987,0.000630162,,0.0331689,9.86314,fluid
486,6.25213,3.24998,,1005.99,0.576981,47891.2,,0.00667359,0.000314823,,0.0343733,9.88623,fluid
487,6.25221,3.75053,,1005.37,0.935377,42816.5,,0.0069404,0.000531532,,0.0315943,9.8727,fluid
488,6.25227,4.25025,,1004.75,1.18328,37807.9,,0.00728785,0.00240661,,0.0269996,9.90042,fluid
489,6.25229,4.75098,,1004.12,1.35321,32738.1,,0.00762751,-0.000320624,,0.0213749,9.90998,fluid
490,6.25224,5.25137,,1003.49,1.38885,27665.3,,0.00775253,0.00439485,,0.0160214,9.92948,fluid
491,6.25213,5.7499,,1002.87,1.37305,22711.1,,0.0076565,-0.000341962,,0.0111458,9.98297,fluid
492,6.25189,6.25607,,1002.24,0.950039,17669.7,,0.00704945,0.00960823,,0.00710555,9.9521,fluid
493,6.25165,6.74532,,1001.56,0.438131,12284.3,,0.00655225,-0.00576718,,0.00466645,10.0003,fluid
494,6.25132,7.25758,,1000.95,0.28882,7496.64,,0.00573937,0.0143254,,0.00510714,9.99579,fluid
495,6.25098,7.75983,,1000.66,0.117,5215.68,,0.004828,0.0225653,,0.00856212,10.0446,fluid
496,6.75164,0.249856,,1009.7,1.31043,78393.1,,0.00596591,-0.000544714,,0.00817807,9.86256,fluid
497,6.75168,0.749873,,1009.09,1.01041,73287.8,,0.00606459,-0.00113888,,0.0130842,9.86688,fluid
498,6.75172,1.24992,,1008.47,0.658574,68159.2,,0.00602293,-0.00115377,,0.0173079,9.85977,fluid
499,6.75175,1.74988,,1007.85,0.373697,63082.3,,0.00592726,-0.000232072,,0.0214543,9.85692,fluid
500,6.75181,2.24999,,1007.23,0.156942,58004.2,,0.00588028,-0.00104206,,0.0256214,9.85341,fluid
501,6.75186,2.75012,,1006.61,0.149545,52939.5,,0.00596633,0.000760629,,0.0292565,9.86644,fluid
502,6.7519,3.25004,,1005.99,0.486263,47871.7,,0.00606417,0.000433004,,0.030941,9.88597,fluid
503,6.75194,3.75058,,1005.37,0.834781,42797.3,,0.00615691,0.000686056,,0.029859,9.86923,fluid
504,6.75196,4.25028,,1004.75,1.08699,37793.5,,0.00623236,0.002639,,0.026206,9.89518,fluid
505,6.75194,4.75096,,1004.12,1.28314,32730.1,,0.00632726,-0.000118518,,0.0206594,9.90433,fluid
506,6.75188,5.25128,,1003.49,1.34868,27661.9,,0.00635728,0.00436739,,0.0148987,9.92422,fluid
507,6.75178,5.74974,,1002.87,1.34584,22709.2,,0.00628628,-0.000592046,,0.00982382,9.97857,fluid
508,6.75155,6.25581,,1002.24,0.918919,17667,,0.00571409,0.00895733,,0.00510628,9.9482,fluid
509,6.75133,6.74502,,1001.56,0.407133,12289,,0.00527488,-0.00657938,,0.00201827,9.99835,fluid
510,6.75104,7.25715,,1000.95,0.274078,7496.68,,0.00449545,0.0130494,,0.00131323,9.99792,fluid
511,6.75075,7.75926,,1000.66,0.139996,5220.42,,0.00370171,0.0206286,,0.0040949,10.0513,fluid
512,7.25151,0.249863,,1009.7,1.47341,78386.5,,0.00551604,-0.000684328,,0.0114232,9.86599,fluid
513,7.25155,0.749892,,1009.09,1.14284,73280.1,,0.00558436,-0.00122404,,0.0146841,9.86982,fluid
514,7.25158,1.24994,,1008.47,0.735376,68151.6,,0.00553168,-0.00125267,,0.0167952,9.86272,fluid
515,7.2516,1.74992,,1007.85,0.377766,63073,,0.0054423,-0.000351715,,0.0194361,9.86049,fluid
516,7.25163,2.25003,,1007.23,0.103546,57991.6,,0.00533945,-0.00108922,,0.022963,9.85701,fluid
517,7.25166,2.75016,,1006.61,0.073991,52925.7,,0.00530894,0.000820659,,0.0256786,9.86879,fluid
518,7.25169,3.25007,,1005.99,0.4041,47858,,0.00534317,0.000528433,,0.026435,9.88623,fluid
519,7.2517,3.75059,,1005.36,0.745961,42782.3,,0.00541675,0.000734284,,0.0254605,9.86737,fluid
520,7.25169,4.25027,,1004.75,1.0029,37777.4,,0.0054593,0.00265748,,0.0228718,9.89105,fluid
521,7.25165,4.75092,,1004.12,1.22351,32716.2,,0.00541934,-0.000120827,,0.0184135,9.89872,fluid
522,7.25157,5.25119,,1003.49,1.31887,27653.4,,0.00528491,0.00424996,,0.0126699,9.91837,fluid
523,7.25146,5.7496,,1002.87,1.33156,22705.8,,0.00512217,-0.000855506,,0.00696774,9.9733,fluid
524,7.25126,6.25558,,1002.24,0.903231,17666.7,,0.00455735,0.00839124,,0.00146919,9.94364,fluid
525,7.25107,6.74475,,1001.56,0.390625,12295.6,,0.00419409,-0.00727069,,-0.00189416,9.99599,fluid
526,7.25082,7.2568,,1000.95,0.271808,7499.47,,0.00351316,0.0120284,,-0.00273785,10.0002,fluid
527,7.25059,7.75881,,1000.66,0.158595,5227.96,,0.00285266,0.019123,,0.000301493,10.0603,fluid
528,7.75137,0.249867,,1009.7,1.6227,78378.5,,0.00500077,-0.000817123,,0.0119767,9.86866,fluid
529,7.75141,0.749905,,1009.08,1.27697,73269.8,,0.00506823,-0.00133028,,0.0148493,9.8715,fluid
530,7.75142,1.24996,,1008.46,0.821261,68142.4,,0.00499472,-0.00136358,,0.0160946,9.86401,fluid
531,7.75144,1.74994,,1007.85,0.392167,63064.3,,0.00489229,-0.000469968,,0.0175476,9.86309,fluid
532,7.75146,2.25005,,1007.23,0.0602904,57979.8,,0.00478743,-0.00118442,,0.0204361,9.86024,fluid
533,7.75147,2.75019,,1006.61,0.00578811,52911.3,,0.00471312,0.000778071,,0.0228361,9.87035,fluid
534,7.75148,3.25008,,1005.99,0.325019,47844.9,,0.00465052,0.000545422,,0.0228704,9.88537,fluid
535,7.75148,3.75059,,1005.36,0.659226,42771.8,,0.00461651,0.00076394,,0.0205803,9.86502,fluid
536,7.75146,4.25024,,1004.74,0.924276,37768.4,,0.00462352,0.00265499,,0.0167891,9.88725,fluid
537,7.75141,4.75085,,1004.12,1.17365,32708.6,,0.00458425,-0.0001891,,0.011941,9.89357,fluid
538,7.75133,5.25109,,1003.49,1.30077,27648.1,,0.00444191,0.00405226,,0.00629264,9.91259,fluid
539,7.75122,5.74946,,1002.87,1.32759,22703.6,,0.00426437,-0.00116897,,0.00107568,9.96791,fluid
540,7.75103,6.25538,,1002.24,0.893468,17667.3,,0.0037184,0.00787164,,-0.0036711,9.93925,fluid
541,7.75087,6.74452,,1001.56,0.374142,12302.1,,0.00338583,-0.0078814,,-0.00600058,9.99411,fluid
542,7.75066,7.25651,,1000.95,0.264731,7504.36,,0.00277632,0.0111679,,-0.00579578,10.0035,fluid
543,7.75046,7.75845,,1000.67,0.161822,5235,,0.00222282,0.0179581,,-0.00199764,10.0696,fluid
544,8.25123,0.249869,,1009.7,1.74524,78371.7,,0.00443111,-0.000910171,,0.00915231,9.87114,fluid
545,8.25126,0.749911,,1009.08,1.40067,73260.5,,0.00452833,-0.00141713,,0.0119834,9.8731,fluid
546,8.25127,1.24997,,1008.46,0.91136,68133.4,,0.00446959,-0.00149117,,0.0133561,9.86478,fluid
547,8.25128,1.74995,,1007.85,0.417397,63056.1,,0.00434743,-0.000604473,,0.0145925,9.86491,fluid
548,8.25129,2.25006,,1007.23,0.0303447,57969.7,,0.00421796,-0.00128194,,0.0169337,9.86303,fluid
549,8.2513,2.75019,,1006.61,-0.048335,52899,,0.00413547,0.000697882,,0.0188676,9.87167,fluid
550,8.25129,3.25008,,1005.99,0.257204,47832.6,,0.0040524,0.000469714,,0.0186901,9.88386,fluid
551,8.25127,3.75057,,1005.36,0.576249,42761.5,,0.00394324,0.000697021,,0.0159471,9.86144,fluid
552,8.25125,4.2502,,1004.74,0.839895,37761.4,,0.00386173,0.00260139,,0.0111418,9.88223,fluid
553,8.25119,4.75079,,1004.12,1.11075,32705.9,,0.00375887,-0.000265578,,0.00523747,9.88774,fluid
554,8.25111,5.25099,,1003.49,1.26693,27649.6,,0.00360155,0.00387239,,-0.000976606,9.90693,fluid
555,8.25102,5.74933,,1002.87,1.30904,22708.1,,0.00345064,-0.00145696,,-0.00580456,9.96333,fluid
556,8.25085,6.25521,,1002.24,0.872165,17673.2,,0.00297837,0.00741124,,-0.00927975,9.93623,fluid
557,8.25071,6.74432,,1001.56,0.34931,12310.8,,0.00270726,-0.00841455,,-0.00996104,9.9939,fluid
558,8.25053,7.25626,,1000.95,0.251239,7510.41,,0.0021927,0.0104754,,-0.00827271,10.0081,fluid
559,8.25037,7.75816,,1000.67,0.167268,5240.45,,0.00174428,0.0170484,,-0.00366947,10.0784,fluid
560,8.75109,0.24987,,1009.7,1.82611,78367.7,,0.00382316,-0.000973878,,0.00426471,9.87363,fluid
561,8.75111,0.749914,,1009.08,1.48847,73255,,0.00392047,-0.00147147,,0.00742119,9.87498,fluid
562,8.75112,1.24998,,1008.46,0.980748,68128.4,,0.00388247,-0.00160544,,0.00935052,9.86593,fluid
563,8.75112,1.74996,,1007.85,0.43602,63050.7,,0.0037749,-0.000756256,,0.0110346,9.86666,fluid
564,8.75112,2.25006,,1007.23,0.00137158,57962.3,,0.0036291,-0.00140017,,0.0132912,9.86531,fluid
565,8.75112,2.75019,,1006.61,-0.0983406,52890.4,,0.00352207,0.000612065,,0.0146404,9.87249,fluid
566,8.75111,3.25007,,1005.99,0.195206,47824.4,,0.00343682,0.000381614,,0.0138591,9.88205,fluid
567,8.75109,3.75054,,1005.36,0.497052,42754.5,,0.00332879,0.000587231,,0.010684,9.85742,fluid
568,8.75106,4.25016,,1004.74,0.750674,37756.5,,0.00323354,0.00248533,,0.00554,9.87653,fluid
569,8.751,4.75073,,1004.12,1.03119,32704.7,,0.00309798,-0.000389756,,-0.000581157,9.88134,fluid
570,8.75092,5.2509,,1003.49,1.20868,27652.9,,0.00291439,0.00368864,,-0.00679129,9.90126,fluid
571,8.75084,5.74921,,1002.87,1.26638,22714.8,,0.00276253,-0.00171347,,-0.0111455,9.95952,fluid
572,8.75069,6.25506,,1002.24,0.833531,17681.1,,0.00235212,0.00702912,,-0.0136,9.93463,fluid
573,8.75058,6.74415,,1001.56,0.315492,12320.1,,0.00214083,-0.00884359,,-0.0131766,9.99515,fluid
574,8.75043,7.25607,,1000.96,0.236379,7516.59,,0.00172398,0.00993334,,-0.0105831,10.0137,fluid
575,8.75029,7.75793,,1000.67,0.179373,5246.22,,0.00137059,0.0163282,,-0.00546618,10.0879,fluid
576,9.25094,0.24987,,1009.7,1.86541,78366.3,,0.0032323,-0.00103493,,-0.00144706,9.87691,fluid
577,9.25096,0.749916,,1009.08,1.53196,73251.5,,0.00330863,-0.001521,,0.00296693,9.87774,fluid
578,9.25097,1.24998,,1008.46,1.01596,68124.9,,0.00327324,-0.0016953,,0.0060154,9.86782,fluid
579,9.25097,1.74996,,1007.85,0.435723,63046.8,,0.00319216,-0.000889598,,0.00824823,9.86869,fluid
580,9.25096,2.25006,,1007.23,-0.0361199,57956.2,,0.00306339,-0.00152991,,0.0104896,9.86729,fluid
581,9.25096,2.75018,,1006.61,-0.153577,52883,,0.00294581,0.000505423,,0.0114754,9.8727,fluid
582,9.25094,3.25005,,1005.98,0.128718,47818.4,,0.00283922,0.000285631,,0.0101338,9.87958,fluid
583,9.25092,3.75051,,1005.36,0.413045,42751.2,,0.00271664,0.000480866,,0.00628474,9.85287,fluid
584,9.25089,4.25012,,1004.74,0.653119,37756.1,,0.00262208,0.00236851,,0.000587919,9.87056,fluid
585,9.25083,4.75067,,1004.12,0.937397,32707.7,,0.00249891,-0.000520026,,-0.00570894,9.87496,fluid
586,9.25077,5.25082,,1003.49,1.13258,27659.4,,0.00233554,0.00350998,,-0.0116756,9.89599,fluid
587,9.25069,5.74911,,1002.87,1.20741,22723.5,,0.00220619,-0.00194357,,-0.015423,9.95648,fluid
588,9.25057,6.25494,,1002.24,0.783131,17690.2,,0.00185893,0.00671122,,-0.016978,9.93405,fluid
589,9.25047,6.74401,,1001.56,0.273319,12329.9,,0.00168895,-0.00919383,,-0.015782,9.99729,fluid
590,9.25034,7.2559,,1000.96,0.215402,7524.23,,0.00134712,0.00949798,,-0.0125824,10.0201,fluid
591,9.25024,7.75774,,1000.67,0.183464,5253.46,,0.00106836,0.0157712,,-0.00708025,10.0988,fluid
592,9.7508,0.249869,,1009.7,1.87596,78368.6,,0.00266903,-0.00109076,,-0.00763237,9.8816,fluid
593,9.75081,0.749915,,1009.08,1.54493,73249.7,,0.0027358,-0.00157237,,-0.00166661,9.88211,fluid
594,9.75081,1.24998,,1008.46,1.02802,68121.6,,0.00270175,-0.00177229,,0.00290601,9.87077,fluid
595,9.75081,1.74996,,1007.85,0.4228,63043.4,,0.00263116,-0.000998595,,0.00588321,9.87097,fluid
596,9.75081,2.25005,,1007.23,-0.0796838,57951.4,,0.00251774,-0.00164613,,0.00810853,9.86908,fluid
597,9.7508,2.75017,,1006.61,-0.213736,52877,,0.00241169,0.000393122,,0.00888818,9.8726,fluid
598,9.75078,3.25003,,1005.98,0.0567887,47813.3,,0.00230715,0.000172428,,0.00742838,9.87672,fluid
599,9.75076,3.75049,,1005.36,0.322891,42748.8,,0.00217668,0.000361734,,0.00343141,9.84783,fluid
600,9.75073,4.25008,,1004.74,0.547239,37757.2,,0.00207107,0.00225181,,-0.00250309,9.86421,fluid
601,9.75068,4.75061,,1004.12,0.83212,32713.1,,0.00194931,-0.00063614,,-0.00898096,9.86852,fluid
602,9.75062,5.25075,,1003.49,1.04362,27668.6,,0.00180688,0.00336198,,-0.0148787,9.89105,fluid
603,9.75056,5.74903,,1002.87,1.13704,22734.7,,0.00170672,-0.00213113,,-0.0182627,9.9541,fluid
604,9.75046,6.25483,,1002.24,0.722833,17701.5,,0.00142693,0.00645322,,-0.0191209,9.93428,fluid
605,9.75038,6.7439,,1001.57,0.220033,12341.1,,0.00129702,-0.00947543,,-0.017251,10.0002,fluid
606,9.75027,7.25577,,1000.96,0.181271,7532.87,,0.00102614,0.00916694,,-0.0135018,10.0272,fluid
607,9.75019,7.75759,,1000.67,0.170852,5261.04,,0.000814703,0.0153612,,-0.00779547,10.1102,fluid
608,10.2507,0.249868,,1009.7,1.86775,78375,,0.00212165,-0.00113429,,-0.012991,9.88736,fluid
609,10.2507,0.749912,,1009.08,1.53822,73251.2,,0.00218293,-0.00161352,,-0.00617634,9.88798,fluid
610,10.2507,1.24997,,1008.46,1.02642,68120.1,,0.00215794,-0.00183926,,-0.000433351,9.87497,fluid
611,10.2507,1.74995,,1007.85,0.40374,63040.9,,0.00209592,-0.00109804,,0.00345181,9.8737,fluid
612,10.2507,2.25005,,1007.23,-0.126145,57947.8,,0.00198915,-0.00175148,,0.00597072,9.87078,fluid
613,10.2506,2.75015,,1006.6,-0.277529,52872.7,,0.00189188,0.000294026,,0.00672621,9.8724,fluid
614,10.2506,3.25001,,1005.98,-0.0187601,47809.9,,0.00180359,6.91741e-05,,0.00530066,9.87391,fluid
615,10.2506,3.75046,,1005.36,0.231069,42747.6,,0.00169398,0.000246816,,0.00148064,9.84283,fluid
616,10.2506,4.25004,,1004.74,0.440652,37759.1,,0.00160233,0.00213726,,-0.00421943,9.85788,fluid
617,10.2505,4.75057,,1004.12,0.724547,32718.9,,0.00149382,-0.000744099,,-0.0104561,9.86214,fluid
618,10.2505,5.2507,,1003.49,0.949997,27678.1,,0.00137045,0.00323807,,-0.016043,9.88636,fluid
619,10.2504,5.74896,,1002.87,1.0608,22746.5,,0.00128834,-0.00228148,,-0.0190578,9.95219,fluid
620,10.2504,6.25475,,1002.24,0.655992,17713.2,,0.00106524,0.00625041,,-0.0193743,9.93516,fluid
621,10.2503,6.74381,,1001.57,0.158621,12351.9,,0.000968422,-0.00969218,,-0.0170584,10.0037,fluid
622,10.2502,7.25566,,1000.96,0.137576,7540.97,,0.00076175,0.00892305,,-0.0130466,10.0343,fluid
623,10.2501,7.75747,,1000.67,0.147934,5267.78,,0.000607604,0.0150663,,-0.00752946,10.121,fluid
624,10.7505,0.249866,,1009.7,1.84663,78384,,0.00160403,-0.00117039,,-0.0156423,9.89342,fluid
625,10.7505,0.749909,,1009.08,1.51481,73255.6,,0.0016506,-0.00164484,,-0.00893124,9.89444,fluid
626,10.7505,1.24997,,1008.46,1.01078,68120.9,,0.00163162,-0.00189073,,-0.00293307,9.88,fluid
627,10.7505,1.74995,,1007.85,0.378213,63039.8,,0.00158703,-0.00118284,,0.00139296,9.87701,fluid
628,10.7505,2.25004,,1007.22,-0.173273,57944.9,,0.00150047,-0.00184716,,0.00418799,9.87264,fluid
629,10.7505,2.75014,,1006.6,-0.340679,52868.9,,0.00141593,0.000206078,,0.00509555,9.87226,fluid
630,10.7505,3.25,,1005.98,-0.0929351,47807.2,,0.00133844,-1.69785e-05,,0.00387991,9.87129,fluid
631,10.7505,3.75044,,1005.36,0.143333,42747.4,,0.00124773,0.000154069,,0.000432198,9.83815,fluid
632,10.7504,4.25001,,1004.74,0.340539,37762,,0.0011759,0.00204427,,-0.00472611,9.85196,fluid
633,10.7504,4.75053,,1004.12,0.622872,32725.5,,0.00109222,-0.000832477,,-0.0103361,9.85623,fluid
634,10.7504,5.25065,,1003.49,0.85947,27688.1,,0.000997734,0.00313822,,-0.0152611,9.88214,fluid
635,10.7503,5.7489,,1002.87,0.985267,22758.2,,0.000936819,-0.00239968,,-0.0177739,9.95073,fluid
636,10.7503,6.25468,,1002.24,0.589155,17724.3,,0.000768351,0.00609496,,-0.0177253,9.93644,fluid
637,10.7502,6.74373,,1001.57,0.0971793,12361.7,,0.000699006,-0.00985562,,-0.0153537,10.0073,fluid
638,10.7502,7.25558,,1000.96,0.0929139,7548.24,,0.000547528,0.00874493,,-0.0115578,10.041,fluid
639,10.7501,7.75738,,1000.67,0.124233,5273.45,,0.000439011,0.0148579,,-0.00666799,10.1304,fluid
640,11.2504,0.249864,,1009.7,1.8198,78393.4,,0.00112084,-0.00120178,,-0.0146968,9.89901,fluid
641,11.2504,0.749907,,1009.08,1.48127,73260.9,,0.00114954,-0.0016731,,-0.00890203,9.90055,fluid
642,11.2504,1.24997,,1008.46,0.984298,68122.6,,0.00113264,-0.00192776,,-0.00360716,9.88497,fluid
643,11.2504,1.74994,,1007.85,0.348414,63039.5,,0.00110438,-0.0012425,,0.00027923,9.88037,fluid
644,11.2504,2.25003,,1007.22,-0.216332,57943,,0.00104642,-0.00191972,,0.00276358,9.87452,fluid
645,11.2504,2.75013,,1006.6,-0.395077,52866,,0.000986409,0.000134076,,0.00363986,9.87228,fluid
646,11.2503,3.24999,,1005.98,-0.156125,47804.9,,0.000926763,-8.96358e-05,,0.0027924,9.86913,fluid
647,11.2503,3.75042,,1005.36,0.0688626,42747,,0.000854864,7.84836e-05,,0.000122695,9.83416,fluid
648,11.2503,4.24999,,1004.74,0.255094,37764.5,,0.000797215,0.00197169,,-0.00396256,9.8469,fluid
649,11.2503,4.7505,,1004.12,0.534501,32731.4,,0.00073302,-0.000898813,,-0.00842563,9.8512,fluid
650,11.2503,5.25061,,1003.49,0.778758,27697.1,,0.000664988,0.00306588,,-0.012317,9.87863,fluid
651,11.2502,5.74886,,1002.88,0.916599,22768.5,,0.000624763,-0.00248381,,-0.0142644,9.94965,fluid
652,11.2502,6.25463,,1002.24,0.5286,17734.1,,0.000509991,0.00598453,,-0.0141415,9.93773,fluid
653,11.2502,6.74368,,1001.57,0.0425186,12370.1,,0.000466455,-0.00997005,,-0.0122096,10.0105,fluid
654,11.2501,7.25552,,1000.96,0.0534432,7554.39,,0.000365678,0.00862546,,-0.0091845,10.0466,fluid
655,11.2501,7.75732,,1000.67,0.103809,5278.18,,0.000295673,0.0147179,,-0.00536102,10.1382,fluid
656,11.7502,0.249863,,1009.7,1.7956,78401.2,,0.000660243,-0.00122582,,-0.0103866,9.90343,fluid
657,11.7502,0.749905,,1009.08,1.44958,73265.3,,0.000676007,-0.00169578,,-0.00636132,9.90541,fluid
658,11.7502,1.24996,,1008.46,0.958069,68124,,0.000664985,-0.00195293,,-0.00263935,9.88897,fluid
659,11.7502,1.74994,,1007.85,0.322504,63039.3,,0.000648255,-0.00128006,,4.84215e-05,9.88303,fluid
660,11.7502,2.25003,,1007.22,-0.249058,57941.7,,0.00061307,-0.00196622,,0.00166843,9.87596,fluid
661,11.7502,2.75013,,1006.6,-0.434509,52864.2,,0.000577274,8.62287e-05,,0.00220053,9.87236,fluid
662,11.7502,3.24998,,1005.98,-0.201329,47803.4,,0.000542503,-0.000140142,,0.00166545,9.86763,fluid
663,11.7502,3.75041,,1005.36,0.0155472,42746.8,,0.000499629,2.42716e-05,,8.08537e-06,9.83133,fluid
664,11.7502,4.24998,,1004.74,0.193134,37766.2,,0.000463912,0.00191903,,-0.00253887,9.84326,fluid
665,11.7502,4.75048,,1004.12,0.469069,32735.3,,0.000423044,-0.000945939,,-0.00533483,9.84758,fluid
666,11.7502,5.25059,,1003.49,0.717643,27703.1,,0.000380569,0.00301771,,-0.00778494,9.87611,fluid
667,11.7501,5.74883,,1002.88,0.863811,22775.7,,0.000356581,-0.00253743,,-0.00903071,9.94888,fluid
668,11.7501,6.2546,,1002.25,0.482113,17741,,0.000289537,0.00591516,,-0.00898242,9.93866,fluid
669,11.7501,6.74365,,1001.57,0.00100026,12376.1,,0.00026602,-0.0100406,,-0.00781009,10.0128,fluid
670,11.7501,7.25548,,1000.96,0.0236146,7558.86,,0.000208964,0.00855347,,-0.00594294,10.0507,fluid
671,11.75,7.75727,,1000.67,0.0877806,5281.82,,0.000170221,0.0146326,,-0.0035383,10.144,fluid
672,12.2501,0.249862,,1009.7,1.78127,78405.6,,0.000217145,-0.00123859,,-0.00373961,9.9059,fluid
673,12.2501,0.749904,,1009.08,1.43083,73267.8,,0.000222533,-0.00170708,,-0.00228188,9.90816,fluid
674,12.2501,1.24996,,1008.46,0.942679,68124.5,,0.000219261,-0.0019655,,-0.000922994,9.89124,fluid
675,12.2501,1.74994,,1007.85,0.308174,63038.9,,0.00021348,-0.00129979,,4.37348e-05,9.88447,fluid
676,12.2501,2.25002,,1007.22,-0.266458,57940.8,,0.000200686,-0.00199077,,0.000593474,9.87667,fluid
677,12.2501,2.75012,,1006.6,-0.455374,52863.2,,0.000188001,6.24067e-05,,0.000747896,9.87236,fluid
678,12.2501,3.24997,,1005.98,-0.225209,47802.7,,0.000176759,-0.000164032,,0.000544028,9.86685,fluid
679,12.2501,3.7504,,1005.36,-0.0124888,42746.8,,0.000163472,-1.66695e-06,,-2.47935e-05,9.82988,fluid
680,12.2501,4.24997,,1004.74,0.160542,37767.1,,0.000152503,0.00189275,,-0.000880767,9.84141,fluid
681,12.2501,4.75047,,1004.12,0.434431,32737.4,,0.000139257,-0.000970129,,-0.00181502,9.84573,fluid
682,12.2501,5.25058,,1003.49,0.685024,27706.2,,0.000125042,0.00299314,,-0.00263591,9.87481,fluid
683,12.25,5.74882,,1002.88,0.835469,22779.2,,0.000116898,-0.00256407,,-0.00305961,9.94847,fluid
684,12.25,6.25458,,1002.25,0.457106,17744.4,,9.45731e-05,0.00588147,,-0.0030547,9.93911,fluid
685,12.25,6.74363,,1001.57,-0.0213821,12379.1,,8.68926e-05,-0.0100747,,-0.00267601,10.014,fluid
686,12.25,7.25546,,1000.96,0.00740157,7561.26,,6.82031e-05,0.00851871,,-0.00205912,10.0528,fluid
687,12.25,7.75725,,1000.67,0.078435,5283.88,,5.56551e-05,0.0145926,,-0.00124442,10.1471,fluid
688,12.7499,0.249862,,1009.7,1.78127,78405.6,,-0.000217145,-0.00123859,,0.00373961,9.9059,fluid
689,12.7499,0.749904,,1009.08,1.43083,73267.8,,-0.000222533,-0.00170708,,0.00228188,9.90816,fluid
690,12.7499,1.24996,,1008.46,0.942679,68124.5,,-0.000219261,-0.0019655,,0.000922994,9.89124,fluid
691,12.7499,1.74994,,1007.85,0.308174,63038.9,,-0.00021348,-0.00129979,,-4.37348e-05,9.88447,fluid
692,12.7499,2.25002,,1007.22,-0.266458,57940.8,,-0.000200686,-0.00199077,,-0.000593474,9.87667,fluid
693,12.7499,2.75012,,1006.6,-0.455374,52863.2,,-0.000188001,6.24067e-05,,-0.000747896,9.87236,fluid
694,12.7499,3.24997,,1005.98,-0.225209,47802.7,,-0.000176759,-0.000164032,,-0.000544028,9.86685,fluid
695,12.7499,3.7504,,1005.36,-0.0124888,42746.8,,-0.000163472,-1.66695e-06,,2.47935e-05,9.82988,fluid
696,12.7499,4.24997,,1004.74,0.160542,37767.1,,-0.000152503,0.00189275,,0.000880767,9.84141,fluid
697,12.7499,4.75047,,1004.12,0.434431,32737.4,,-0.000139257,-0.000970129,,0.00181502,9.84573,fluid
698,12.7499,5.25058,,1003.49,0.685024,27706.2,,-0.000125042,0.00299314,,0.00263591,9.87481,fluid
699,12.75,5.74882,,1002.88,0.835469,22779.2,,-0.000116898,-0.00256407,,0.00305961,9.94847,fluid
700,12.75,6.25458,,1002.25,0.457106,17744.4,,-9.45731e-05,0.00588147,,0.0030547,9.93911,fluid
701,12.75,6.74363,,1001.57,-0.0213821,12379.1,,-8.68926e-05,-0.0100747,,0.00267601,10.014,fluid
702,12.75,7.25546,,1000.96,0.00740157,7561.26,,-6.82031e-05,0.00851871,,0.00205912,10.0528,fluid
703,12.75,7.75725,,1000.67,0.078435,5283.88,,-5.56551e-05,0.0145926,,0.00124442,10.1471,fluid
704,13.2498,0.249863,,1009.7,1.7956,78401.2,,-0.000660243,-0.00122582,,0.0103866,9.90343,fluid
705,13.2498,0.749905,,1009.08,1.44958,73265.3,,-0.000676007,-0.00169578,,0.00636132,9.90541,fluid
706,13.2498,1.24996,,1008.46,0.958069,68124,,-0.000664985,-0.00195293,,0.00263935,9.88897,fluid
707,13.2498,1.74994,,1007.85,0.322504,63039.3,,-0.000648255,-0.00128006,,-4.84215e-05,9.88303,fluid
708,13.2498,2.25003,,1007.22,-0.249058,57941.7,,-0.00061307,-0.00196622,,-0.00166843,9.87596,fluid
709,13.2498,2.75013,,1006.6,-0.434509,52864.2,,-0.000577274,8.62287e-05,,-0.00220053,9.87236,fluid
710,13.2498,3.24998,,1005.98,-0.201329,47803.4,,-0.000542503,-0.000140142,,-0.00166545,9.86763,fluid
711,13.2498,3.75041,,1005.36,0.0155472,42746.8,,-0.000499629,2.42716e-05,,-8.08537e-06,9.83133,fluid
712,13.2498,4.24998,,1004.74,0.193134,37766.2,,-0.000463912,0.00191903,,0.00253887,9.84326,fluid
713,13.2498,4.75048,,1004.12,0.469069,32735.3,,-0.000423044,-0.000945939,,0.00533483,9.84758,fluid
714,13.2498,5.25059,,1003.49,0.717643,27703.1,,-0.000380569,0.00301771,,0.00778494,9.87611,fluid
715,13.2499,5.74883,,1002.88,0.863811,22775.7,,-0.000356581,-0.00253743,,0.00903071,9.94888,fluid
716,13.2499,6.2546,,1002.25,0.482113,17741,,-0.000289537,0.00591516,,0.00898242,9.93866,fluid
717,13.2499,6.74365,,1001.57,0.00100026,12376.1,,-0.00026602,-0.0100406,,0.00781009,10.0128,fluid
718,13.2499,7.25548,,1000.96,0.0236146,7558.86,,-0.000208964,0.00855347,,0.00594294,10.0507,fluid
719,13.25,7.75727,,1000.67,0.0877806,5281.82,,-0.000170221,0.0146326,,0.0035383,10.144,fluid
720,13.7496,0.249864,,1009.7,1.8198,78393.4,,-0.00112084,-0.00120178,,0.0146968,9.89901,fluid
721,13.7496,0.749907,,1009.08,1.48127,73260.9,,-0.00114954,-0.0016731,,0.00890203,9.90055,fluid
722,13.7496,1.24997,,1008.46,0.984298,68122.6,,-0.00113264,-0.00192776,,0.00360716,9.88497,fluid
723,13.7496,1.74994,,1007.85,0.348414,63039.5,,-0.00110438,-0.0012425,,-0.00027923,9.88037,fluid
724,13.7496,2.25003,,1007.22,-0.216332,57943,,-0.00104642,-0.00191972,,-0.00276358,9.87452,fluid
725,13.7496,2.75013,,1006.6,-0.395077,52866,,-0.000986409,0.000134076,,-0.00363986,9.87228,fluid
726,13.7497,3.24999,,1005.98,-0.156125,47804.9,,-0.000926763,-8.96358e-05,,-0.0027924,9.86913,fluid
727,13.7497,3.75042,,1005.36,0.0688626,42747,,-0.000854864,7.84836e-05,,-0.000122695,9.83416,fluid
728,13.7497,4.24999,,1004.74,0.255094,37764.5,,-0.000797215,0.00197169,,0.00396256,9.8469,fluid
729,13.7497,4.7505,,1004.12,0.534501,32731.4,,-0.00073302,-0.000898813,,0.00842563,9.8512,fluid
730,13.7497,5.25061,,1003.49,0.778758,27697.1,,-0.000664988,0.00306588,,0.012317,9.87863,fluid
731,13.7498,5.74886,,1002.88,0.916599,22768.5,,-0.000624763,-0.00248381,,0.0142644,9.94965,fluid
732,13.7498,6.25463,,1002.24,0.5286,17734.1,,-0.000509991,0.00598453,,0.0141415,9.93773,fluid
733,13.7498,6.74368,,1001.57,0.0425186,12370.1,,-0.000466455,-0.00997005,,0.0122096,10.0105,fluid
734,13.7499,7.25552,,1000.96,0.0534432,7554.39,,-0.000365678,0.00862546,,0.0091845,10.0466,fluid
735,13.7499,7.75732,,1000.67,0.103809,5278.18,,-0.000295673,0.0147179,,0.00536102,10.1382,fluid
736,14.2495,0.249866,,1009.7,1.84663,78384,,-0.00160403,-0.00117039,,0.0156423,9.89342,fluid
737,14.2495,0.749909,,1009.08,1.51481,73255.6,,-0.0016506,-0.00164484,,0.00893124,9.89444,fluid
738,14.2495,1.24997,,1008.46,1.01078,68120.9,,-0.00163162,-0.00189073,,0.00293307,9.88,fluid
739,14.2495,1.74995,,1007.85,0.378213,63039.8,,-0.00158703,-0.00118284,,-0.00139296,9.87701,fluid
740,14.2495,2.25004,,1007.22,-0.173273,57944.9,,-0.00150047,-0.00184716,,-0.00418799,9.87264,fluid
741,14.2495,2.75014,,1006.6,-0.340679,52868.9,,-0.00141593,0.000206078,,-0.00509555,9.87226,fluid
742,14.2495,3.25,,1005.98,-0.0929351,47807.2,,-0.00133844,-1.69785e-05,,-0.00387991,9.87129,fluid
743,14.2495,3.75044,,1005.36,0.143333,42747.4,,-0.00124773,0.000154069,,-0.000432198,9.83815,fluid
744,14.2496,4.25001,,1004.74,0.340539,37762,,-0.0011759,0.00204427,,0.00472611,9.85196,fluid
745,14.2496,4.75053,,1004.12,0.622872,32725.5,,-0.00109222,-0.000832477,,0.0103361,9.85623,fluid
746,14.2496,5.25065,,1003.49,0.85947,27688.1,,-0.000997734,0.00313822,,0.0152611,9.88214,fluid
747,14.2497,5.7489,,1002.87,0.985267,22758.2,,-0.000936819,-0.00239968,,0.0177739,9.95073,fluid
748,14.2497,6.25468,,1002.24,0.589155,17724.3,,-0.000768351,0.00609496,,0.0177253,9.93644,fluid
749,14.2498,6.74373,,1001.57,0.0971793,12361.7,,-0.000699006,-0.00985562,,0.0153537,10.0073,fluid
750,14.2498,7.25558,,1000.96,0.0929139,7548.24,,-0.000547528,0.00874493,,0.0115578,10.041,fluid
751,14.2499,7.75738,,1000.67,0.124233,5273.45,,-0.000439011,0.0148579,,0.00666799,10.1304,fluid
752,14.7493,0.249868,,1009.7,1.86775,78375,,-0.00212165,-0.00113429,,0.012991,9.88736,fluid
753,14.7493,0.749912,,1009.08,1.53822,73251.2,,-0.00218293,-0.00161352,,0.00617634,9.88798,fluid
754,14.7493,1.24997,,1008.46,1.02642,68120.1,,-0.00215794,-0.00183926,,0.000433351,9.87497,fluid
755,14.7493,1.74995,,1007.85,0.40374,63040.9,,-0.00209592,-0.00109804,,-0.00345181,9.8737,fluid
756,14.7493,2.25005,,1007.23,-0.126145,57947.8,,-0.00198915,-0.00175148,,-0.00597072,9.87078,fluid
757,14.7494,2.75015,,1006.6,-0.277529,52872.7,,-0.00189188,0.000294026,,-0.00672621,9.8724,fluid
758,14.7494,3.25001,,1005.98,-0.0187601,47809.9,,-0.00180359,6.91741e-05,,-0.00530066,9.87391,fluid
759,14.7494,3.75046,,1005.36,0.231069,42747.6,,-0.00169398,0.000246816,,-0.00148064,9.84283,fluid
760,14.7494,4.25004,,1004.74,0.440652,37759.1,,-0.00160233,0.00213726,,0.00421943,9.85788,fluid
761,14.7495,4.75057,,1004.12,0.724547,32718.9,,-0.00149382,-0.000744099,,0.0104561,9.86214,fluid
762,14.7495,5.2507,,1003.49,0.949997,27678.1,,-0.00137045,0.00323807,,0.016043,9.88636,fluid
763,14.7496,5.74896,,1002.87,1.0608,22746.5,,-0.00128834,-0.00228148,,0.0190578,9.95219,fluid
764,14.7496,6.25475,,1002.24,0.655992,17713.2,,-0.00106524,0.00625041,,0.0193743,9.93516,fluid
765,14.7497,6.74381,,1001.57,0.158621,12351.9,,-0.000968422,-0.00969218,,0.0170584,10.0037,fluid
766,14.7498,7.25566,,1000.96,0.137576,7540.97,,-0.00076175,0.00892305,,0.0130466,10.0343,fluid
767,14.7499,7.75747,,1000.67,0.147934,5267.78,,-0.000607604,0.0150663,,0.00752946,10.121,fluid
768,15.2492,0.249869,,1009.7,1.87596,78368.6,,-0.00266903,-0.00109076,,0.00763237,9.8816,fluid
769,15.2492,0.749915,,1009.08,1.54493,73249.7,,-0.0027358,-0.00157237,,0.00166661,9.88211,fluid
770,15.2492,1.24998,,1008.46,1.02802,68121.6,,-0.00270175,-0.00177229,,-0.00290601,9.87077,fluid
771,15.2492,1.74996,,1007.85,0.4228,63043.4,,-0.00263116,-0.000998595,,-0.00588321,9.87097,fluid
772,15.2492,2.25005,,1007.23,-0.0796838,57951.4,,-0.00251774,-0.00164613,,-0.00810853,9.86908,fluid
773,15.2492,2.75017,,1006.61,-0.213736,52877,,-0.00241169,0.000393122,,-0.00888818,9.8726,fluid
774,15.2492,3.25003,,1005.98,0.0567887,47813.3,,-0.00230715,0.000172428,,-0.00742838,9.87672,fluid
775,15.2492,3.75049,,1005.36,0.322891,42748.8,,-0.00217668,0.000361734,,-0.00343141,9.84783,fluid
776,15.2493,4.25008,,1004.74,0.547239,37757.2,,-0.00207107,0.00225181,,0.00250309,9.86421,fluid
777,15.2493,4.75061,,1004.12,0.83212,32713.1,,-0.00194931,-0.00063614,,0.00898096,9.86852,fluid
778,15.2494,5.25075,,1003.49,1.04362,27668.6,,-0.00180688,0.00336198,,0.0148787,9.89105,fluid
779,15.2494,5.74903,,1002.87,1.13704,22734.7,,-0.00170672,-0.00213113,,0.0182627,9.9541,fluid
780,15.2495,6.25483,,1002.24,0.722833,17701.5,,-0.00142693,0.00645322,,0.0191209,9.93428,fluid
781,15.2496,6.7439,,1001.57,0.220033,12341.1,,-0.00129702,-0.00947543,,0.017251,10.0002,fluid
782,15.2497,7.25577,,1000.96,0.181271,7532.87,,-0.00102614,0.00916694,,0.0135018,10.0272,fluid
783,15.2498,7.75759,,1000.67,0.170852,5261.04,,-0.000814703,0.0153612,,0.00779547,10.1102,fluid
784,15.7491,0.24987,,1009.7,1.86541,78366.3,,-0.0032323,-0.00103493,,0.00144706,9.87691,fluid
785,15.749,0.749916,,1009.08,1.53196,73251.5,,-0.00330863,-0.001521,,-0.00296693,9.87774,fluid
786,15.749,1.24998,,1008.46,1.01596,68124.9,,-0.00327324,-0.0016953,,-0.0060154,9.86782,fluid
787,15.749,1.74996,,1007.85,0.435723,63046.8,,-0.00319216,-0.000889598,,-0.00824823,9.86869,fluid
788,15.749,2.25006,,1007.23,-0.0361199,57956.2,,-0.00306339,-0.00152991,,-0.0104896,9.86729,fluid
789,15.749,2.75018,,1006.61,-0.153577,52883,,-0.00294581,0.000505423,,-0.0114754,9.8727,fluid
790,15.7491,3.25005,,1005.98,0.128718,47818.4,,-0.00283922,0.000285631,,-0.0101338,9.87958,fluid
791,15.7491,3.75051,,1005.36,0.413045,42751.2,,-0.00271664,0.000480866,,-0.00628474,9.85287,fluid
792,15.7491,4.25012,,1004.74,0.653119,37756.1,,-0.00262208,0.00236851,,-0.000587919,9.87056,fluid
793,15.7492,4.75067,,1004.12,0.937397,32707.7,,-0.00249891,-0.000520026,,0.00570894,9.87496,fluid
794,15.7492,5.25082,,1003.49,1.13258,27659.4,,-0.00233554,0.00350998,,0.0116756,9.89599,fluid
795,15.7493,5.74911,,1002.87,1.20741,22723.5,,-0.00220619,-0.00194357,,0.015423,9.95648,fluid
796,15.7494,6.25494,,1002.24,0.783131,17690.2,,-0.00185893,0.00671122,,0.016978,9.93405,fluid
797,15.7495,6.74401,,1001.56,0.273319,12329.9,,-0.00168895,-0.00919383,,0.015782,9.99729,fluid
798,15.7497,7.2559,,1000.96,0.215402,7524.23,,-0.00134712,0.00949798,,0.0125824,10.0201,fluid
799,15.7498,7.75774,,1000.67,0.183464,5253.46,,-0.00106836,0.0157712,,0.00708025,10.0988,fluid
800,16.2489,0.24987,,1009.7,1.82611,78367.7,,-0.00382316,-0.000973878,,-0.00426471,9.87363,fluid
801,16.2489,0.749914,,1009.08,1.48847,73255,,-0.00392047,-0.00147147,,-0.00742119,9.87498,fluid
802,16.2489,1.24998,,1008.46,0.980748,68128.4,,-0.00388247,-0.00160544,,-0.00935052,9.86593,fluid
803,16.2489,1.74996,,1007.85,0.43602,63050.7,,-0.0037749,-0.000756256,,-0.0110346,9.86666,fluid
804,16.2489,2.25006,,1007.23,0.00137158,57962.3,,-0.0036291,-0.00140017,,-0.0132912,9.86531,fluid
805,16.2489,2.75019,,1006.61,-0.0983406,52890.4,,-0.00352207,0.000612065,,-0.0146404,9.87249,fluid
806,16.2489,3.25007,,1005.99,0.195206,47824.4,,-0.00343682,0.000381614,,-0.0138591,9.88205,fluid
807,16.2489,3.75054,,1005.36,0.497052,42754.5,,-0.00332879,0.000587231,,-0.010684,9.85742,fluid
808,16.2489,4.25016,,1004.74,0.750674,37756.5,,-0.00323354,0.00248533,,-0.00554,9.87653,fluid
809,16.249,4.75073,,1004.12,1.03119,32704.7,,-0.00309798,-0.000389756,,0.000581157,9.88134,fluid
810,16.2491,5.2509,,1003.49,1.20868,27652.9,,-0.00291439,0.00368864,,0.00679129,9.90126,fluid
811,16.2492,5.74921,,1002.87,1.26638,22714.8,,-0.00276253,-0.00171347,,0.0111455,9.95952,fluid
812,16.2493,6.25506,,1002.24,0.833531,17681.1,,-0.00235212,0.00702912,,0.0136,9.93463,fluid
813,16.2494,6.74415,,1001.56,0.315492,12320.1,,-0.00214083,-0.00884359,,0.0131766,9.99515,fluid
814,16.2496,7.25607,,1000.96,0.236379,7516.59,,-0.00172398,0.00993334,,0.0105831,10.0137,fluid
815,16.2497,7.75793,,1000.67,0.179373,5246.22,,-0.00137059,0.0163282,,0.00546618,10.0879,fluid
816,16.7488,0.249869,,1009.7,1.74524,78371.7,,-0.00443111,-0.000910171,,-0.00915231,9.87114,fluid
817,16.7487,0.749911,,1009.08,1.40067,73260.5,,-0.00452833,-0.00141713,,-0.0119834,9.8731,fluid
818,16.7487,1.24997,,1008.46,0.91136,68133.4,,-0.00446959,-0.00149117,,-0.0133561,9.86478,fluid
819,16.7487,1.74995,,1007.85,0.417397,63056.1,,-0.00434743,-0.000604473,,-0.0145925,9.86491,fluid
820,16.7487,2.25006,,1007.23,0.0303447,57969.7,,-0.00421796,-0.00128194,,-0.0169337,9.86303,fluid
821,16.7487,2.75019,,1006.61,-0.048335,52899,,-0.00413547,0.000697882,,-0.0188676,9.87167,fluid
822,16.7487,3.25008,,1005.99,0.257204,47832.6,,-0.0040524,0.000469714,,-0.0186901,9.88386,fluid
823,16.7487,3.75057,,1005.36,0.576249,42761.5,,-0.00394324,0.000697021,,-0.0159471,9.86144,fluid
824,16.7488,4.2502,,1004.74,0.839895,37761.4,,-0.00386173,0.00260139,,-0.0111418,9.88223,fluid
825,16.7488,4.75079,,1004.12,1.11075,32705.9,,-0.00375887,-0.000265578,,-0.00523747,9.88774,fluid
826,16.7489,5.25099,,1003.49,1.26693,27649.6,,-0.00360155,0.00387239,,0.000976606,9.90693,fluid
827,16.749,5.74933,,1002.87,1.30904,22708.1,,-0.00345064,-0.00145696,,0.00580456,9.96333,fluid
828,16.7492,6.25521,,1002.24,0.872165,17673.2,,-0.00297837,0.00741124,,0.00927975,9.93623,fluid
829,16.7493,6.74432,,1001.56,0.34931,12310.8,,-0.00270726,-0.00841455,,0.00996104,9.9939,fluid
830,16.7495,7.25626,,1000.95,0.251239,7510.41,,-0.0021927,0.0104754,,0.00827271,10.0081,fluid
831,16.7496,7.75816,,1000.67,0.167268,5240.45,,-0.00174428,0.0170484,,0.00366947,10.0784,fluid
832,17.2486,0.249867,,1009.7,1.6227,78378.5,,-0.00500077,-0.000817123,,-0.0119767,9.86866,fluid
833,17.2486,0.749905,,1009.08,1.27697,73269.8,,-0.00506823,-0.00133028,,-0.0148493,9.8715,fluid
834,17.2486,1.24996,,1008.46,0.821261,68142.4,,-0.00499472,-0.00136358,,-0.0160946,9.86401,fluid
835,17.2486,1.74994,,1007.85,0.392167,63064.3,,-0.00489229,-0.000469968,,-0.0175476,9.86309,fluid
836,17.2485,2.25005,,1007.23,0.0602904,57979.8,,-0.00478743,-0.00118442,,-0.0204361,9.86024,fluid
837,17.2485,2.75019,,1006.61,0.00578811,52911.3,,-0.00471312,0.000778071,,-0.0228361,9.87035,fluid
838,17.2485,3.25008,,1005.99,0.325019,47844.9,,-0.00465052,0.000545422,,-0.0228704,9.88537,fluid
839,17.2485,3.75059,,1005.36,0.659226,42771.8,,-0.00461651,0.00076394,,-0.0205803,9.86502,fluid
840,17.2485,4.25024,,1004.74,0.924276,37768.4,,-0.00462352,0.00265499,,-0.0167891,9.88725,fluid
841,17.2486,4.75085,,1004.12,1.17365,32708.6,,-0.00458425,-0.0001891,,-0.011941,9.89357,fluid
842,17.2487,5.25109,,1003.49,1.30077,27648.1,,-0.00444191,0.00405226,,-0.00629264,9.91259,fluid
843,17.2488,5.74946,,1002.87,1.32759,22703.6,,-0.00426437,-0.00116897,,-0.00107568,9.96791,fluid
844,17.249,6.25538,,1002.24,0.893468,17667.3,,-0.0037184,0.00787164,,0.0036711,9.93925,fluid
845,17.2491,6.74452,,1001.56,0.374142,12302.1,,-0.00338583,-0.0078814,,0.00600058,9.99411,fluid
846,17.2493,7.25651,,1000.95,0.264731,7504.36,,-0.00277632,0.0111679,,0.00579578,10.0035,fluid
847,17.2495,7.75845,,1000.67,0.161822,5235,,-0.00222282,0.0179581,,0.00199764,10.0696,fluid
848,17.7485,0.249863,,1009.7,1.47341,78386.5,,-0.00551604,-0.000684328,,-0.0114232,9.86599,fluid
849,17.7485,0.749892,,1009.09,1.14284,73280.1,,-0.00558436,-0.00122404,,-0.0146841,9.86982,fluid
850,17.7484,1.24994,,1008.47,0.735376,68151.6,,-0.00553168,-0.00125267,,-0.0167952,9.86272,fluid
851,17.7484,1.74992,,1007.85,0.377766,63073,,-0.0054423,-0.000351715,,-0.0194361,9.86049,fluid
852,17.7484,2.25003,,1007.23,0.103546,57991.6,,-0.00533945,-0.00108922,,-0.022963,9.85701,fluid
853,17.7483,2.75016,,1006.61,0.073991,52925.7,,-0.00530894,0.000820659,,-0.0256786,9.86879,fluid
854,17.7483,3.25007,,1005.99,0.4041,47858,,-0.00534317,0.000528433,,-0.026435,9.88623,fluid
855,17.7483,3.75059,,1005.36,0.745961,42782.3,,-0.00541675,0.000734284,,-0.0254605,9.86737,fluid
856,17.7483,4.25027,,1004.75,1.0029,37777.4,,-0.0054593,0.00265748,,-0.0228718,9.89105,fluid
857,17.7484,4.75092,,1004.12,1.22351,32716.2,,-0.00541934,-0.000120827,,-0.0184135,9.89872,fluid
858,17.7484,5.25119,,1003.49,1.31887,27653.4,,-0.00528491,0.00424996,,-0.0126699,9.91837,fluid
859,17.7485,5.7496,,1002.87,1.33156,22705.8,,-0.00512217,-0.000855506,,-0.00696774,9.9733,fluid
860,17.7487,6.25558,,1002.24,0.903231,17666.7,,-0.00455735,0.00839124,,-0.00146919,9.94364,fluid
861,17.7489,6.74475,,1001.56,0.390625,12295.6,,-0.00419409,-0.00727069,,0.00189416,9.99599,fluid
862,17.7492,7.2568,,1000.95,0.271808,7499.47,,-0.00351316,0.0120284,,0.00273785,10.0002,fluid
863,17.7494,7.75881,,1000.66,0.158595,5227.96,,-0.00285266,0.019123,,-0.000301493,10.0603,fluid
864,18.2484,0.249856,,1009.7,1.31043,78393.1,,-0.00596591,-0.000544714,,-0.00817807,9.86256,fluid
865,18.2483,0.749873,,1009.09,1.01041,73287.8,,-0.00606459,-0.00113888,,-0.0130842,9.86688,fluid
866,18.2483,1.24992,,1008.47,0.658574,68159.2,,-0.00602293,-0.00115377,,-0.0173078,9.85977,fluid
867,18.2482,1.74988,,1007.85,0.373697,63082.3,,-0.00592726,-0.000232072,,-0.0214543,9.85692,fluid
868,18.2482,2.24999,,1007.23,0.156942,58004.2,,-0.00588028,-0.00104206,,-0.0256214,9.85341,fluid
869,18.2481,2.75012,,1006.61,0.149545,52939.5,,-0.00596633,0.000760629,,-0.0292565,9.86644,fluid
870,18.2481,3.25004,,1005.99,0.486263,47871.7,,-0.00606417,0.000433004,,-0.030941,9.88597,fluid
871,18.2481,3.75058,,1005.37,0.834781,42797.3,,-0.00615691,0.000686056,,-0.029859,9.86923,fluid
872,18.248,4.25028,,1004.75,1.08699,37793.5,,-0.00623236,0.002639,,-0.026206,9.89518,fluid
873,18.2481,4.75096,,1004.12,1.28314,32730.1,,-0.00632726,-0.000118518,,-0.0206594,9.90433,fluid
874,18.2481,5.25128,,1003.49,1.34868,27661.9,,-0.00635728,0.00436739,,-0.0148987,9.92422,fluid
875,18.2482,5.74974,,1002.87,1.34584,22709.2,,-0.00628628,-0.000592046,,-0.00982382,9.97857,fluid
876,18.2485,6.25581,,1002.24,0.918919,17667,,-0.00571409,0.00895733,,-0.00510628,9.9482,fluid
877,18.2487,6.74502,,1001.56,0.407133,12289,,-0.00527488,-0.00657938,,-0.00201827,9.99835,fluid
878,18.249,7.25715,,1000.95,0.274078,7496.68,,-0.00449545,0.0130494,,-0.00131323,9.99792,fluid
879,18.2492,7.75926,,1000.66,0.139996,5220.42,,-0.00370171,0.0206286,,-0.0040949,10.0513,fluid
880,18.7482,0.249847,,1009.7,1.14004,78397.2,,-0.006335,-0.000402526,,-0.00403222,9.85746,fluid
881,18.7482,0.749848,,1009.09,0.880724,73294.7,,-0.00642977,-0.00105363,,-0.0112522,9.86162,fluid
882,18.7482,1.24988,,1008.47,0.589568,68169.4,,-0.00636554,-0.0010394,,-0.017489,9.85499,fluid
883,18.7481,1.74983,,1007.85,0.379839,63095.3,,-0.00630962,-0.000165425,,-0.0228839,9.85231,fluid
884,18.748,2.24992,,1007.23,0.219772,58019.2,,-0.00638503,-0.00111453,,-0.0283257,9.84867,fluid
885,18.7479,2.75006,,1006.62,0.232427,52956.6,,-0.00654987,0.000630162,,-0.0331689,9.86314,fluid
886,18.7479,3.24998,,1005.99,0.576981,47891.2,,-0.00667359,0.000314823,,-0.0343733,9.88623,fluid
887,18.7478,3.75053,,1005.37,0.935377,42816.5,,-0.0069404,0.000531532,,-0.0315943,9.8727,fluid
888,18.7477,4.25025,,1004.75,1.18328,37807.9,,-0.00728785,0.00240661,,-0.0269996,9.90042,fluid
889,18.7477,4.75098,,1004.12,1.35321,32738.1,,-0.00762751,-0.000320624,,-0.0213749,9.90998,fluid
890,18.7478,5.25137,,1003.49,1.38885,27665.3,,-0.00775253,0.00439485,,-0.0160214,9.92948,fluid
891,18.7479,5.7499,,1002.87,1.37305,22711.1,,-0.0076565,-0.000341962,,-0.0111458,9.98297,fluid
892,18.7481,6.25607,,1002.24,0.950039,17669.7,,-0.00704945,0.00960823,,-0.00710555,9.9521,fluid
893,18.7483,6.74532,,1001.56,0.438131,12284.3,,-0.00655225,-0.00576718,,-0.00466645,10.0003,fluid
894,18.7487,7.25758,,1000.95,0.28882,7496.64,,-0.00573937,0.0143254,,-0.00510714,9.99579,fluid
895,18.749,7.75983,,1000.66,0.117,5215.68,,-0.004828,0.0225653,,-0.00856212,10.0446,fluid
896,19.2482,0.249836,,1009.7,0.963276,78397.1,,-0.0066652,-0.000247809,,-0.00229607,9.85036,fluid
897,19.2481,0.749815,,1009.09,0.751345,73299.7,,-0.00675742,-0.000948639,,-0.0116085,9.8543,fluid
898,19.248,1.24982,,1008.47,0.527151,68179.1,,-0.00672436,-0.0009496,,-0.0189938,9.84916,fluid
899,19.248,1.74975,,1007.85,0.398946,63106.9,,-0.00675892,-0.000197479,,-0.0250376,9.84669,fluid
900,19.2479,2.24984,,1007.24,0.303295,58034.8,,-0.00687304,-0.00123882,,-0.0306815,9.84304,fluid
901,19.2478,2.74997,,1006.62,0.345297,52978.2,,-0.00704708,0.000467033,,-0.0347375,9.86025,fluid
902,19.2476,3.24987,,1006,0.698481,47913,,-0.00735206,-5.65953e-06,,-0.0349452,9.88753,fluid
903,19.2475,3.75044,,1005.37,1.05209,42832,,-0.0079702,6.09332e-05,,-0.0328626,9.87625,fluid
904,19.2474,4.2502,,1004.75,1.27731,37818.7,,-0.00847474,0.00198328,,-0.0291985,9.90555,fluid
905,19.2474,4.75098,,1004.12,1.41379,32748.6,,-0.00882164,-0.000558013,,-0.0222821,9.91626,fluid
906,19.2473,5.25143,,1003.49,1.4242,27675.2,,-0.00902027,0.00441101,,-0.0148754,9.93579,fluid
907,19.2474,5.75003,,1002.87,1.4047,22718.5,,-0.00911518,-0.000160558,,-0.00892403,9.98752,fluid
908,19.2476,6.25634,,1002.24,0.995889,17676,,-0.00872701,0.0102491,,-0.00590361,9.95511,fluid
909,19.2479,6.74567,,1001.56,0.49218,12279.6,,-0.00825613,-0.00495797,,-0.00486332,10.0009,fluid
910,19.2483,7.2581,,1000.95,0.330616,7500.69,,-0.00747577,0.0158237,,-0.00753659,9.99296,fluid
911,19.2487,7.76057,,1000.66,0.127712,5213.02,,-0.00642428,0.0250238,,-0.0125885,10.0389,fluid
912,19.7481,0.249824,,1009.7,0.786996,78396.6,,-0.00683747,-8.59827e-05,,-0.00476546,9.841,fluid
913,19.748,0.749771,,1009.09,0.626001,73306.6,,-0.00693419,-0.000869329,,-0.0159103,9.84538,fluid
914,19.7479,1.24974,,1008.47,0.4692,68189.7,,-0.00698307,-0.000957121,,-0.02413,9.84285,fluid
915,19.7479,1.74966,,1007.86,0.427727,63118.9,,-0.00708433,-0.000280174,,-0.0296717,9.84155,fluid
916,19.7477,2.24972,,1007.24,0.414652,58052.6,,-0.00721204,-0.00135507,,-0.0324242,9.83951,fluid
917,19.7476,2.74982,,1006.62,0.504492,52999.7,,-0.0075522,0.000135068,,-0.0333916,9.85923,fluid
918,19.7474,3.24972,,1006,0.865699,47932.1,,-0.00811027,-0.000615882,,-0.0329299,9.88815,fluid
919,19.7472,3.75031,,1005.37,1.20126,42851.7,,-0.00881802,-0.000510093,,-0.0312369,9.87892,fluid
920,19.7471,4.25008,,1004.75,1.39548,37841.7,,-0.00930975,0.0015399,,-0.0256608,9.91235,fluid
921,19.7469,4.75089,,1004.12,1.49312,32767.6,,-0.0100622,-0.00103928,,-0.0163423,9.92498,fluid
922,19.7468,5.25142,,1003.49,1.46688,27681.4,,-0.0109194,0.00399458,,-0.0098785,9.94237,fluid
923,19.7468,5.75013,,1002.87,1.43088,22714.5,,-0.0114654,-0.000357332,,-0.00675399,9.99041,fluid
924,19.747,6.25665,,1002.24,1.03246,17672.4,,-0.0113026,0.0108332,,-0.00703613,9.9562,fluid
925,19.7473,6.74607,,1001.56,0.542911,12264.7,,-0.0107016,-0.00409274,,-0.00730326,9.99948,fluid
926,19.7477,7.25875,,1000.95,0.380923,7503.51,,-0.0099787,0.0176036,,-0.0121198,9.98774,fluid
927,19.7482,7.76154,,1000.66,0.166705,5206.36,,-0.00876662,0.0282105,,-0.0186449,10.0296,fluid
928,20.2481,0.249809,,1009.7,0.64321,78401.2,,-0.0068004,0.000126735,,-0.0075408,9.8305,fluid
929,20.248,0.749713,,1009.09,0.542826,73321.8,,-0.00688336,-0.000823835,,-0.0186523,9.83561,fluid
930,20.2479,1.24965,,1008.47,0.447283,68209.2,,-0.00697742,-0.00103842,,-0.0268991,9.83648,fluid
931,20.2478,1.74953,,1007.86,0.486114,63140,,-0.0071097,-0.000400433,,-0.0313217,9.83849,fluid
932,20.2476,2.24955,,1007.24,0.557045,58074.4,,-0.0074153,-0.00165172,,-0.0315331,9.83945,fluid
933,20.2474,2.74962,,1006.62,0.69443,53017.4,,-0.00808229,-0.000492889,,-0.0309076,9.8599,fluid
934,20.2472,3.24952,,1006,1.06741,47950.2,,-0.00872745,-0.00127747,,-0.0282978,9.88997,fluid
935,20.2469,3.75009,,1005.38,1.4018,42875.5,,-0.00953417,-0.00112553,,-0.0220886,9.8847,fluid
936,20.2466,4.24983,,1004.76,1.57489,37859.5,,-0.010593,0.000535927,,-0.014273,9.92061,fluid
937,20.2463,4.75071,,1004.12,1.6191,32770.2,,-0.0121632,-0.00227377,,-0.00825533,9.93095,fluid
938,20.2462,5.25137,,1003.49,1.53253,27676.2,,-0.0132922,0.00321528,,-0.00618741,9.94524,fluid
939,20.2462,5.75018,,1002.87,1.4653,22714.3,,-0.0137513,-0.000693452,,-0.00434497,9.99045,fluid
940,20.2463,6.25695,,1002.24,1.06954,17683.9,,-0.0138199,0.0114318,,-0.00645781,9.9554,fluid
941,20.2466,6.74647,,1001.55,0.585794,12257.5,,-0.0133894,-0.00325943,,-0.00884734,9.99647,fluid
942,20.2469,7.25952,,1000.95,0.415881,7512.82,,-0.0132954,0.0198039,,-0.0190271,9.98105,fluid
943,20.2475,7.76284,,1000.66,0.175192,5196.39,,-0.0121287,0.0324895,,-0.0290669,10.0174,fluid
944,20.748,0.249786,,1009.7,0.543149,78404.4,,-0.0068006,0.000346476,,-0.0117399,9.82133,fluid
945,20.748,0.749641,,1009.09,0.511368,73333.6,,-0.00695385,-0.000837747,,-0.0213603,9.82647,fluid
946,20.7479,1.24954,,1008.47,0.467515,68225,,-0.00710735,-0.00114933,,-0.0287976,9.83076,fluid
947,20.7477,1.74937,,1007.86,0.571917,63157.7,,-0.00728274,-0.00060719,,-0.0324307,9.83674,fluid
948,20.7475,2.24933,,1007.24,0.703431,58090.2,,-0.00775465,-0.00222447,,-0.0329549,9.83985,fluid
949,20.7473,2.74938,,1006.62,0.861992,53031.2,,-0.00850901,-0.00125215,,-0.0327269,9.86177,fluid
950,20.747,3.24923,,1006,1.24472,47965.8,,-0.00921467,-0.00201876,,-0.0261265,9.89701,fluid
951,20.7466,3.74974,,1005.38,1.59432,42883.6,,-0.0106445,-0.00236328,,-0.0155639,9.89423,fluid
952,20.7462,4.24951,,1004.76,1.75915,37855.7,,-0.0122659,-0.00110282,,-0.00817213,9.92675,fluid
953,20.7458,4.75049,,1004.12,1.76812,32773.7,,-0.0137105,-0.00345289,,-0.000406339,9.93563,fluid
954,20.7455,5.25118,,1003.49,1.64737,27691.6,,-0.0147732,0.00253249,,0.00778068,9.95073,fluid
955,20.7452,5.75005,,1002.87,1.56144,22730.3,,-0.0160958,-0.00152899,,0.0126154,9.99079,fluid
956,20.7451,6.25718,,1002.24,1.15982,17701.9,,-0.0175545,0.0114949,,0.00459552,9.9501,fluid
957,20.7454,6.74684,,1001.55,0.666092,12244.1,,-0.0175033,-0.00309768,,-0.0046314,9.98671,fluid
958,20.7457,7.26044,,1000.96,0.473465,7539.39,,-0.0183346,0.0220196,,-0.0254279,9.97085,fluid
959,20.7464,7.7646,,1000.66,0.155595,5192.64,,-0.0172134,0.0381946,,-0.0425025,10.0068,fluid
960,21.2481,0.249759,,1009.7,0.444537,78409,,-0.0065955,0.000506798,,-0.021814,9.81353,fluid
961,21.248,0.74956,,1009.09,0.466053,73344.7,,-0.0067776,-0.000937786,,-0.0304534,9.81815,fluid
962,21.2479,1.2494,,1008.48,0.466614,68239.8,,-0.00696944,-0.00131811,,-0.0367735,9.82598,fluid
963,21.2477,1.74917,,1007.86,0.642632,63173.9,,-0.00722658,-0.000928346,,-0.0390194,9.8355,fluid
964,21.2475,2.24908,,1007.24,0.832816,58108.1,,-0.00777552,-0.00288025,,-0.0391102,9.8393,fluid
965,21.2472,2.74908,,1006.63,0.998584,53055.1,,-0.00849195,-0.00201124,,-0.0373368,9.86576,fluid
966,21.2468,3.24882,,1006.01,1.37406,47985.1,,-0.00955896,-0.00327741,,-0.0277537,9.90807,fluid
967,21.2463,3.74931,,1005.38,1.72371,42887,,-0.0115833,-0.00421218,,-0.0168079,9.90415,fluid
968,21.2459,4.24909,,1004.76,1.89629,37862.2,,-0.0130357,-0.00252091,,-0.00469224,9.93755,fluid
969,21.2452,4.74998,,1004.13,1.91077,32788.9,,-0.0149388,-0.00484537,,0.0141396,9.95019,fluid
970,21.2445,5.25063,,1003.49,1.76446,27682.8,,-0.0180147,0.000200168,,0.0233651,9.95749,fluid
971,21.244,5.74969,,1002.87,1.6397,22695.2,,-0.0211583,-0.00415307,,0.018923,9.98381,fluid
972,21.2438,6.2574,,1002.24,1.23225,17680,,-0.0234434,0.011087,,0.00362157,9.93838,fluid
973,21.2441,6.74718,,1001.55,0.755584,12198.2,,-0.0229474,-0.0032298,,-0.00450888,9.97018,fluid
974,21.244,7.26162,,1000.96,0.575554,7568.02,,-0.0253151,0.0246894,,-0.0324396,9.95209,fluid
975,21.2448,7.76709,,1000.66,0.192697,5190.52,,-0.0246023,0.0458624,,-0.0572902,9.99322,fluid
976,21.7482,0.249729,,1009.71,0.319281,78423.9,,-0.00616231,0.000706773,,-0.0334882,9.80728,fluid
977,21.7481,0.749473,,1009.1,0.36769,73367.7,,-0.00631264,-0.00102591,,-0.04,9.81142,fluid
978,21.748,1.24926,,1008.48,0.422549,68268.4,,-0.00643955,-0.00146949,,-0.0426045,9.82388,fluid
979,21.7478,1.74894,,1007.87,0.718451,63203,,-0.00668906,-0.00134131,,-0.0400735,9.83655,fluid
980,21.7475,2.24879,,1007.25,1.01632,58139.2,,-0.00733706,-0.00358442,,-0.0367586,9.84021,fluid
981,21.7472,2.74869,,1006.63,1.21134,53091,,-0.00823699,-0.00299221,,-0.0321941,9.87229,fluid
982,21.7467,3.24832,,1006.01,1.56296,48010.4,,-0.00972354,-0.00511655,,-0.0221927,9.91901,fluid
983,21.7461,3.7488,,1005.38,1.8843,42906.6,,-0.0117804,-0.0060386,,-0.0108917,9.91577,fluid
984,21.7455,4.24837,,1004.76,2.05368,37882.9,,-0.0135047,-0.00439441,,0.00706999,9.95732,fluid
985,21.7444,4.7491,,1004.13,2.03326,32781.6,,-0.0176014,-0.00858553,,0.0219362,9.96273,fluid
986,21.7438,5.25002,,1003.49,1.80048,27646.4,,-0.021767,-0.003563,,0.0178595,9.95282,fluid
987,21.7431,5.7492,,1002.86,1.64006,22672.5,,-0.0239198,-0.00663057,,0.0179722,9.97706,fluid
988,21.7421,6.25731,,1002.24,1.27229,17708.2,,-0.0272972,0.0105483,,0.0125869,9.93202,fluid
989,21.7419,6.747,,1001.54,0.83384,12178,,-0.0286222,-0.00496391,,0.00597426,9.95463,fluid
990,21.7411,7.26284,,1000.97,0.657919,7622.98,,-0.0358693,0.0276022,,-0.0405012,9.92794,fluid
991,21.7421,7.77061,,1000.66,0.273215,5173.24,,-0.0361005,0.0561072,,-0.077545,9.9621,fluid
992,22.2484,0.249682,,1009.71,0.172474,78442.5,,-0.00581944,0.000773851,,-0.0468396,9.8014,fluid
993,22.2483,0.749373,,1009.1,0.218917,73390.1,,-0.00614142,-0.00116801,,-0.0546815,9.80696,fluid
994,22.2481,1.24909,,1008.48,0.3319,68291.4,,-0.00629697,-0.00154352,,-0.0533583,9.82845,fluid
995,22.2479,1.74869,,1007.87,0.794803,63219.7,,-0.00650808,-0.00173903,,-0.0422662,9.84457,fluid
996,22.2476,2.24848,,1007.25,1.26047,58156.5,,-0.00708658,-0.00432049,,-0.0317458,9.84562,fluid
997,22.2473,2.74824,,1006.63,1.52708,53112.4,,-0.00794762,-0.00418474,,-0.0221251,9.88179,fluid
998,22.2467,3.24777,,1006.01,1.86307,48022.4,,-0.00952736,-0.00708999,,-0.0090739,9.9305,fluid
999,22.2461,3.74814,,1005.38,2.15064,42922.3,,-0.0116108,-0.00787414,,0.0053018,9.93122,fluid
1000,22.2452,4.24735,,1004.76,2.29537,37891.3,,-0.0142268,-0.00785997,,0.0224523,9.97442,fluid
1001,22.2441,4.74825,,1004.12,2.19099,32775.1,,-0.0191296,-0.0132154,,0.0280975,9.96183,fluid
1002,22.2431,5.24919,,1003.49,1.8868,27650.4,,-0.0215304,-0.00545139,,0.037061,9.9605,fluid
1003,22.241,5.74757,,1002.87,1.74092,22706.3,,-0.026121,-0.0105956,,0.0578758,9.98898,fluid
1004,22.2389,6.25648,,1002.25,1.3337,17794.9,,-0.0364379,0.00591628,,0.0339416,9.91354,fluid
1005,22.2389,6.74649,,1001.54,0.85753,12140.4,,-0.0388792,-0.0101846,,0.00959342,9.92037,fluid
1006,22.2368,7.26439,,1000.98,0.686478,7696.34,,-0.053192,0.0287378,,-0.0634522,9.88758,fluid
1007,22.2377,7.77574,,1000.65,0.244552,5128.84,,-0.054344,0.0694162,,-0.11042,9.90681,fluid
1008,22.7486,0.249653,,1009.71,0.0611829,78475.8,,-0.00488831,0.000797048,,-0.0497531,9.7913,fluid
1009,22.7485,0.749283,,1009.1,0.102981,73434.1,,-0.0050236,-0.00137734,,-0.0618058,9.79992,fluid
1010,22.7484,1.24891,,1008.49,0.234684,68331.7,,-0.00521616,-0.00175157,,-0.0635331,9.83667,fluid
1011,22.7482,1.74843,,1007.87,0.816468,63236.9,,-0.00572083,-0.00224485,,-0.0517751,9.85952,fluid
1012,22.7479,2.24815,,1007.25,1.4316,58166.6,,-0.00631608,-0.00494212,,-0.0370301,9.8572,fluid
1013,22.7475,2.74775,,1006.64,1.77888,53122.9,,-0.00705305,-0.0053899,,-0.0215705,9.89665,fluid
1014,22.7469,3.24715,,1006.01,2.10764,48017.3,,-0.00887921,-0.00922535,,-0.00498509,9.94498,fluid
1015,22.7462,3.74729,,1005.38,2.38076,42919.5,,-0.0112895,-0.0101855,,0.0112498,9.94868,fluid
1016,22.7452,4.24619,,1004.76,2.53221,37880.8,,-0.014247,-0.0121561,,0.0307382,9.98901,fluid
1017,22.7439,4.74718,,1004.12,2.38652,32755.6,,-0.018881,-0.0168475,,0.0462303,9.97068,fluid
1018,22.742,5.24696,,1003.48,2.0613,27623.8,,-0.0235285,-0.0102544,,0.0666297,9.98495,fluid
1019,22.7387,5.74453,,1002.87,1.80292,22718.4,,-0.0360853,-0.0238122,,0.0583886,9.97197,fluid
1020,22.7377,6.25635,,1002.25,1.15088,17814.9,,-0.0460136,0.000742148,,0.000996833,9.86578,fluid
1021,22.7376,6.74482,,1001.5,0.755639,11815.7,,-0.0429078,-0.0177037,,0.0116278,9.89057,fluid
1022,22.73,7.26436,,1001,0.755562,7845.21,,-0.0748089,0.0242574,,-0.0633316,9.84383,fluid
1023,22.7307,7.78335,,1000.64,0.0869268,5068.43,,-0.0790915,0.0877048,,-0.131189,9.83171,fluid
1024,23.2489,0.249612,,1009.72,0.0154975,78504.9,,-0.00421587,0.0011096,,-0.0358641,9.78395,fluid
1025,23.2488,0.749205,,1009.11,0.134215,73485.6,,-0.00394862,-0.00127666,,-0.0415426,9.79036,fluid
1026,23.2487,1.24875,,1008.5,0.271447,68392.8,,-0.00383722,-0.00198315,,-0.0474985,9.83836,fluid
1027,23.2485,1.74818,,1007.87,0.85888,63276.7,,-0.0043528,-0.00297061,,-0.0481242,9.86899,fluid
1028,23.2482,2.24784,,1007.26,1.51476,58195.7,,-0.00495164,-0.0054487,,-0.0424875,9.86912,fluid
1029,23.2478,2.74725,,1006.64,1.88734,53143.2,,-0.00576023,-0.00670136,,-0.0300531,9.91301,fluid
1030,23.2473,3.24652,,1006.01,2.17963,48018.8,,-0.00772195,-0.0115859,,-0.0176758,9.95831,fluid
1031,23.2466,3.74644,,1005.38,2.45047,42930.9,,-0.00967712,-0.0124568,,-0.0006594,9.96946,fluid
1032,23.2456,4.24495,,1004.76,2.64642,37866.2,,-0.0123934,-0.0164304,,0.0289928,10.0123,fluid
1033,23.2439,4.74554,,1004.12,2.48045,32708.8,,-0.0183547,-0.0218881,,0.0480371,9.98623,fluid
1034,23.2418,5.24398,,1003.49,2.12088,27654.5,,-0.0255082,-0.0204309,,0.0500641,9.98519,fluid
1035,23.2393,5.74255,,1002.88,1.68164,22775.4,,-0.0344965,-0.0350454,,0.0455155,9.93848,fluid
1036,23.2372,6.2561,,1002.22,1.08408,17572.5,,-0.0385229,0.00470493,,0.0566643,9.87978,fluid
1037,23.2287,6.73482,,1001.5,1.3109,11786.7,,-0.0608439,-0.0460754,,0.066481,9.92174,fluid
1038,23.2134,7.26607,,1001.08,0.69886,8490.27,,-0.124602,0.035156,,-0.0520052,9.84772,fluid
1039,23.2184,7.79699,,1000.62,-0.031867,4901.86,,-0.120247,0.116058,,-0.151055,9.68101,fluid
1040,23.7492,0.249558,,1009.71,-0.229911,78494.5,,-0.0041761,0.0012204,,-0.0501745,9.78706,fluid
1041,23.7491,0.749126,,1009.11,0.0354892,73474.5,,-0.00418727,-0.00082161,,-0.0452836,9.78806,fluid
1042,23.749,1.24861,,1008.5,0.291752,68401.4,,-0.00370338,-0.00189241,,-0.0442408,9.8345,fluid
1043,23.7489,1.748,,1007.88,0.917417,63294.1,,-0.00361383,-0.00336771,,-0.0482465,9.86703,fluid
1044,23.7487,2.24756,,1007.26,1.60827,58223.6,,-0.00359173,-0.00569798,,-0.0471696,9.87569,fluid
1045,23.7483,2.7468,,1006.64,2.01272,53167.3,,-0.00420444,-0.00796292,,-0.0378128,9.92528,fluid
1046,23.7479,3.24602,,1006.01,2.27864,48042.3,,-0.00542011,-0.0133022,,-0.0271337,9.96957,fluid
1047,23.7473,3.74561,,1005.39,2.54885,42968.2,,-0.00658162,-0.0140749,,-0.00438671,9.99839,fluid
1048,23.7462,4.2436,,1004.75,2.73931,37851.2,,-0.0098941,-0.0210974,,0.026513,10.0408,fluid
1049,23.7447,4.74381,,1004.12,2.49733,32715.1,,-0.0153138,-0.0277005,,0.0402998,9.99223,fluid
1050,23.7428,5.2414,,1003.5,2.13108,27777.2,,-0.0193471,-0.0273112,,0.0592877,10.0014,fluid
1051,23.7392,5.73962,,1002.86,1.72082,22630.1,,-0.0272136,-0.042213,,0.112199,9.96717,fluid
1052,23.7301,6.24666,,1002.22,1.47971,17555.7,,-0.055734,-0.0232297,,0.118862,9.87101,fluid
1053,23.7152,6.72,,1001.6,1.58925,12618.7,,-0.101789,-0.0888652,,0.112324,9.95484,fluid
1054,23.7049,7.28282,,1001.05,0.215472,8282.95,,-0.144734,0.067332,,0.0239448,9.63034,fluid
1055,23.7061,7.80604,,1000.57,0.163464,4487.71,,-0.148316,0.104686,,-0.0346848,9.41723,fluid
1056,24.2496,0.249597,,1009.72,-0.827602,78527.1,,-0.00232694,0.0013171,,-0.0847085,9.79099,fluid
1057,24.2496,0.749047,,1009.11,-0.473654,73488.4,,-0.00221904,-0.000509015,,-0.0765909,9.79716,fluid
1058,24.2495,1.24849,,1008.5,0.0479432,68415.3,,-0.00199964,-0.0014832,,-0.0639398,9.83874,fluid
1059,24.2494,1.74786,,1007.88,0.906685,63322.4,,-0.00167815,-0.00319157,,-0.0552947,9.86861,fluid
1060,24.2492,2.24732,,1007.26,1.79357,58264.3,,-0.00139098,-0.00563523,,-0.0426328,9.88608,fluid
1061,24.249,2.74646,,1006.65,2.36728,53202.1,,-0.00180655,-0.00885205,,-0.0264095,9.93835,fluid
1062,24.2487,3.24563,,1006.02,2.70159,48080.8,,-0.00228357,-0.0141496,,-0.0104785,9.98475,fluid
1063,24.2482,3.74481,,1005.39,2.95542,42996.9,,-0.00363906,-0.0159736,,0.0115068,10.0282,fluid
1064,24.2475,4.24255,,1004.75,3.02609,37832.1,,-0.00687373,-0.0255803,,0.0273355,10.059,fluid
1065,24.2467,4.74232,,1004.12,2.63143,32738,,-0.00901924,-0.0317826,,0.0416165,10.0032,fluid
1066,24.2449,5.23872,,1003.5,2.2102,27745.8,,-0.0134364,-0.0325167,,0.0670782,10.0528,fluid
1067,24.2411,5.73356,,1002.83,1.78169,22359.5,,-0.0276916,-0.0621656,,0.0798606,9.98804,fluid
1068,24.2335,6.23351,,1002.25,1.17946,17769.6,,-0.0575965,-0.06838,,0.0220336,9.83216,fluid
1069,24.231,6.71576,,1001.66,0.690111,13060.6,,-0.0519206,-0.0930633,,0.075796,9.9775,fluid
1070,24.2098,7.26427,,1000.82,0.0929781,6476.37,,-0.0943219,-0.058125,,0.278932,9.12003,fluid
1071,24.1405,7.76258,,1000.59,0.485347,4670.94,,-0.313877,-0.0312892,,0.180635,9.43078,fluid
1072,24.7501,0.249503,,1009.73,-1.15798,78619.2,,-0.00115439,0.00168439,,-0.0694927,9.7965,fluid
1073,24.7499,0.749062,,1009.12,-0.77655,73561.4,,-0.00066003,7.881e-05,,-0.057941,9.81016,fluid
1074,24.7499,1.24849,,1008.5,-0.0259489,68468.3,,-7.98501e-05,-0.000884418,,-0.0471148,9.85038,fluid
1075,24.7499,1.74788,,1007.88,1.04384,63360.5,,0.000217964,-0.00246496,,-0.0384366,9.88073,fluid
1076,24.7498,2.24729,,1007.27,2.1076,58279.5,,0.000612477,-0.00490528,,-0.0225996,9.90633,fluid
1077,24.7497,2.74644,,1006.64,2.85226,53190.8,,0.00061614,-0.00856362,,-0.00473854,9.95687,fluid
1078,24.7497,3.24559,,1006.02,3.26096,48066.8,,0.00101955,-0.0135179,,0.0113096,10.0044,fluid
1079,24.7494,3.74456,,1005.39,3.43757,42966.3,,0.00045018,-0.0166726,,0.0292959,10.0508,fluid
1080,24.7493,4.24257,,1004.75,3.31633,37809.6,,-0.000452115,-0.0258779,,0.035375,10.0687,fluid
1081,24.7491,4.74173,,1004.12,2.79362,32746.1,,0.00189797,-0.0308307,,0.0629289,10.0334,fluid
1082,24.747,5.23728,,1003.49,2.25732,27643.8,,-0.0058401,-0.0373794,,0.0750399,10.0773,fluid
1083,24.7465,5.73179,,1002.83,1.63681,22424.4,,-0.011157,-0.0712964,,0.0381178,9.9477,fluid
1084,24.7478,6.23381,,1002.35,1.02521,18540.2,,0.0114751,-0.0498612,,0.11789,9.90749,fluid
1085,24.7447,6.70891,,1001.55,0.646676,12221.5,,0.0400515,-0.0750308,,0.387638,10.2478,fluid
1086,24.6891,7.14307,,1000.85,1.7613,6682.02,,-0.10234,-0.383955,,0.51945,9.74954,fluid
1087,24.5113,7.60474,,1000.97,-0.0685602,7668.86,,-0.639213,-0.313818,,0.593112,10.3849,fluid
