h/dp :,2
L2norm Pressure,KE,dp,Nparticles
nan,nan,0.5,640

t,10.18
ID,x,y,,rho,drhodt,pressure,,u,v,,du_rdt,du_zdt,Type
0,0.25,-0.25,,1000,0,0,,0,0,,0,0,boundary
1,0.75,-0.25,,1000,0,0,,0,0,,0,0,boundary
2,1.25,-0.25,,1000,0,0,,0,0,,0,0,boundary
3,1.75,-0.25,,1000,0,0,,0,0,,0,0,boundary
4,2.25,-0.25,,1000,0,0,,0,0,,0,0,boundary
5,2.75,-0.25,,1000,0,0,,0,0,,0,0,boundary
6,3.25,-0.25,,1000,0,0,,0,0,,0,0,boundary
7,3.75,-0.25,,1000,0,0,,0,0,,0,0,boundary
8,4.25,-0.25,,1000,0,0,,0,0,,0,0,boundary
9,4.75,-0.25,,1000,0,0,,0,0,,0,0,boundary
10,5.25,-0.25,,1000,0,0,,0,0,,0,0,boundary
11,5.75,-0.25,,1000,0,0,,0,0,,0,0,boundary
12,6.25,-0.25,,1000,0,0,,0,0,,0,0,boundary
13,6.75,-0.25,,1000,0,0,,0,0,,0,0,boundary
14,7.25,-0.25,,1000,0,0,,0,0,,0,0,boundary
15,7.75,-0.25,,1000,0,0,,0,0,,0,0,boundary
16,8.25,-0.25,,1000,0,0,,0,0,,0,0,boundary
17,8.75,-0.25,,1000,0,0,,0,0,,0,0,boundary
18,9.25,-0.25,,1000,0,0,,0,0,,0,0,boundary
19,9.75,-0.25,,1000,0,0,,0,0,,0,0,boundary
20,10.25,-0.25,,1000,0,0,,0,0,,0,0,boundary
21,10.75,-0.25,,1000,0,0,,0,0,,0,0,boundary
22,11.25,-0.25,,1000,0,0,,0,0,,0,0,boundary
23,11.75,-0.25,,1000,0,0,,0,0,,0,0,boundary
24,12.25,-0.25,,1000,0,0,,0,0,,0,0,boundary
25,12.75,-0.25,,1000,0,0,,0,0,,0,0,boundary
26,13.25,-0.25,,1000,0,0,,0,0,,0,0,boundary
27,13.75,-0.25,,1000,0,0,,0,0,,0,0,boundary
28,14.25,-0.25,,1000,0,0,,0,0,,0,0,boundary
29,14.75,-0.25,,1000,0,0,,0,0,,0,0,boundary
30,15.25,-0.25,,1000,0,0,,0,0,,0,0,boundary
31,15.75,-0.25,,1000,0,0,,0,0,,0,0,boundary
32,16.25,-0.25,,1000,0,0,,0,0,,0,0,boundary
33,16.75,-0.25,,1000,0,0,,0,0,,0,0,boundary
34,17.25,-0.25,,1000,0,0,,0,0,,0,0,boundary
35,17.75,-0.25,,1000,0,0,,0,0,,0,0,boundary
36,18.25,-0.25,,1000,0,0,,0,0,,0,0,boundary
37,18.75,-0.25,,1000,0,0,,0,0,,0,0,boundary
38,19.25,-0.25,,1000,0,0,,0,0,,0,0,boundary
39,19.75,-0.25,,1000,0,0,,0,0,,0,0,boundary
40,20.25,-0.25,,1000,0,0,,0,0,,0,0,boundary
41,20.75,-0.25,,1000,0,0,,0,0,,0,0,boundary
42,21.25,-0.25,,1000,0,0,,0,0,,0,0,boundary
43,21.75,-0.25,,1000,0,0,,0,0,,0,0,boundary
44,22.25,-0.25,,1000,0,0,,0,0,,0,0,boundary
45,22.75,-0.25,,1000,0,0,,0,0,,0,0,boundary
46,23.25,-0.25,,1000,0,0,,0,0,,0,0,boundary
47,23.75,-0.25,,1000,0,0,,0,0,,0,0,boundary
48,24.25,-0.25,,1000,0,0,,0,0,,0,0,boundary
49,24.75,-0.25,,1000,0,0,,0,0,,0,0,boundary
50,25.25,-0.25,,1000,0,0,,0,0,,0,0,boundary
51,25.75,-0.25,,1000,0,0,,0,0,,0,0,boundary
52,26.25,-0.25,,1000,0,0,,0,0,,0,0,boundary
53,26.75,-0.25,,1000,0,0,,0,0,,0,0,boundary
54,27.25,-0.25,,1000,0,0,,0,0,,0,0,boundary
55,27.75,-0.25,,1000,0,0,,0,0,,0,0,boundary
56,28.25,-0.25,,1000,0,0,,0,0,,0,0,boundary
57,28.75,-0.25,,1000,0,0,,0,0,,0,0,boundary
58,29.25,-0.25,,1000,0,0,,0,0,,0,0,boundary
59,29.75,-0.25,,1000,0,0,,0,0,,0,0,boundary
60,30.25,-0.25,,1000,0,0,,0,0,,0,0,boundary
61,30.75,-0.25,,1000,0,0,,0,0,,0,0,boundary
62,31.25,-0.25,,1000,0,0,,0,0,,0,0,boundary
63,31.75,-0.25,,1000,0,0,,0,0,,0,0,boundary
64,32.25,-0.25,,1000,0,0,,0,0,,0,0,boundary
65,32.75,-0.25,,1000,0,0,,0,0,,0,0,boundary
66,33.25,-0.25,,1000,0,0,,0,0,,0,0,boundary
67,33.75,-0.25,,1000,0,0,,0,0,,0,0,boundary
68,34.25,-0.25,,1000,0,0,,0,0,,0,0,boundary
69,34.75,-0.25,,1000,0,0,,0,0,,0,0,boundary
70,35.25,-0.25,,1000,0,0,,0,0,,0,0,boundary
71,35.75,-0.25,,1000,0,0,,0,0,,0,0,boundary
72,36.25,-0.25,,1000,0,0,,0,0,,0,0,boundary
73,36.75,-0.25,,1000,0,0,,0,0,,0,0,boundary
74,37.25,-0.25,,1000,0,0,,0,0,,0,0,boundary
75,37.75,-0.25,,1000,0,0,,0,0,,0,0,boundary
76,38.25,-0.25,,1000,0,0,,0,0,,0,0,boundary
77,38.75,-0.25,,1000,0,0,,0,0,,0,0,boundary
78,39.25,-0.25,,1000,0,0,,0,0,,0,0,boundary
79,39.75,-0.25,,1000,0,0,,0,0,,0,0,boundary
80,40.25,-0.25,,1000,0,0,,0,0,,0,0,boundary
81,40.75,-0.25,,1000,0,0,,0,0,,0,0,boundary
82,41.25,-0.25,,1000,0,0,,0,0,,0,0,boundary
83,41.75,-0.25,,1000,0,0,,0,0,,0,0,boundary
84,0.25,-0.75,,1000,0,0,,0,0,,0,0,boundary
85,0.75,-0.75,,1000,0,0,,0,0,,0,0,boundary
86,1.25,-0.75,,1000,0,0,,0,0,,0,0,boundary
87,1.75,-0.75,,1000,0,0,,0,0,,0,0,boundary
88,2.25,-0.75,,1000,0,0,,0,0,,0,0,boundary
89,2.75,-0.75,,1000,0,0,,0,0,,0,0,boundary
90,3.25,-0.75,,1000,0,0,,0,0,,0,0,boundary
91,3.75,-0.75,,1000,0,0,,0,0,,0,0,boundary
92,4.25,-0.75,,1000,0,0,,0,0,,0,0,boundary
93,4.75,-0.75,,1000,0,0,,0,0,,0,0,boundary
94,5.25,-0.75,,1000,0,0,,0,0,,0,0,boundary
95,5.75,-0.75,,1000,0,0,,0,0,,0,0,boundary
96,6.25,-0.75,,1000,0,0,,0,0,,0,0,boundary
97,6.75,-0.75,,1000,0,0,,0,0,,0,0,boundary
98,7.25,-0.75,,1000,0,0,,0,0,,0,0,boundary
99,7.75,-0.75,,1000,0,0,,0,0,,0,0,boundary
100,8.25,-0.75,,1000,0,0,,0,0,,0,0,boundary
101,8.75,-0.75,,1000,0,0,,0,0,,0,0,boundary
102,9.25,-0.75,,1000,0,0,,0,0,,0,0,boundary
103,9.75,-0.75,,1000,0,0,,0,0,,0,0,boundary
104,10.25,-0.75,,1000,0,0,,0,0,,0,0,boundary
105,10.75,-0.75,,1000,0,0,,0,0,,0,0,boundary
106,11.25,-0.75,,1000,0,0,,0,0,,0,0,boundary
107,11.75,-0.75,,1000,0,0,,0,0,,0,0,boundary
108,12.25,-0.75,,1000,0,0,,0,0,,0,0,boundary
109,12.75,-0.75,,1000,0,0,,0,0,,0,0,boundary
110,13.25,-0.75,,1000,0,0,,0,0,,0,0,boundary
111,13.75,-0.75,,1000,0,0,,0,0,,0,0,boundary
112,14.25,-0.75,,1000,0,0,,0,0,,0,0,boundary
113,14.75,-0.75,,1000,0,0,,0,0,,0,0,boundary
114,15.25,-0.75,,1000,0,0,,0,0,,0,0,boundary
115,15.75,-0.75,,1000,0,0,,0,0,,0,0,boundary
116,16.25,-0.75,,1000,0,0,,0,0,,0,0,boundary
117,16.75,-0.75,,1000,0,0,,0,0,,0,0,boundary
118,17.25,-0.75,,1000,0,0,,0,0,,0,0,boundary
119,17.75,-0.75,,1000,0,0,,0,0,,0,0,boundary
120,18.25,-0.75,,1000,0,0,,0,0,,0,0,boundary
121,18.75,-0.75,,1000,0,0,,0,0,,0,0,boundary
122,19.25,-0.75,,1000,0,0,,0,0,,0,0,boundary
123,19.75,-0.75,,1000,0,0,,0,0,,0,0,boundary
124,20.25,-0.75,,1000,0,0,,0,0,,0,0,boundary
125,20.75,-0.75,,1000,0,0,,0,0,,0,0,boundary
126,21.25,-0.75,,1000,0,0,,0,0,,0,0,boundary
127,21.75,-0.75,,1000,0,0,,0,0,,0,0,boundary
128,22.25,-0.75,,1000,0,0,,0,0,,0,0,boundary
129,22.75,-0.75,,1000,0,0,,0,0,,0,0,boundary
130,23.25,-0.75,,1000,0,0,,0,0,,0,0,boundary
131,23.75,-0.75,,1000,0,0,,0,0,,0,0,boundary
132,24.25,-0.75,,1000,0,0,,0,0,,0,0,boundary
133,24.75,-0.75,,1000,0,0,,0,0,,0,0,boundary
134,25.25,-0.75,,1000,0,0,,0,0,,0,0,boundary
135,25.75,-0.75,,1000,0,0,,0,0,,0,0,boundary
136,26.25,-0.75,,1000,0,0,,0,0,,0,0,boundary
137,26.75,-0.75,,1000,0,0,,0,0,,0,0,boundary
138,27.25,-0.75,,1000,0,0,,0,0,,0,0,boundary
139,27.75,-0.75,,1000,0,0,,0,0,,0,0,boundary
140,28.25,-0.75,,1000,0,0,,0,0,,0,0,boundary
141,28.75,-0.75,,1000,0,0,,0,0,,0,0,boundary
142,29.25,-0.75,,1000,0,0,,0,0,,0,0,boundary
143,29.75,-0.75,,1000,0,0,,0,0,,0,0,boundary
144,30.25,-0.75,,1000,0,0,,0,0,,0,0,boundary
145,30.75,-0.75,,1000,0,0,,0,0,,0,0,boundary
146,31.25,-0.75,,1000,0,0,,0,0,,0,0,boundary
147,31.75,-0.75,,1000,0,0,,0,0,,0,0,boundary
148,32.25,-0.75,,1000,0,0,,0,0,,0,0,boundary
149,32.75,-0.75,,1000,0,0,,0,0,,0,0,boundary
150,33.25,-0.75,,1000,0,0,,0,0,,0,0,boundary
151,33.75,-0.75,,1000,0,0,,0,0,,0,0,boundary
152,34.25,-0.75,,1000,0,0,,0,0,,0,0,boundary
153,34.75,-0.75,,1000,0,0,,0,0,,0,0,boundary
154,35.25,-0.75,,1000,0,0,,0,0,,0,0,boundary
155,35.75,-0.75,,1000,0,0,,0,0,,0,0,boundary
156,36.25,-0.75,,1000,0,0,,0,0,,0,0,boundary
157,36.75,-0.75,,1000,0,0,,0,0,,0,0,boundary
158,37.25,-0.75,,1000,0,0,,0,0,,0,0,boundary
159,37.75,-0.75,,1000,0,0,,0,0,,0,0,boundary
160,38.25,-0.75,,1000,0,0,,0,0,,0,0,boundary
161,38.75,-0.75,,1000,0,0,,0,0,,0,0,boundary
162,39.25,-0.75,,1000,0,0,,0,0,,0,0,boundary
163,39.75,-0.75,,1000,0,0,,0,0,,0,0,boundary
164,40.25,-0.75,,1000,0,0,,0,0,,0,0,boundary
165,40.75,-0.75,,1000,0,0,,0,0,,0,0,boundary
166,41.25,-0.75,,1000,0,0,,0,0,,0,0,boundary
167,41.75,-0.75,,1000,0,0,,0,0,,0,0,boundary
168,0.25,-1.25,,1000,0,0,,0,0,,0,0,boundary
169,0.75,-1.25,,1000,0,0,,0,0,,0,0,boundary
170,1.25,-1.25,,1000,0,0,,0,0,,0,0,boundary
171,1.75,-1.25,,1000,0,0,,0,0,,0,0,boundary
172,2.25,-1.25,,1000,0,0,,0,0,,0,0,boundary
173,2.75,-1.25,,1000,0,0,,0,0,,0,0,boundary
174,3.25,-1.25,,1000,0,0,,0,0,,0,0,boundary
175,3.75,-1.25,,1000,0,0,,0,0,,0,0,boundary
176,4.25,-1.25,,1000,0,0,,0,0,,0,0,boundary
177,4.75,-1.25,,1000,0,0,,0,0,,0,0,boundary
178,5.25,-1.25,,1000,0,0,,0,0,,0,0,boundary
179,5.75,-1.25,,1000,0,0,,0,0,,0,0,boundary
180,6.25,-1.25,,1000,0,0,,0,0,,0,0,boundary
181,6.75,-1.25,,1000,0,0,,0,0,,0,0,boundary
182,7.25,-1.25,,1000,0,0,,0,0,,0,0,boundary
183,7.75,-1.25,,1000,0,0,,0,0,,0,0,boundary
184,8.25,-1.25,,1000,0,0,,0,0,,0,0,boundary
185,8.75,-1.25,,1000,0,0,,0,0,,0,0,boundary
186,9.25,-1.25,,1000,0,0,,0,0,,0,0,boundary
187,9.75,-1.25,,1000,0,0,,0,0,,0,0,boundary
188,10.25,-1.25,,1000,0,0,,0,0,,0,0,boundary
189,10.75,-1.25,,1000,0,0,,0,0,,0,0,boundary
190,11.25,-1.25,,1000,0,0,,0,0,,0,0,boundary
191,11.75,-1.25,,1000,0,0,,0,0,,0,0,boundary
192,12.25,-1.25,,1000,0,0,,0,0,,0,0,boundary
193,12.75,-1.25,,1000,0,0,,0,0,,0,0,boundary
194,13.25,-1.25,,1000,0,0,,0,0,,0,0,boundary
195,13.75,-1.25,,1000,0,0,,0,0,,0,0,boundary
196,14.25,-1.25,,1000,0,0,,0,0,,0,0,boundary
197,14.75,-1.25,,1000,0,0,,0,0,,0,0,boundary
198,15.25,-1.25,,1000,0,0,,0,0,,0,0,boundary
199,15.75,-1.25,,1000,0,0,,0,0,,0,0,boundary
200,16.25,-1.25,,1000,0,0,,0,0,,0,0,boundary
201,16.75,-1.25,,1000,0,0,,0,0,,0,0,boundary
202,17.25,-1.25,,1000,0,0,,0,0,,0,0,boundary
203,17.75,-1.25,,1000,0,0,,0,0,,0,0,boundary
204,18.25,-1.25,,1000,0,0,,0,0,,0,0,boundary
205,18.75,-1.25,,1000,0,0,,0,0,,0,0,boundary
206,19.25,-1.25,,1000,0,0,,0,0,,0,0,boundary
207,19.75,-1.25,,1000,0,0,,0,0,,0,0,boundary
208,20.25,-1.25,,1000,0,0,,0,0,,0,0,boundary
209,20.75,-1.25,,1000,0,0,,0,0,,0,0,boundary
210,21.25,-1.25,,1000,0,0,,0,0,,0,0,boundary
211,21.75,-1.25,,1000,0,0,,0,0,,0,0,boundary
212,22.25,-1.25,,1000,0,0,,0,0,,0,0,boundary
213,22.75,-1.25,,1000,0,0,,0,0,,0,0,boundary
214,23.25,-1.25,,1000,0,0,,0,0,,0,0,boundary
215,23.75,-1.25,,1000,0,0,,0,0,,0,0,boundary
216,24.25,-1.25,,1000,0,0,,0,0,,0,0,boundary
217,24.75,-1.25,,1000,0,0,,0,0,,0,0,boundary
218,25.25,-1.25,,1000,0,0,,0,0,,0,0,boundary
219,25.75,-1.25,,1000,0,0,,0,0,,0,0,boundary
220,26.25,-1.25,,1000,0,0,,0,0,,0,0,boundary
221,26.75,-1.25,,1000,0,0,,0,0,,0,0,boundary
222,27.25,-1.25,,1000,0,0,,0,0,,0,0,boundary
223,27.75,-1.25,,1000,0,0,,0,0,,0,0,boundary
224,28.25,-1.25,,1000,0,0,,0,0,,0,0,boundary
225,28.75,-1.25,,1000,0,0,,0,0,,0,0,boundary
226,29.25,-1.25,,1000,0,0,,0,0,,0,0,boundary
227,29.75,-1.25,,1000,0,0,,0,0,,0,0,boundary
228,30.25,-1.25,,1000,0,0,,0,0,,0,0,boundary
229,30.75,-1.25,,1000,0,0,,0,0,,0,0,boundary
230,31.25,-1.25,,1000,0,0,,0,0,,0,0,boundary
231,31.75,-1.25,,1000,0,0,,0,0,,0,0,boundary
232,32.25,-1.25,,1000,0,0,,0,0,,0,0,boundary
233,32.75,-1.25,,1000,0,0,,0,0,,0,0,boundary
234,33.25,-1.25,,1000,0,0,,0,0,,0,0,boundary
235,33.75,-1.25,,1000,0,0,,0,0,,0,0,boundary
236,34.25,-1.25,,1000,0,0,,0,0,,0,0,boundary
237,34.75,-1.25,,1000,0,0,,0,0,,0,0,boundary
238,35.25,-1.25,,1000,0,0,,0,0,,0,0,boundary
239,35.75,-1.25,,1000,0,0,,0,0,,0,0,boundary
240,36.25,-1.25,,1000,0,0,,0,0,,0,0,boundary
241,36.75,-1.25,,1000,0,0,,0,0,,0,0,boundary
242,37.25,-1.25,,1000,0,0,,0,0,,0,0,boundary
243,37.75,-1.25,,1000,0,0,,0,0,,0,0,boundary
244,38.25,-1.25,,1000,0,0,,0,0,,0,0,boundary
245,38.75,-1.25,,1000,0,0,,0,0,,0,0,boundary
246,39.25,-1.25,,1000,0,0,,0,0,,0,0,boundary
247,39.75,-1.25,,1000,0,0,,0,0,,0,0,boundary
248,40.25,-1.25,,1000,0,0,,0,0,,0,0,boundary
249,40.75,-1.25,,1000,0,0,,0,0,,0,0,boundary
250,41.25,-1.25,,1000,0,0,,0,0,,0,0,boundary
251,41.75,-1.25,,1000,0,0,,0,0,,0,0,boundary
252,0.25,-1.75,,1000,0,0,,0,0,,0,0,boundary
253,0.75,-1.75,,1000,0,0,,0,0,,0,0,boundary
254,1.25,-1.75,,1000,0,0,,0,0,,0,0,boundary
255,1.75,-1.75,,1000,0,0,,0,0,,0,0,boundary
256,2.25,-1.75,,1000,0,0,,0,0,,0,0,boundary
257,2.75,-1.75,,1000,0,0,,0,0,,0,0,boundary
258,3.25,-1.75,,1000,0,0,,0,0,,0,0,boundary
259,3.75,-1.75,,1000,0,0,,0,0,,0,0,boundary
260,4.25,-1.75,,1000,0,0,,0,0,,0,0,boundary
261,4.75,-1.75,,1000,0,0,,0,0,,0,0,boundary
262,5.25,-1.75,,1000,0,0,,0,0,,0,0,boundary
263,5.75,-1.75,,1000,0,0,,0,0,,0,0,boundary
264,6.25,-1.75,,1000,0,0,,0,0,,0,0,boundary
265,6.75,-1.75,,1000,0,0,,0,0,,0,0,boundary
266,7.25,-1.75,,1000,0,0,,0,0,,0,0,boundary
267,7.75,-1.75,,1000,0,0,,0,0,,0,0,boundary
268,8.25,-1.75,,1000,0,0,,0,0,,0,0,boundary
269,8.75,-1.75,,1000,0,0,,0,0,,0,0,boundary
270,9.25,-1.75,,1000,0,0,,0,0,,0,0,boundary
271,9.75,-1.75,,1000,0,0,,0,0,,0,0,boundary
272,10.25,-1.75,,1000,0,0,,0,0,,0,0,boundary
273,10.75,-1.75,,1000,0,0,,0,0,,0,0,boundary
274,11.25,-1.75,,1000,0,0,,0,0,,0,0,boundary
275,11.75,-1.75,,1000,0,0,,0,0,,0,0,boundary
276,12.25,-1.75,,1000,0,0,,0,0,,0,0,boundary
277,12.75,-1.75,,1000,0,0,,0,0,,0,0,boundary
278,13.25,-1.75,,1000,0,0,,0,0,,0,0,boundary
279,13.75,-1.75,,1000,0,0,,0,0,,0,0,boundary
280,14.25,-1.75,,1000,0,0,,0,0,,0,0,boundary
281,14.75,-1.75,,1000,0,0,,0,0,,0,0,boundary
282,15.25,-1.75,,1000,0,0,,0,0,,0,0,boundary
283,15.75,-1.75,,1000,0,0,,0,0,,0,0,boundary
284,16.25,-1.75,,1000,0,0,,0,0,,0,0,boundary
285,16.75,-1.75,,1000,0,0,,0,0,,0,0,boundary
286,17.25,-1.75,,1000,0,0,,0,0,,0,0,boundary
287,17.75,-1.75,,1000,0,0,,0,0,,0,0,boundary
288,18.25,-1.75,,1000,0,0,,0,0,,0,0,boundary
289,18.75,-1.75,,1000,0,0,,0,0,,0,0,boundary
290,19.25,-1.75,,1000,0,0,,0,0,,0,0,boundary
291,19.75,-1.75,,1000,0,0,,0,0,,0,0,boundary
292,20.25,-1.75,,1000,0,0,,0,0,,0,0,boundary
293,20.75,-1.75,,1000,0,0,,0,0,,0,0,boundary
294,21.25,-1.75,,1000,0,0,,0,0,,0,0,boundary
295,21.75,-1.75,,1000,0,0,,0,0,,0,0,boundary
296,22.25,-1.75,,1000,0,0,,0,0,,0,0,boundary
297,22.75,-1.75,,1000,0,0,,0,0,,0,0,boundary
298,23.25,-1.75,,1000,0,0,,0,0,,0,0,boundary
299,23.75,-1.75,,1000,0,0,,0,0,,0,0,boundary
300,24.25,-1.75,,1000,0,0,,0,0,,0,0,boundary
301,24.75,-1.75,,1000,0,0,,0,0,,0,0,boundary
302,25.25,-1.75,,1000,0,0,,0,0,,0,0,boundary
303,25.75,-1.75,,1000,0,0,,0,0,,0,0,boundary
304,26.25,-1.75,,1000,0,0,,0,0,,0,0,boundary
305,26.75,-1.75,,1000,0,0,,0,0,,0,0,boundary
306,27.25,-1.75,,1000,0,0,,0,0,,0,0,boundary
307,27.75,-1.75,,1000,0,0,,0,0,,0,0,boundary
308,28.25,-1.75,,1000,0,0,,0,0,,0,0,boundary
309,28.75,-1.75,,1000,0,0,,0,0,,0,0,boundary
310,29.25,-1.75,,1000,0,0,,0,0,,0,0,boundary
311,29.75,-1.75,,1000,0,0,,0,0,,0,0,boundary
312,30.25,-1.75,,1000,0,0,,0,0,,0,0,boundary
313,30.75,-1.75,,1000,0,0,,0,0,,0,0,boundary
314,31.25,-1.75,,1000,0,0,,0,0,,0,0,boundary
315,31.75,-1.75,,1000,0,0,,0,0,,0,0,boundary
316,32.25,-1.75,,1000,0,0,,0,0,,0,0,boundary
317,32.75,-1.75,,1000,0,0,,0,0,,0,0,boundary
318,33.25,-1.75,,1000,0,0,,0,0,,0,0,boundary
319,33.75,-1.75,,1000,0,0,,0,0,,0,0,boundary
320,34.25,-1.75,,1000,0,0,,0,0,,0,0,boundary
321,34.75,-1.75,,1000,0,0,,0,0,,0,0,boundary
322,35.25,-1.75,,1000,0,0,,0,0,,0,0,boundary
323,35.75,-1.75,,1000,0,0,,0,0,,0,0,boundary
324,36.25,-1.75,,1000,0,0,,0,0,,0,0,boundary
325,36.75,-1.75,,1000,0,0,,0,0,,0,0,boundary
326,37.25,-1.75,,1000,0,0,,0,0,,0,0,boundary
327,37.75,-1.75,,1000,0,0,,0,0,,0,0,boundary
328,38.25,-1.75,,1000,0,0,,0,0,,0,0,boundary
329,38.75,-1.75,,1000,0,0,,0,0,,0,0,boundary
330,39.25,-1.75,,1000,0,0,,0,0,,0,0,boundary
331,39.75,-1.75,,1000,0,0,,0,0,,0,0,boundary
332,40.25,-1.75,,1000,0,0,,0,0,,0,0,boundary
333,40.75,-1.75,,1000,0,0,,0,0,,0,0,boundary
334,41.25,-1.75,,1000,0,0,,0,0,,0,0,boundary
335,41.75,-1.75,,1000,0,0,,0,0,,0,0,boundary
336,40.25,0.25,,1000,0,0,,0,0,,0,0,boundary
337,40.25,0.75,,1000,0,0,,0,0,,0,0,boundary
338,40.25,1.25,,1000,0,0,,0,0,,0,0,boundary
339,40.25,1.75,,1000,0,0,,0,0,,0,0,boundary
340,40.25,2.25,,1000,0,0,,0,0,,0,0,boundary
341,40.25,2.75,,1000,0,0,,0,0,,0,0,boundary
342,40.25,3.25,,1000,0,0,,0,0,,0,0,boundary
343,40.25,3.75,,1000,0,0,,0,0,,0,0,boundary
344,40.25,4.25,,1000,0,0,,0,0,,0,0,boundary
345,40.25,4.75,,1000,0,0,,0,0,,0,0,boundary
346,40.25,5.25,,1000,0,0,,0,0,,0,0,boundary
347,40.25,5.75,,1000,0,0,,0,0,,0,0,boundary
348,40.25,6.25,,1000,0,0,,0,0,,0,0,boundary
349,40.25,6.75,,1000,0,0,,0,0,,0,0,boundary
350,40.25,7.25,,1000,0,0,,0,0,,0,0,boundary
351,40.25,7.75,,1000,0,0,,0,0,,0,0,boundary
352,40.25,8.25,,1000,0,0,,0,0,,0,0,boundary
353,40.25,8.75,,1000,0,0,,0,0,,0,0,boundary
354,40.25,9.25,,1000,0,0,,0,0,,0,0,boundary
355,40.25,9.75,,1000,0,0,,0,0,,0,0,boundary
356,40.75,0.25,,1000,0,0,,0,0,,0,0,boundary
357,40.75,0.75,,1000,0,0,,0,0,,0,0,boundary
358,40.75,1.25,,1000,0,0,,0,0,,0,0,boundary
359,40.75,1.75,,1000,0,0,,0,0,,0,0,boundary
360,40.75,2.25,,1000,0,0,,0,0,,0,0,boundary
361,40.75,2.75,,1000,0,0,,0,0,,0,0,boundary
362,40.75,3.25,,1000,0,0,,0,0,,0,0,boundary
363,40.75,3.75,,1000,0,0,,0,0,,0,0,boundary
364,40.75,4.25,,1000,0,0,,0,0,,0,0,boundary
365,40.75,4.75,,1000,0,0,,0,0,,0,0,boundary
366,40.75,5.25,,1000,0,0,,0,0,,0,0,boundary
367,40.75,5.75,,1000,0,0,,0,0,,0,0,boundary
368,40.75,6.25,,1000,0,0,,0,0,,0,0,boundary
369,40.75,6.75,,1000,0,0,,0,0,,0,0,boundary
370,40.75,7.25,,1000,0,0,,0,0,,0,0,boundary
371,40.75,7.75,,1000,0,0,,0,0,,0,0,boundary
372,40.75,8.25,,1000,0,0,,0,0,,0,0,boundary
373,40.75,8.75,,1000,0,0,,0,0,,0,0,boundary
374,40.75,9.25,,1000,0,0,,0,0,,0,0,boundary
375,40.75,9.75,,1000,0,0,,0,0,,0,0,boundary
376,41.25,0.25,,1000,0,0,,0,0,,0,0,boundary
377,41.25,0.75,,1000,0,0,,0,0,,0,0,boundary
378,41.25,1.25,,1000,0,0,,0,0,,0,0,boundary
379,41.25,1.75,,1000,0,0,,0,0,,0,0,boundary
380,41.25,2.25,,1000,0,0,,0,0,,0,0,boundary
381,41.25,2.75,,1000,0,0,,0,0,,0,0,boundary
382,41.25,3.25,,1000,0,0,,0,0,,0,0,boundary
383,41.25,3.75,,1000,0,0,,0,0,,0,0,boundary
384,41.25,4.25,,1000,0,0,,0,0,,0,0,boundary
385,41.25,4.75,,1000,0,0,,0,0,,0,0,boundary
386,41.25,5.25,,1000,0,0,,0,0,,0,0,boundary
387,41.25,5.75,,1000,0,0,,0,0,,0,0,boundary
388,41.25,6.25,,1000,0,0,,0,0,,0,0,boundary
389,41.25,6.75,,1000,0,0,,0,0,,0,0,boundary
390,41.25,7.25,,1000,0,0,,0,0,,0,0,boundary
391,41.25,7.75,,1000,0,0,,0,0,,0,0,boundary
392,41.25,8.25,,1000,0,0,,0,0,,0,0,boundary
393,41.25,8.75,,1000,0,0,,0,0,,0,0,boundary
394,41.25,9.25,,1000,0,0,,0,0,,0,0,boundary
395,41.25,9.75,,1000,0,0,,0,0,,0,0,boundary
396,41.75,0.25,,1000,0,0,,0,0,,0,0,boundary
397,41.75,0.75,,1000,0,0,,0,0,,0,0,boundary
398,41.75,1.25,,1000,0,0,,0,0,,0,0,boundary
399,41.75,1.75,,1000,0,0,,0,0,,0,0,boundary
400,41.75,2.25,,1000,0,0,,0,0,,0,0,boundary
401,41.75,2.75,,1000,0,0,,0,0,,0,0,boundary
402,41.75,3.25,,1000,0,0,,0,0,,0,0,boundary
403,41.75,3.75,,1000,0,0,,0,0,,0,0,boundary
404,41.75,4.25,,1000,0,0,,0,0,,0,0,boundary
405,41.75,4.75,,1000,0,0,,0,0,,0,0,boundary
406,41.75,5.25,,1000,0,0,,0,0,,0,0,boundary
407,41.75,5.75,,1000,0,0,,0,0,,0,0,boundary
408,41.75,6.25,,1000,0,0,,0,0,,0,0,boundary
409,41.75,6.75,,1000,0,0,,0,0,,0,0,boundary
410,41.75,7.25,,1000,0,0,,0,0,,0,0,boundary
411,41.75,7.75,,1000,0,0,,0,0,,0,0,boundary
412,41.75,8.25,,1000,0,0,,0,0,,0,0,boundary
413,41.75,8.75,,1000,0,0,,0,0,,0,0,boundary
414,41.75,9.25,,1000,0,0,,0,0,,0,0,boundary
415,41.75,9.75,,1000,0,0,,0,0,,0,0,boundary
416,nan,nan,,nan,nan,nan,,nan,nan,,nan,nan,fluid
417,nan,nan,,nan,nan,nan,,nan,nan,,nan,nan,fluid
418,nan,nan,,nan,nan,nan,,nan,nan,,nan,nan,fluid
419,nan,nan,,nan,nan,nan,,nan,nan,,nan,nan,fluid
420,nan,nan,,nan,nan,nan,,nan,nan,,nan,nan,fluid
421,nan,nan,,nan,nan,nan,,nan,nan,,nan,nan,fluid
422,nan,nan,,nan,nan,nan,,nan,nan,,nan,nan,fluid
423,nan,nan,,nan,nan,nan,,nan,nan,,nan,nan,fluid
424,nan,nan,,nan,nan,nan,,nan,nan,,nan,nan,fluid
425,nan,nan,,nan,nan,nan,,nan,nan,,nan,nan,fluid
426,nan,nan,,nan,nan,nan,,nan,nan,,nan,nan,fluid
427,nan,nan,,nan,nan,nan,,nan,nan,,nan,nan,fluid
428,nan,nan,,nan,nan,nan,,nan,nan,,nan,nan,fluid
429,nan,nan,,nan,nan,nan,,nan,nan,,nan,nan,fluid
430,nan,nan,,nan,nan,nan,,nan,nan,,nan,nan,fluid
431,nan,nan,,nan,nan,nan,,nan,nan,,nan,nan,fluid
432,nan,nan,,nan,nan,nan,,nan,nan,,nan,nan,fluid
433,nan,nan,,nan,nan,nan,,nan,nan,,nan,nan,fluid
434,nan,nan,,nan,nan,nan,,nan,nan,,nan,nan,fluid
435,nan,nan,,nan,nan,nan,,nan,nan,,nan,nan,fluid
436,nan,nan,,nan,nan,nan,,nan,nan,,nan,nan,fluid
437,nan,nan,,nan,nan,nan,,nan,nan,,nan,nan,fluid
438,nan,nan,,nan,nan,nan,,nan,nan,,nan,nan,fluid
439,nan,nan,,nan,nan,nan,,nan,nan,,nan,nan,fluid
440,nan,nan,,nan,nan,nan,,nan,nan,,nan,nan,fluid
441,nan,nan,,nan,nan,nan,,nan,nan,,nan,nan,fluid
442,nan,nan,,nan,nan,nan,,nan,nan,,nan,nan,fluid
443,nan,nan,,nan,nan,nan,,nan,nan,,nan,nan,fluid
444,nan,nan,,nan,nan,nan,,nan,nan,,nan,nan,fluid
445,nan,nan,,nan,nan,nan,,nan,nan,,nan,nan,fluid
446,nan,nan,,nan,nan,nan,,nan,nan,,nan,nan,fluid
447,nan,nan,,nan,nan,nan,,nan,nan,,nan,nan,fluid
448,nan,nan,,nan,nan,nan,,nan,nan,,nan,nan,fluid
449,nan,nan,,nan,nan,nan,,nan,nan,,nan,nan,fluid
450,nan,nan,,nan,nan,nan,,nan,nan,,nan,nan,fluid
451,nan,nan,,nan,nan,nan,,nan,nan,,nan,nan,fluid
452,nan,nan,,nan,nan,nan,,nan,nan,,nan,nan,fluid
453,nan,nan,,nan,nan,nan,,nan,nan,,nan,nan,fluid
454,nan,nan,,nan,nan,nan,,nan,nan,,nan,nan,fluid
455,nan,nan,,nan,nan,nan,,nan,nan,,nan,nan,fluid
456,nan,nan,,nan,nan,nan,,nan,nan,,nan,nan,fluid
457,nan,nan,,nan,nan,nan,,nan,nan,,nan,nan,fluid
458,nan,nan,,nan,nan,nan,,nan,nan,,nan,nan,fluid
459,nan,nan,,nan,nan,nan,,nan,nan,,nan,nan,fluid
460,nan,nan,,nan,nan,nan,,nan,nan,,nan,nan,fluid
461,nan,nan,,nan,nan,nan,,nan,nan,,nan,nan,fluid
462,nan,nan,,nan,nan,nan,,nan,nan,,nan,nan,fluid
463,nan,nan,,nan,nan,nan,,nan,nan,,nan,nan,fluid
464,nan,nan,,nan,nan,nan,,nan,nan,,nan,nan,fluid
465,nan,nan,,nan,nan,nan,,nan,nan,,nan,nan,fluid
466,nan,nan,,nan,nan,nan,,nan,nan,,nan,nan,fluid
467,nan,nan,,nan,nan,nan,,nan,nan,,nan,nan,fluid
468,nan,nan,,nan,nan,nan,,nan,nan,,nan,nan,fluid
469,nan,nan,,nan,nan,nan,,nan,nan,,nan,nan,fluid
470,nan,nan,,nan,nan,nan,,nan,nan,,nan,nan,fluid
471,nan,nan,,nan,nan,nan,,nan,nan,,nan,nan,fluid
472,nan,nan,,nan,nan,nan,,nan,nan,,nan,nan,fluid
473,nan,nan,,nan,nan,nan,,nan,nan,,nan,nan,fluid
474,nan,nan,,nan,nan,nan,,nan,nan,,nan,nan,fluid
475,nan,nan,,nan,nan,nan,,nan,nan,,nan,nan,fluid
476,nan,nan,,nan,nan,nan,,nan,nan,,nan,nan,fluid
477,nan,nan,,nan,nan,nan,,nan,nan,,nan,nan,fluid
478,nan,nan,,nan,nan,nan,,nan,nan,,nan,nan,fluid
479,nan,nan,,nan,nan,nan,,nan,nan,,nan,nan,fluid
480,nan,nan,,nan,nan,nan,,nan,nan,,nan,nan,fluid
481,nan,nan,,nan,nan,nan,,nan,nan,,nan,nan,fluid
482,nan,nan,,nan,nan,nan,,nan,nan,,nan,nan,fluid
483,nan,nan,,nan,nan,nan,,nan,nan,,nan,nan,fluid
484,nan,nan,,nan,nan,nan,,nan,nan,,nan,nan,fluid
485,nan,nan,,nan,nan,nan,,nan,nan,,nan,nan,fluid
486,nan,nan,,nan,nan,nan,,nan,nan,,nan,nan,fluid
487,nan,nan,,nan,nan,nan,,nan,nan,,nan,nan,fluid
488,nan,nan,,nan,nan,nan,,nan,nan,,nan,nan,fluid
489,nan,nan,,nan,nan,nan,,nan,nan,,nan,nan,fluid
490,nan,nan,,nan,nan,nan,,nan,nan,,nan,nan,fluid
491,nan,nan,,nan,nan,nan,,nan,nan,,nan,nan,fluid
492,nan,nan,,nan,nan,nan,,nan,nan,,nan,nan,fluid
493,nan,nan,,nan,nan,nan,,nan,nan,,nan,nan,fluid
494,nan,nan,,nan,nan,nan,,nan,nan,,nan,nan,fluid
495,nan,nan,,nan,nan,nan,,nan,nan,,nan,nan,fluid
496,nan,nan,,nan,nan,nan,,nan,nan,,nan,nan,fluid
497,nan,nan,,nan,nan,nan,,nan,nan,,nan,nan,fluid
498,nan,nan,,nan,nan,nan,,nan,nan,,nan,nan,fluid
499,nan,nan,,nan,nan,nan,,nan,nan,,nan,nan,fluid
500,nan,nan,,nan,nan,nan,,nan,nan,,nan,nan,fluid
501,nan,nan,,nan,nan,nan,,nan,nan,,nan,nan,fluid
502,nan,nan,,nan,nan,nan,,nan,nan,,nan,nan,fluid
503,nan,nan,,nan,nan,nan,,nan,nan,,nan,nan,fluid
504,nan,nan,,nan,nan,nan,,nan,nan,,nan,nan,fluid
505,nan,nan,,nan,nan,nan,,nan,nan,,nan,nan,fluid
506,nan,nan,,nan,nan,nan,,nan,nan,,nan,nan,fluid
507,nan,nan,,nan,nan,nan,,nan,nan,,nan,nan,fluid
508,nan,nan,,nan,nan,nan,,nan,nan,,nan,nan,fluid
509,nan,nan,,nan,nan,nan,,nan,nan,,nan,nan,fluid
510,nan,nan,,nan,nan,nan,,nan,nan,,nan,nan,fluid
511,nan,nan,,nan,nan,nan,,nan,nan,,nan,nan,fluid
512,nan,nan,,nan,nan,nan,,nan,nan,,nan,nan,fluid
513,nan,nan,,nan,nan,nan,,nan,nan,,nan,nan,fluid
514,nan,nan,,nan,nan,nan,,nan,nan,,nan,nan,fluid
515,nan,nan,,nan,nan,nan,,nan,nan,,nan,nan,fluid
516,nan,nan,,nan,nan,nan,,nan,nan,,nan,nan,fluid
517,nan,nan,,nan,nan,nan,,nan,nan,,nan,nan,fluid
518,nan,nan,,nan,nan,nan,,nan,nan,,nan,nan,fluid
519,nan,nan,,nan,nan,nan,,nan,nan,,nan,nan,fluid
520,nan,nan,,nan,nan,nan,,nan,nan,,nan,nan,fluid
521,nan,nan,,nan,nan,nan,,nan,nan,,nan,nan,fluid
522,nan,nan,,nan,nan,nan,,nan,nan,,nan,nan,fluid
523,nan,nan,,nan,nan,nan,,nan,nan,,nan,nan,fluid
524,nan,nan,,nan,nan,nan,,nan,nan,,nan,nan,fluid
525,nan,nan,,nan,nan,nan,,nan,nan,,nan,nan,fluid
526,nan,nan,,nan,nan,nan,,nan,nan,,nan,nan,fluid
527,nan,nan,,nan,nan,nan,,nan,nan,,nan,nan,fluid
528,nan,nan,,nan,nan,nan,,nan,nan,,nan,nan,fluid
529,nan,nan,,nan,nan,nan,,nan,nan,,nan,nan,fluid
530,nan,nan,,nan,nan,nan,,nan,nan,,nan,nan,fluid
531,nan,nan,,nan,nan,nan,,nan,nan,,nan,nan,fluid
532,nan,nan,,nan,nan,nan,,nan,nan,,nan,nan,fluid
533,nan,nan,,nan,nan,nan,,nan,nan,,nan,nan,fluid
534,nan,nan,,nan,nan,nan,,nan,nan,,nan,nan,fluid
535,nan,nan,,nan,nan,nan,,nan,nan,,nan,nan,fluid
536,nan,nan,,nan,nan,nan,,nan,nan,,nan,nan,fluid
537,nan,nan,,nan,nan,nan,,nan,nan,,nan,nan,fluid
538,nan,nan,,nan,nan,nan,,nan,nan,,nan,nan,fluid
539,nan,nan,,nan,nan,nan,,nan,nan,,nan,nan,fluid
540,nan,nan,,nan,nan,nan,,nan,nan,,nan,nan,fluid
541,nan,nan,,nan,nan,nan,,nan,nan,,nan,nan,fluid
542,nan,nan,,nan,nan,nan,,nan,nan,,nan,nan,fluid
543,nan,nan,,nan,nan,nan,,nan,nan,,nan,nan,fluid
544,nan,nan,,nan,nan,nan,,nan,nan,,nan,nan,fluid
545,nan,nan,,nan,nan,nan,,nan,nan,,nan,nan,fluid
546,nan,nan,,nan,nan,nan,,nan,nan,,nan,nan,fluid
547,nan,nan,,nan,nan,nan,,nan,nan,,nan,nan,fluid
548,nan,nan,,nan,nan,nan,,nan,nan,,nan,nan,fluid
549,nan,nan,,nan,nan,nan,,nan,nan,,nan,nan,fluid
550,nan,nan,,nan,nan,nan,,nan,nan,,nan,nan,fluid
551,nan,nan,,nan,nan,nan,,nan,nan,,nan,nan,fluid
552,nan,nan,,nan,nan,nan,,nan,nan,,nan,nan,fluid
553,nan,nan,,nan,nan,nan,,nan,nan,,nan,nan,fluid
554,nan,nan,,nan,nan,nan,,nan,nan,,nan,nan,fluid
555,nan,nan,,nan,nan,nan,,nan,nan,,nan,nan,fluid
556,nan,nan,,nan,nan,nan,,nan,nan,,nan,nan,fluid
557,nan,nan,,nan,nan,nan,,nan,nan,,nan,nan,fluid
558,nan,nan,,nan,nan,nan,,nan,nan,,nan,nan,fluid
559,nan,nan,,nan,nan,nan,,nan,nan,,nan,nan,fluid
560,nan,nan,,nan,nan,nan,,nan,nan,,nan,nan,fluid
561,nan,nan,,nan,nan,nan,,nan,nan,,nan,nan,fluid
562,nan,nan,,nan,nan,nan,,nan,nan,,nan,nan,fluid
563,nan,nan,,nan,nan,nan,,nan,nan,,nan,nan,fluid
564,nan,nan,,nan,nan,nan,,nan,nan,,nan,nan,fluid
565,nan,nan,,nan,nan,nan,,nan,nan,,nan,nan,fluid
566,nan,nan,,nan,nan,nan,,nan,nan,,nan,nan,fluid
567,nan,nan,,nan,nan,nan,,nan,nan,,nan,nan,fluid
568,nan,nan,,nan,nan,nan,,nan,nan,,nan,nan,fluid
569,nan,nan,,nan,nan,nan,,nan,nan,,nan,nan,fluid
570,nan,nan,,nan,nan,nan,,nan,nan,,nan,nan,fluid
571,nan,nan,,nan,nan,nan,,nan,nan,,nan,nan,fluid
572,nan,nan,,nan,nan,nan,,nan,nan,,nan,nan,fluid
573,nan,nan,,nan,nan,nan,,nan,nan,,nan,nan,fluid
574,nan,nan,,nan,nan,nan,,nan,nan,,nan,nan,fluid
575,nan,nan,,nan,nan,nan,,nan,nan,,nan,nan,fluid
576,nan,nan,,nan,nan,nan,,nan,nan,,nan,nan,fluid
577,nan,nan,,nan,nan,nan,,nan,nan,,nan,nan,fluid
578,nan,nan,,nan,nan,nan,,nan,nan,,nan,nan,fluid
579,nan,nan,,nan,nan,nan,,nan,nan,,nan,nan,fluid
580,nan,nan,,nan,nan,nan,,nan,nan,,nan,nan,fluid
581,nan,nan,,nan,nan,nan,,nan,nan,,nan,nan,fluid
582,nan,nan,,nan,nan,nan,,nan,nan,,nan,nan,fluid
583,nan,nan,,nan,nan,nan,,nan,nan,,nan,nan,fluid
584,nan,nan,,nan,nan,nan,,nan,nan,,nan,nan,fluid
585,nan,nan,,nan,nan,nan,,nan,nan,,nan,nan,fluid
586,nan,nan,,nan,nan,nan,,nan,nan,,nan,nan,fluid
587,nan,nan,,nan,nan,nan,,nan,nan,,nan,nan,fluid
588,nan,nan,,nan,nan,nan,,nan,nan,,nan,nan,fluid
589,nan,nan,,nan,nan,nan,,nan,nan,,nan,nan,fluid
590,nan,nan,,nan,nan,nan,,nan,nan,,nan,nan,fluid
591,nan,nan,,nan,nan,nan,,nan,nan,,nan,nan,fluid
592,nan,nan,,nan,nan,nan,,nan,nan,,nan,nan,fluid
593,nan,nan,,nan,nan,nan,,nan,nan,,nan,nan,fluid
594,nan,nan,,nan,nan,nan,,nan,nan,,nan,nan,fluid
595,nan,nan,,nan,nan,nan,,nan,nan,,nan,nan,fluid
596,nan,nan,,nan,nan,nan,,nan,nan,,nan,nan,fluid
597,nan,nan,,nan,nan,nan,,nan,nan,,nan,nan,fluid
598,nan,nan,,nan,nan,nan,,nan,nan,,nan,nan,fluid
599,nan,nan,,nan,nan,nan,,nan,nan,,nan,nan,fluid
600,nan,nan,,nan,nan,nan,,nan,nan,,nan,nan,fluid
601,nan,nan,,nan,nan,nan,,nan,nan,,nan,nan,fluid
602,nan,nan,,nan,nan,nan,,nan,nan,,nan,nan,fluid
603,nan,nan,,nan,nan,nan,,nan,nan,,nan,nan,fluid
604,nan,nan,,nan,nan,nan,,nan,nan,,nan,nan,fluid
605,nan,nan,,nan,nan,nan,,nan,nan,,nan,nan,fluid
606,nan,nan,,nan,nan,nan,,nan,nan,,nan,nan,fluid
607,nan,nan,,nan,nan,nan,,nan,nan,,nan,nan,fluid
608,nan,nan,,nan,nan,nan,,nan,nan,,nan,nan,fluid
609,nan,nan,,nan,nan,nan,,nan,nan,,nan,nan,fluid
610,nan,nan,,nan,nan,nan,,nan,nan,,nan,nan,fluid
611,nan,nan,,nan,nan,nan,,nan,nan,,nan,nan,fluid
612,nan,nan,,nan,nan,nan,,nan,nan,,nan,nan,fluid
613,nan,nan,,nan,nan,nan,,nan,nan,,nan,nan,fluid
614,nan,nan,,nan,nan,nan,,nan,nan,,nan,nan,fluid
615,nan,nan,,nan,nan,nan,,nan,nan,,nan,nan,fluid
616,nan,nan,,nan,nan,nan,,nan,nan,,nan,nan,fluid
617,nan,nan,,nan,nan,nan,,nan,nan,,nan,nan,fluid
618,nan,nan,,nan,nan,nan,,nan,nan,,nan,nan,fluid
619,nan,nan,,nan,nan,nan,,nan,nan,,nan,nan,fluid
620,nan,nan,,nan,nan,nan,,nan,nan,,nan,nan,fluid
621,nan,nan,,nan,nan,nan,,nan,nan,,nan,nan,fluid
622,nan,nan,,nan,nan,nan,,nan,nan,,nan,nan,fluid
623,nan,nan,,nan,nan,nan,,nan,nan,,nan,nan,fluid
624,nan,nan,,nan,nan,nan,,nan,nan,,nan,nan,fluid
625,nan,nan,,nan,nan,nan,,nan,nan,,nan,nan,fluid
626,nan,nan,,nan,nan,nan,,nan,nan,,nan,nan,fluid
627,nan,nan,,nan,nan,nan,,nan,nan,,nan,nan,fluid
628,nan,nan,,nan,nan,nan,,nan,nan,,nan,nan,fluid
629,nan,nan,,nan,nan,nan,,nan,nan,,nan,nan,fluid
630,nan,nan,,nan,nan,nan,,nan,nan,,nan,nan,fluid
631,nan,nan,,nan,nan,nan,,nan,nan,,nan,nan,fluid
632,nan,nan,,nan,nan,nan,,nan,nan,,nan,nan,fluid
633,nan,nan,,nan,nan,nan,,nan,nan,,nan,nan,fluid
634,nan,nan,,nan,nan,nan,,nan,nan,,nan,nan,fluid
635,nan,nan,,nan,nan,nan,,nan,nan,,nan,nan,fluid
636,nan,nan,,nan,nan,nan,,nan,nan,,nan,nan,fluid
637,nan,nan,,nan,nan,nan,,nan,nan,,nan,nan,fluid
638,nan,nan,,nan,nan,nan,,nan,nan,,nan,nan,fluid
639,nan,nan,,nan,nan,nan,,nan,nan,,nan,nan,fluid
640,nan,nan,,nan,nan,nan,,nan,nan,,nan,nan,fluid
641,nan,nan,,nan,nan,nan,,nan,nan,,nan,nan,fluid
642,nan,nan,,nan,nan,nan,,nan,nan,,nan,nan,fluid
643,nan,nan,,nan,nan,nan,,nan,nan,,nan,nan,fluid
644,nan,nan,,nan,nan,nan,,nan,nan,,nan,nan,fluid
645,nan,nan,,nan,nan,nan,,nan,nan,,nan,nan,fluid
646,nan,nan,,nan,nan,nan,,nan,nan,,nan,nan,fluid
647,nan,nan,,nan,nan,nan,,nan,nan,,nan,nan,fluid
648,nan,nan,,nan,nan,nan,,nan,nan,,nan,nan,fluid
649,nan,nan,,nan,nan,nan,,nan,nan,,nan,nan,fluid
650,nan,nan,,nan,nan,nan,,nan,nan,,nan,nan,fluid
651,nan,nan,,nan,nan,nan,,nan,nan,,nan,nan,fluid
652,nan,nan,,nan,nan,nan,,nan,nan,,nan,nan,fluid
653,nan,nan,,nan,nan,nan,,nan,nan,,nan,nan,fluid
654,nan,nan,,nan,nan,nan,,nan,nan,,nan,nan,fluid
655,nan,nan,,nan,nan,nan,,nan,nan,,nan,nan,fluid
656,nan,nan,,nan,nan,nan,,nan,nan,,nan,nan,fluid
657,nan,nan,,nan,nan,nan,,nan,nan,,nan,nan,fluid
658,nan,nan,,nan,nan,nan,,nan,nan,,nan,nan,fluid
659,nan,nan,,nan,nan,nan,,nan,nan,,nan,nan,fluid
660,nan,nan,,nan,nan,nan,,nan,nan,,nan,nan,fluid
661,nan,nan,,nan,nan,nan,,nan,nan,,nan,nan,fluid
662,nan,nan,,nan,nan,nan,,nan,nan,,nan,nan,fluid
663,nan,nan,,nan,nan,nan,,nan,nan,,nan,nan,fluid
664,nan,nan,,nan,nan,nan,,nan,nan,,nan,nan,fluid
665,nan,nan,,nan,nan,nan,,nan,nan,,nan,nan,fluid
666,nan,nan,,nan,nan,nan,,nan,nan,,nan,nan,fluid
667,nan,nan,,nan,nan,nan,,nan,nan,,nan,nan,fluid
668,nan,nan,,nan,nan,nan,,nan,nan,,nan,nan,fluid
669,nan,nan,,nan,nan,nan,,nan,nan,,nan,nan,fluid
670,nan,nan,,nan,nan,nan,,nan,nan,,nan,nan,fluid
671,nan,nan,,nan,nan,nan,,nan,nan,,nan,nan,fluid
672,nan,nan,,nan,nan,nan,,nan,nan,,nan,nan,fluid
673,nan,nan,,nan,nan,nan,,nan,nan,,nan,nan,fluid
674,nan,nan,,nan,nan,nan,,nan,nan,,nan,nan,fluid
675,nan,nan,,nan,nan,nan,,nan,nan,,nan,nan,fluid
676,nan,nan,,nan,nan,nan,,nan,nan,,nan,nan,fluid
677,nan,nan,,nan,nan,nan,,nan,nan,,nan,nan,fluid
678,nan,nan,,nan,nan,nan,,nan,nan,,nan,nan,fluid
679,nan,nan,,nan,nan,nan,,nan,nan,,nan,nan,fluid
680,nan,nan,,nan,nan,nan,,nan,nan,,nan,nan,fluid
681,nan,nan,,nan,nan,nan,,nan,nan,,nan,nan,fluid
682,nan,nan,,nan,nan,nan,,nan,nan,,nan,nan,fluid
683,nan,nan,,nan,nan,nan,,nan,nan,,nan,nan,fluid
684,nan,nan,,nan,nan,nan,,nan,nan,,nan,nan,fluid
685,nan,nan,,nan,nan,nan,,nan,nan,,nan,nan,fluid
686,nan,nan,,nan,nan,nan,,nan,nan,,nan,nan,fluid
687,nan,nan,,nan,nan,nan,,nan,nan,,nan,nan,fluid
688,nan,nan,,nan,nan,nan,,nan,nan,,nan,nan,fluid
689,nan,nan,,nan,nan,nan,,nan,nan,,nan,nan,fluid
690,nan,nan,,nan,nan,nan,,nan,nan,,nan,nan,fluid
691,nan,nan,,nan,nan,nan,,nan,nan,,nan,nan,fluid
692,nan,nan,,nan,nan,nan,,nan,nan,,nan,nan,fluid
693,nan,nan,,nan,nan,nan,,nan,nan,,nan,nan,fluid
694,nan,nan,,nan,nan,nan,,nan,nan,,nan,nan,fluid
695,nan,nan,,nan,nan,nan,,nan,nan,,nan,nan,fluid
696,nan,nan,,nan,nan,nan,,nan,nan,,nan,nan,fluid
697,nan,nan,,nan,nan,nan,,nan,nan,,nan,nan,fluid
698,nan,nan,,nan,nan,nan,,nan,nan,,nan,nan,fluid
699,nan,nan,,nan,nan,nan,,nan,nan,,nan,nan,fluid
700,nan,nan,,nan,nan,nan,,nan,nan,,nan,nan,fluid
701,nan,nan,,nan,nan,nan,,nan,nan,,nan,nan,fluid
702,nan,nan,,nan,nan,nan,,nan,nan,,nan,nan,fluid
703,nan,nan,,nan,nan,nan,,nan,nan,,nan,nan,fluid
704,nan,nan,,nan,nan,nan,,nan,nan,,nan,nan,fluid
705,nan,nan,,nan,nan,nan,,nan,nan,,nan,nan,fluid
706,nan,nan,,nan,nan,nan,,nan,nan,,nan,nan,fluid
707,nan,nan,,nan,nan,nan,,nan,nan,,nan,nan,fluid
708,nan,nan,,nan,nan,nan,,nan,nan,,nan,nan,fluid
709,nan,nan,,nan,nan,nan,,nan,nan,,nan,nan,fluid
710,nan,nan,,nan,nan,nan,,nan,nan,,nan,nan,fluid
711,nan,nan,,nan,nan,nan,,nan,nan,,nan,nan,fluid
712,nan,nan,,nan,nan,nan,,nan,nan,,nan,nan,fluid
713,nan,nan,,nan,nan,nan,,nan,nan,,nan,nan,fluid
714,nan,nan,,nan,nan,nan,,nan,nan,,nan,nan,fluid
715,nan,nan,,nan,nan,nan,,nan,nan,,nan,nan,fluid
716,nan,nan,,nan,nan,nan,,nan,nan,,nan,nan,fluid
717,nan,nan,,nan,nan,nan,,nan,nan,,nan,nan,fluid
718,nan,nan,,nan,nan,nan,,nan,nan,,nan,nan,fluid
719,nan,nan,,nan,nan,nan,,nan,nan,,nan,nan,fluid
720,nan,nan,,nan,nan,nan,,nan,nan,,nan,nan,fluid
721,nan,nan,,nan,nan,nan,,nan,nan,,nan,nan,fluid
722,nan,nan,,nan,nan,nan,,nan,nan,,nan,nan,fluid
723,nan,nan,,nan,nan,nan,,nan,nan,,nan,nan,fluid
724,nan,nan,,nan,nan,nan,,nan,nan,,nan,nan,fluid
725,nan,nan,,nan,nan,nan,,nan,nan,,nan,nan,fluid
726,nan,nan,,nan,nan,nan,,nan,nan,,nan,nan,fluid
727,nan,nan,,nan,nan,nan,,nan,nan,,nan,nan,fluid
728,nan,nan,,nan,nan,nan,,nan,nan,,nan,nan,fluid
729,nan,nan,,nan,nan,nan,,nan,nan,,nan,nan,fluid
730,nan,nan,,nan,nan,nan,,nan,nan,,nan,nan,fluid
731,nan,nan,,nan,nan,nan,,nan,nan,,nan,nan,fluid
732,nan,nan,,nan,nan,nan,,nan,nan,,nan,nan,fluid
733,nan,nan,,nan,nan,nan,,nan,nan,,nan,nan,fluid
734,nan,nan,,nan,nan,nan,,nan,nan,,nan,nan,fluid
735,nan,nan,,nan,nan,nan,,nan,nan,,nan,nan,fluid
736,nan,nan,,nan,nan,nan,,nan,nan,,nan,nan,fluid
737,nan,nan,,nan,nan,nan,,nan,nan,,nan,nan,fluid
738,nan,nan,,nan,nan,nan,,nan,nan,,nan,nan,fluid
739,nan,nan,,nan,nan,nan,,nan,nan,,nan,nan,fluid
740,nan,nan,,nan,nan,nan,,nan,nan,,nan,nan,fluid
741,nan,nan,,nan,nan,nan,,nan,nan,,nan,nan,fluid
742,nan,nan,,nan,nan,nan,,nan,nan,,nan,nan,fluid
743,nan,nan,,nan,nan,nan,,nan,nan,,nan,nan,fluid
744,nan,nan,,nan,nan,nan,,nan,nan,,nan,nan,fluid
745,nan,nan,,nan,nan,nan,,nan,nan,,nan,nan,fluid
746,nan,nan,,nan,nan,nan,,nan,nan,,nan,nan,fluid
747,nan,nan,,nan,nan,nan,,nan,nan,,nan,nan,fluid
748,nan,nan,,nan,nan,nan,,nan,nan,,nan,nan,fluid
749,nan,nan,,nan,nan,nan,,nan,nan,,nan,nan,fluid
750,nan,nan,,nan,nan,nan,,nan,nan,,nan,nan,fluid
751,nan,nan,,nan,nan,nan,,nan,nan,,nan,nan,fluid
752,nan,nan,,nan,nan,nan,,nan,nan,,nan,nan,fluid
753,nan,nan,,nan,nan,nan,,nan,nan,,nan,nan,fluid
754,nan,nan,,nan,nan,nan,,nan,nan,,nan,nan,fluid
755,nan,nan,,nan,nan,nan,,nan,nan,,nan,nan,fluid
756,nan,nan,,nan,nan,nan,,nan,nan,,nan,nan,fluid
757,nan,nan,,nan,nan,nan,,nan,nan,,nan,nan,fluid
758,nan,nan,,nan,nan,nan,,nan,nan,,nan,nan,fluid
759,nan,nan,,nan,nan,nan,,nan,nan,,nan,nan,fluid
760,nan,nan,,nan,nan,nan,,nan,nan,,nan,nan,fluid
761,nan,nan,,nan,nan,nan,,nan,nan,,nan,nan,fluid
762,nan,nan,,nan,nan,nan,,nan,nan,,nan,nan,fluid
763,nan,nan,,nan,nan,nan,,nan,nan,,nan,nan,fluid
764,nan,nan,,nan,nan,nan,,nan,nan,,nan,nan,fluid
765,nan,nan,,nan,nan,nan,,nan,nan,,nan,nan,fluid
766,nan,nan,,nan,nan,nan,,nan,nan,,nan,nan,fluid
767,nan,nan,,nan,nan,nan,,nan,nan,,nan,nan,fluid
768,nan,nan,,nan,nan,nan,,nan,nan,,nan,nan,fluid
769,nan,nan,,nan,nan,nan,,nan,nan,,nan,nan,fluid
770,nan,nan,,nan,nan,nan,,nan,nan,,nan,nan,fluid
771,nan,nan,,nan,nan,nan,,nan,nan,,nan,nan,fluid
772,nan,nan,,nan,nan,nan,,nan,nan,,nan,nan,fluid
773,nan,nan,,nan,nan,nan,,nan,nan,,nan,nan,fluid
774,nan,nan,,nan,nan,nan,,nan,nan,,nan,nan,fluid
775,nan,nan,,nan,nan,nan,,nan,nan,,nan,nan,fluid
776,nan,nan,,nan,nan,nan,,nan,nan,,nan,nan,fluid
777,nan,nan,,nan,nan,nan,,nan,nan,,nan,nan,fluid
778,nan,nan,,nan,nan,nan,,nan,nan,,nan,nan,fluid
779,nan,nan,,nan,nan,nan,,nan,nan,,nan,nan,fluid
780,nan,nan,,nan,nan,nan,,nan,nan,,nan,nan,fluid
781,nan,nan,,nan,nan,nan,,nan,nan,,nan,nan,fluid
782,nan,nan,,nan,nan,nan,,nan,nan,,nan,nan,fluid
783,nan,nan,,nan,nan,nan,,nan,nan,,nan,nan,fluid
784,nan,nan,,nan,nan,nan,,nan,nan,,nan,nan,fluid
785,nan,nan,,nan,nan,nan,,nan,nan,,nan,nan,fluid
786,nan,nan,,nan,nan,nan,,nan,nan,,nan,nan,fluid
787,nan,nan,,nan,nan,nan,,nan,nan,,nan,nan,fluid
788,nan,nan,,nan,nan,nan,,nan,nan,,nan,nan,fluid
789,nan,nan,,nan,nan,nan,,nan,nan,,nan,nan,fluid
790,nan,nan,,nan,nan,nan,,nan,nan,,nan,nan,fluid
791,nan,nan,,nan,nan,nan,,nan,nan,,nan,nan,fluid
792,nan,nan,,nan,nan,nan,,nan,nan,,nan,nan,fluid
793,nan,nan,,nan,nan,nan,,nan,nan,,nan,nan,fluid
794,nan,nan,,nan,nan,nan,,nan,nan,,nan,nan,fluid
795,nan,nan,,nan,nan,nan,,nan,nan,,nan,nan,fluid
796,nan,nan,,nan,nan,nan,,nan,nan,,nan,nan,fluid
797,nan,nan,,nan,nan,nan,,nan,nan,,nan,nan,fluid
798,nan,nan,,nan,nan,nan,,nan,nan,,nan,nan,fluid
799,nan,nan,,nan,nan,nan,,nan,nan,,nan,nan,fluid
800,nan,nan,,nan,nan,nan,,nan,nan,,nan,nan,fluid
801,nan,nan,,nan,nan,nan,,nan,nan,,nan,nan,fluid
802,nan,nan,,nan,nan,nan,,nan,nan,,nan,nan,fluid
803,nan,nan,,nan,nan,nan,,nan,nan,,nan,nan,fluid
804,nan,nan,,nan,nan,nan,,nan,nan,,nan,nan,fluid
805,nan,nan,,nan,nan,nan,,nan,nan,,nan,nan,fluid
806,nan,nan,,nan,nan,nan,,nan,nan,,nan,nan,fluid
807,nan,nan,,nan,nan,nan,,nan,nan,,nan,nan,fluid
808,nan,nan,,nan,nan,nan,,nan,nan,,nan,nan,fluid
809,nan,nan,,nan,nan,nan,,nan,nan,,nan,nan,fluid
810,nan,nan,,nan,nan,nan,,nan,nan,,nan,nan,fluid
811,nan,nan,,nan,nan,nan,,nan,nan,,nan,nan,fluid
812,nan,nan,,nan,nan,nan,,nan,nan,,nan,nan,fluid
813,nan,nan,,nan,nan,nan,,nan,nan,,nan,nan,fluid
814,nan,nan,,nan,nan,nan,,nan,nan,,nan,nan,fluid
815,nan,nan,,nan,nan,nan,,nan,nan,,nan,nan,fluid
816,nan,nan,,nan,nan,nan,,nan,nan,,nan,nan,fluid
817,nan,nan,,nan,nan,nan,,nan,nan,,nan,nan,fluid
818,nan,nan,,nan,nan,nan,,nan,nan,,nan,nan,fluid
819,nan,nan,,nan,nan,nan,,nan,nan,,nan,nan,fluid
820,nan,nan,,nan,nan,nan,,nan,nan,,nan,nan,fluid
821,nan,nan,,nan,nan,nan,,nan,nan,,nan,nan,fluid
822,nan,nan,,nan,nan,nan,,nan,nan,,nan,nan,fluid
823,nan,nan,,nan,nan,nan,,nan,nan,,nan,nan,fluid
824,nan,nan,,nan,nan,nan,,nan,nan,,nan,nan,fluid
825,nan,nan,,nan,nan,nan,,nan,nan,,nan,nan,fluid
826,nan,nan,,nan,nan,nan,,nan,nan,,nan,nan,fluid
827,nan,nan,,nan,nan,nan,,nan,nan,,nan,nan,fluid
828,nan,nan,,nan,nan,nan,,nan,nan,,nan,nan,fluid
829,nan,nan,,nan,nan,nan,,nan,nan,,nan,nan,fluid
830,nan,nan,,nan,nan,nan,,nan,nan,,nan,nan,fluid
831,nan,nan,,nan,nan,nan,,nan,nan,,nan,nan,fluid
832,nan,nan,,nan,nan,nan,,nan,nan,,nan,nan,fluid
833,nan,nan,,nan,nan,nan,,nan,nan,,nan,nan,fluid
834,nan,nan,,nan,nan,nan,,nan,nan,,nan,nan,fluid
835,nan,nan,,nan,nan,nan,,nan,nan,,nan,nan,fluid
836,nan,nan,,nan,nan,nan,,nan,nan,,nan,nan,fluid
837,nan,nan,,nan,nan,nan,,nan,nan,,nan,nan,fluid
838,nan,nan,,nan,nan,nan,,nan,nan,,nan,nan,fluid
839,nan,nan,,nan,nan,nan,,nan,nan,,nan,nan,fluid
840,nan,nan,,nan,nan,nan,,nan,nan,,nan,nan,fluid
841,nan,nan,,nan,nan,nan,,nan,nan,,nan,nan,fluid
842,nan,nan,,nan,nan,nan,,nan,nan,,nan,nan,fluid
843,nan,nan,,nan,nan,nan,,nan,nan,,nan,nan,fluid
844,nan,nan,,nan,nan,nan,,nan,nan,,nan,nan,fluid
845,nan,nan,,nan,nan,nan,,nan,nan,,nan,nan,fluid
846,nan,nan,,nan,nan,nan,,nan,nan,,nan,nan,fluid
847,nan,nan,,nan,nan,nan,,nan,nan,,nan,nan,fluid
848,nan,nan,,nan,nan,nan,,nan,nan,,nan,nan,fluid
849,nan,nan,,nan,nan,nan,,nan,nan,,nan,nan,fluid
850,nan,nan,,nan,nan,nan,,nan,nan,,nan,nan,fluid
851,nan,nan,,nan,nan,nan,,nan,nan,,nan,nan,fluid
852,nan,nan,,nan,nan,nan,,nan,nan,,nan,nan,fluid
853,nan,nan,,nan,nan,nan,,nan,nan,,nan,nan,fluid
854,nan,nan,,nan,nan,nan,,nan,nan,,nan,nan,fluid
855,nan,nan,,nan,nan,nan,,nan,nan,,nan,nan,fluid
856,nan,nan,,nan,nan,nan,,nan,nan,,nan,nan,fluid
857,nan,nan,,nan,nan,nan,,nan,nan,,nan,nan,fluid
858,nan,nan,,nan,nan,nan,,nan,nan,,nan,nan,fluid
859,nan,nan,,nan,nan,nan,,nan,nan,,nan,nan,fluid
860,nan,nan,,nan,nan,nan,,nan,nan,,nan,nan,fluid
861,nan,nan,,nan,nan,nan,,nan,nan,,nan,nan,fluid
862,nan,nan,,nan,nan,nan,,nan,nan,,nan,nan,fluid
863,nan,nan,,nan,nan,nan,,nan,nan,,nan,nan,fluid
864,nan,nan,,nan,nan,nan,,nan,nan,,nan,nan,fluid
865,nan,nan,,nan,nan,nan,,nan,nan,,nan,nan,fluid
866,nan,nan,,nan,nan,nan,,nan,nan,,nan,nan,fluid
867,nan,nan,,nan,nan,nan,,nan,nan,,nan,nan,fluid
868,nan,nan,,nan,nan,nan,,nan,nan,,nan,nan,fluid
869,nan,nan,,nan,nan,nan,,nan,nan,,nan,nan,fluid
870,nan,nan,,nan,nan,nan,,nan,nan,,nan,nan,fluid
871,nan,nan,,nan,nan,nan,,nan,nan,,nan,nan,fluid
872,nan,nan,,nan,nan,nan,,nan,nan,,nan,nan,fluid
873,nan,nan,,nan,nan,nan,,nan,nan,,nan,nan,fluid
874,nan,nan,,nan,nan,nan,,nan,nan,,nan,nan,fluid
875,nan,nan,,nan,nan,nan,,nan,nan,,nan,nan,fluid
876,nan,nan,,nan,nan,nan,,nan,nan,,nan,nan,fluid
877,nan,nan,,nan,nan,nan,,nan,nan,,nan,nan,fluid
878,nan,nan,,nan,nan,nan,,nan,nan,,nan,nan,fluid
879,nan,nan,,nan,nan,nan,,nan,nan,,nan,nan,fluid
880,nan,nan,,nan,nan,nan,,nan,nan,,nan,nan,fluid
881,nan,nan,,nan,nan,nan,,nan,nan,,nan,nan,fluid
882,nan,nan,,nan,nan,nan,,nan,nan,,nan,nan,fluid
883,nan,nan,,nan,nan,nan,,nan,nan,,nan,nan,fluid
884,nan,nan,,nan,nan,nan,,nan,nan,,nan,nan,fluid
885,nan,nan,,nan,nan,nan,,nan,nan,,nan,nan,fluid
886,nan,nan,,nan,nan,nan,,nan,nan,,nan,nan,fluid
887,nan,nan,,nan,nan,nan,,nan,nan,,nan,nan,fluid
888,nan,nan,,nan,nan,nan,,nan,nan,,nan,nan,fluid
889,nan,nan,,nan,nan,nan,,nan,nan,,nan,nan,fluid
890,nan,nan,,nan,nan,nan,,nan,nan,,nan,nan,fluid
891,nan,nan,,nan,nan,nan,,nan,nan,,nan,nan,fluid
892,nan,nan,,nan,nan,nan,,nan,nan,,nan,nan,fluid
893,nan,nan,,nan,nan,nan,,nan,nan,,nan,nan,fluid
894,nan,nan,,nan,nan,nan,,nan,nan,,nan,nan,fluid
895,nan,nan,,nan,nan,nan,,nan,nan,,nan,nan,fluid
896,nan,nan,,nan,nan,nan,,nan,nan,,nan,nan,fluid
897,nan,nan,,nan,nan,nan,,nan,nan,,nan,nan,fluid
898,nan,nan,,nan,nan,nan,,nan,nan,,nan,nan,fluid
899,nan,nan,,nan,nan,nan,,nan,nan,,nan,nan,fluid
900,nan,nan,,nan,nan,nan,,nan,nan,,nan,nan,fluid
901,nan,nan,,nan,nan,nan,,nan,nan,,nan,nan,fluid
902,nan,nan,,nan,nan,nan,,nan,nan,,nan,nan,fluid
903,nan,nan,,nan,nan,nan,,nan,nan,,nan,nan,fluid
904,nan,nan,,nan,nan,nan,,nan,nan,,nan,nan,fluid
905,nan,nan,,nan,nan,nan,,nan,nan,,nan,nan,fluid
906,nan,nan,,nan,nan,nan,,nan,nan,,nan,nan,fluid
907,nan,nan,,nan,nan,nan,,nan,nan,,nan,nan,fluid
908,nan,nan,,nan,nan,nan,,nan,nan,,nan,nan,fluid
909,nan,nan,,nan,nan,nan,,nan,nan,,nan,nan,fluid
910,nan,nan,,nan,nan,nan,,nan,nan,,nan,nan,fluid
911,nan,nan,,nan,nan,nan,,nan,nan,,nan,nan,fluid
912,nan,nan,,nan,nan,nan,,nan,nan,,nan,nan,fluid
913,nan,nan,,nan,nan,nan,,nan,nan,,nan,nan,fluid
914,nan,nan,,nan,nan,nan,,nan,nan,,nan,nan,fluid
915,nan,nan,,nan,nan,nan,,nan,nan,,nan,nan,fluid
916,nan,nan,,nan,nan,nan,,nan,nan,,nan,nan,fluid
917,nan,nan,,nan,nan,nan,,nan,nan,,nan,nan,fluid
918,nan,nan,,nan,nan,nan,,nan,nan,,nan,nan,fluid
919,nan,nan,,nan,nan,nan,,nan,nan,,nan,nan,fluid
920,nan,nan,,nan,nan,nan,,nan,nan,,nan,nan,fluid
921,nan,nan,,nan,nan,nan,,nan,nan,,nan,nan,fluid
922,nan,nan,,nan,nan,nan,,nan,nan,,nan,nan,fluid
923,nan,nan,,nan,nan,nan,,nan,nan,,nan,nan,fluid
924,nan,nan,,nan,nan,nan,,nan,nan,,nan,nan,fluid
925,nan,nan,,nan,nan,nan,,nan,nan,,nan,nan,fluid
926,nan,nan,,nan,nan,nan,,nan,nan,,nan,nan,fluid
927,nan,nan,,nan,nan,nan,,nan,nan,,nan,nan,fluid
928,nan,nan,,nan,nan,nan,,nan,nan,,nan,nan,fluid
929,nan,nan,,nan,nan,nan,,nan,nan,,nan,nan,fluid
930,nan,nan,,nan,nan,nan,,nan,nan,,nan,nan,fluid
931,nan,nan,,nan,nan,nan,,nan,nan,,nan,nan,fluid
932,nan,nan,,nan,nan,nan,,nan,nan,,nan,nan,fluid
933,nan,nan,,nan,nan,nan,,nan,nan,,nan,nan,fluid
934,nan,nan,,nan,nan,nan,,nan,nan,,nan,nan,fluid
935,nan,nan,,nan,nan,nan,,nan,nan,,nan,nan,fluid
936,nan,nan,,nan,nan,nan,,nan,nan,,nan,nan,fluid
937,nan,nan,,nan,nan,nan,,nan,nan,,nan,nan,fluid
938,nan,nan,,nan,nan,nan,,nan,nan,,nan,nan,fluid
939,nan,nan,,nan,nan,nan,,nan,nan,,nan,nan,fluid
940,nan,nan,,nan,nan,nan,,nan,nan,,nan,nan,fluid
941,nan,nan,,nan,nan,nan,,nan,nan,,nan,nan,fluid
942,nan,nan,,nan,nan,nan,,nan,nan,,nan,nan,fluid
943,nan,nan,,nan,nan,nan,,nan,nan,,nan,nan,fluid
944,nan,nan,,nan,nan,nan,,nan,nan,,nan,nan,fluid
945,nan,nan,,nan,nan,nan,,nan,nan,,nan,nan,fluid
946,nan,nan,,nan,nan,nan,,nan,nan,,nan,nan,fluid
947,nan,nan,,nan,nan,nan,,nan,nan,,nan,nan,fluid
948,nan,nan,,nan,nan,nan,,nan,nan,,nan,nan,fluid
949,nan,nan,,nan,nan,nan,,nan,nan,,nan,nan,fluid
950,nan,nan,,nan,nan,nan,,nan,nan,,nan,nan,fluid
951,nan,nan,,nan,nan,nan,,nan,nan,,nan,nan,fluid
952,nan,nan,,nan,nan,nan,,nan,nan,,nan,nan,fluid
953,nan,nan,,nan,nan,nan,,nan,nan,,nan,nan,fluid
954,nan,nan,,nan,nan,nan,,nan,nan,,nan,nan,fluid
955,nan,nan,,nan,nan,nan,,nan,nan,,nan,nan,fluid
956,nan,nan,,nan,nan,nan,,nan,nan,,nan,nan,fluid
957,nan,nan,,nan,nan,nan,,nan,nan,,nan,nan,fluid
958,nan,nan,,nan,nan,nan,,nan,nan,,nan,nan,fluid
959,nan,nan,,nan,nan,nan,,nan,nan,,nan,nan,fluid
960,nan,nan,,nan,nan,nan,,nan,nan,,nan,nan,fluid
961,nan,nan,,nan,nan,nan,,nan,nan,,nan,nan,fluid
962,nan,nan,,nan,nan,nan,,nan,nan,,nan,nan,fluid
963,nan,nan,,nan,nan,nan,,nan,nan,,nan,nan,fluid
964,nan,nan,,nan,nan,nan,,nan,nan,,nan,nan,fluid
965,nan,nan,,nan,nan,nan,,nan,nan,,nan,nan,fluid
966,nan,nan,,nan,nan,nan,,nan,nan,,nan,nan,fluid
967,nan,nan,,nan,nan,nan,,nan,nan,,nan,nan,fluid
968,nan,nan,,nan,nan,nan,,nan,nan,,nan,nan,fluid
969,nan,nan,,nan,nan,nan,,nan,nan,,nan,nan,fluid
970,nan,nan,,nan,nan,nan,,nan,nan,,nan,nan,fluid
971,nan,nan,,nan,nan,nan,,nan,nan,,nan,nan,fluid
972,nan,nan,,nan,nan,nan,,nan,nan,,nan,nan,fluid
973,nan,nan,,nan,nan,nan,,nan,nan,,nan,nan,fluid
974,nan,nan,,nan,nan,nan,,nan,nan,,nan,nan,fluid
975,nan,nan,,nan,nan,nan,,nan,nan,,nan,nan,fluid
976,nan,nan,,nan,nan,nan,,nan,nan,,nan,nan,fluid
977,nan,nan,,nan,nan,nan,,nan,nan,,nan,nan,fluid
978,nan,nan,,nan,nan,nan,,nan,nan,,nan,nan,fluid
979,nan,nan,,nan,nan,nan,,nan,nan,,nan,nan,fluid
980,nan,nan,,nan,nan,nan,,nan,nan,,nan,nan,fluid
981,nan,nan,,nan,nan,nan,,nan,nan,,nan,nan,fluid
982,nan,nan,,nan,nan,nan,,nan,nan,,nan,nan,fluid
983,nan,nan,,nan,nan,nan,,nan,nan,,nan,nan,fluid
984,nan,nan,,nan,nan,nan,,nan,nan,,nan,nan,fluid
985,nan,nan,,nan,nan,nan,,nan,nan,,nan,nan,fluid
986,nan,nan,,nan,nan,nan,,nan,nan,,nan,nan,fluid
987,nan,nan,,nan,nan,nan,,nan,nan,,nan,nan,fluid
988,nan,nan,,nan,nan,nan,,nan,nan,,nan,nan,fluid
989,nan,nan,,nan,nan,nan,,nan,nan,,nan,nan,fluid
990,nan,nan,,nan,nan,nan,,nan,nan,,nan,nan,fluid
991,nan,nan,,nan,nan,nan,,nan,nan,,nan,nan,fluid
992,nan,nan,,nan,nan,nan,,nan,nan,,nan,nan,fluid
993,nan,nan,,nan,nan,nan,,nan,nan,,nan,nan,fluid
994,nan,nan,,nan,nan,nan,,nan,nan,,nan,nan,fluid
995,nan,nan,,nan,nan,nan,,nan,nan,,nan,nan,fluid
996,nan,nan,,nan,nan,nan,,nan,nan,,nan,nan,fluid
997,nan,nan,,nan,nan,nan,,nan,nan,,nan,nan,fluid
998,nan,nan,,nan,nan,nan,,nan,nan,,nan,nan,fluid
999,nan,nan,,nan,nan,nan,,nan,nan,,nan,nan,fluid
1000,nan,nan,,nan,nan,nan,,nan,nan,,nan,nan,fluid
1001,nan,nan,,nan,nan,nan,,nan,nan,,nan,nan,fluid
1002,nan,nan,,nan,nan,nan,,nan,nan,,nan,nan,fluid
1003,nan,nan,,nan,nan,nan,,nan,nan,,nan,nan,fluid
1004,nan,nan,,nan,nan,nan,,nan,nan,,nan,nan,fluid
1005,nan,nan,,nan,nan,nan,,nan,nan,,nan,nan,fluid
1006,nan,nan,,nan,nan,nan,,nan,nan,,nan,nan,fluid
1007,nan,nan,,nan,nan,nan,,nan,nan,,nan,nan,fluid
1008,nan,nan,,nan,nan,nan,,nan,nan,,nan,nan,fluid
1009,nan,nan,,nan,nan,nan,,nan,nan,,nan,nan,fluid
1010,nan,nan,,nan,nan,nan,,nan,nan,,nan,nan,fluid
1011,nan,nan,,nan,nan,nan,,nan,nan,,nan,nan,fluid
1012,nan,nan,,nan,nan,nan,,nan,nan,,nan,nan,fluid
1013,nan,nan,,nan,nan,nan,,nan,nan,,nan,nan,fluid
1014,nan,nan,,nan,nan,nan,,nan,nan,,nan,nan,fluid
1015,nan,nan,,nan,nan,nan,,nan,nan,,nan,nan,fluid
1016,nan,nan,,nan,nan,nan,,nan,nan,,nan,nan,fluid
1017,nan,nan,,nan,nan,nan,,nan,nan,,nan,nan,fluid
1018,nan,nan,,nan,nan,nan,,nan,nan,,nan,nan,fluid
1019,nan,nan,,nan,nan,nan,,nan,nan,,nan,nan,fluid
1020,nan,nan,,nan,nan,nan,,nan,nan,,nan,nan,fluid
1021,nan,nan,,nan,nan,nan,,nan,nan,,nan,nan,fluid
1022,nan,nan,,nan,nan,nan,,nan,nan,,nan,nan,fluid
1023,nan,nan,,nan,nan,nan,,nan,nan,,nan,nan,fluid
1024,nan,nan,,nan,nan,nan,,nan,nan,,nan,nan,fluid
1025,nan,nan,,nan,nan,nan,,nan,nan,,nan,nan,fluid
1026,nan,nan,,nan,nan,nan,,nan,nan,,nan,nan,fluid
1027,nan,nan,,nan,nan,nan,,nan,nan,,nan,nan,fluid
1028,nan,nan,,nan,nan,nan,,nan,nan,,nan,nan,fluid
1029,nan,nan,,nan,nan,nan,,nan,nan,,nan,nan,fluid
1030,nan,nan,,nan,nan,nan,,nan,nan,,nan,nan,fluid
1031,nan,nan,,nan,nan,nan,,nan,nan,,nan,nan,fluid
1032,nan,nan,,nan,nan,nan,,nan,nan,,nan,nan,fluid
1033,nan,nan,,nan,nan,nan,,nan,nan,,nan,nan,fluid
1034,nan,nan,,nan,nan,nan,,nan,nan,,nan,nan,fluid
1035,nan,nan,,nan,nan,nan,,nan,nan,,nan,nan,fluid
1036,nan,nan,,nan,nan,nan,,nan,nan,,nan,nan,fluid
1037,nan,nan,,nan,nan,nan,,nan,nan,,nan,nan,fluid
1038,nan,nan,,nan,nan,nan,,nan,nan,,nan,nan,fluid
1039,nan,nan,,nan,nan,nan,,nan,nan,,nan,nan,fluid
1040,nan,nan,,nan,nan,nan,,nan,nan,,nan,nan,fluid
1041,nan,nan,,nan,nan,nan,,nan,nan,,nan,nan,fluid
1042,nan,nan,,nan,nan,nan,,nan,nan,,nan,nan,fluid
1043,nan,nan,,nan,nan,nan,,nan,nan,,nan,nan,fluid
1044,nan,nan,,nan,nan,nan,,nan,nan,,nan,nan,fluid
1045,nan,nan,,nan,nan,nan,,nan,nan,,nan,nan,fluid
1046,nan,nan,,nan,nan,nan,,nan,nan,,nan,nan,fluid
1047,nan,nan,,nan,nan,nan,,nan,nan,,nan,nan,fluid
1048,nan,nan,,nan,nan,nan,,nan,nan,,nan,nan,fluid
1049,nan,nan,,nan,nan,nan,,nan,nan,,nan,nan,fluid
1050,nan,nan,,nan,nan,nan,,nan,nan,,nan,nan,fluid
1051,nan,nan,,nan,nan,nan,,nan,nan,,nan,nan,fluid
1052,nan,nan,,nan,nan,nan,,nan,nan,,nan,nan,fluid
1053,nan,nan,,nan,nan,nan,,nan,nan,,nan,nan,fluid
1054,nan,nan,,nan,nan,nan,,nan,nan,,nan,nan,fluid
1055,nan,nan,,nan,nan,nan,,nan,nan,,nan,nan,fluid
