h/dp :,2
L2norm Pressure,KE,dp,Nparticles
36767.3,89360.6,0.5,448

t,25.77
ID,x,y,,rho,drhodt,pressure,,u,v,,dudt,dvdt,type
0,-1.25,-0.25,,1004.54,0,36155.4,,0,0,,0,0,boundary
1,-0.75,-0.25,,1004.62,0,36724.9,,0,0,,0,0,boundary
2,-0.25,-0.25,,1004.67,0,37191.3,,0,0,,0,0,boundary
3,0.25,-0.25,,1004.71,0,37451.5,,0,0,,0,0,boundary
4,0.75,-0.25,,1004.72,0,37565.3,,0,0,,0,0,boundary
5,1.25,-0.25,,1004.74,0,37712.4,,0,0,,0,0,boundary
6,1.75,-0.25,,1004.78,0,38044,,0,0,,0,0,boundary
7,2.25,-0.25,,1004.85,0,38592.2,,0,0,,0,0,boundary
8,2.75,-0.25,,1004.93,0,39241.1,,0,0,,0,0,boundary
9,3.25,-0.25,,1005,0,39809.6,,0,0,,0,0,boundary
10,3.75,-0.25,,1005.04,0,40158,,0,0,,0,0,boundary
11,4.25,-0.25,,1005.11,0,40688.2,,0,0,,0,0,boundary
12,4.75,-0.25,,1005.21,0,41567.5,,0,0,,0,0,boundary
13,5.25,-0.25,,1005.32,0,42441.8,,0,0,,0,0,boundary
14,5.75,-0.25,,1005.43,0,43307.8,,0,0,,0,0,boundary
15,6.25,-0.25,,1005.55,0,44298.9,,0,0,,0,0,boundary
16,6.75,-0.25,,1005.68,0,45306.3,,0,0,,0,0,boundary
17,7.25,-0.25,,1005.78,0,46185.8,,0,0,,0,0,boundary
18,7.75,-0.25,,1005.87,0,46858,,0,0,,0,0,boundary
19,8.25,-0.25,,1005.92,0,47254.2,,0,0,,0,0,boundary
20,8.75,-0.25,,1005.98,0,47752.8,,0,0,,0,0,boundary
21,9.25,-0.25,,1006.06,0,48444.3,,0,0,,0,0,boundary
22,9.75,-0.25,,1006.13,0,48973.8,,0,0,,0,0,boundary
23,10.25,-0.25,,1006.19,0,49454.9,,0,0,,0,0,boundary
24,10.75,-0.25,,1006.23,0,49853,,0,0,,0,0,boundary
25,11.25,-0.25,,1006.27,0,50111.3,,0,0,,0,0,boundary
26,11.75,-0.25,,1006.31,0,50485.9,,0,0,,0,0,boundary
27,12.25,-0.25,,1006.37,0,50978.8,,0,0,,0,0,boundary
28,12.75,-0.25,,1006.41,0,51271.7,,0,0,,0,0,boundary
29,13.25,-0.25,,1006.42,0,51402.4,,0,0,,0,0,boundary
30,13.75,-0.25,,1006.44,0,51502.6,,0,0,,0,0,boundary
31,14.25,-0.25,,1006.42,0,51389.6,,0,0,,0,0,boundary
32,14.75,-0.25,,1006.4,0,51196.6,,0,0,,0,0,boundary
33,15.25,-0.25,,1006.36,0,50911.4,,0,0,,0,0,boundary
34,15.75,-0.25,,1006.33,0,50623,,0,0,,0,0,boundary
35,16.25,-0.25,,1006.3,0,50383.6,,0,0,,0,0,boundary
36,16.75,-0.25,,1006.26,0,50057.7,,0,0,,0,0,boundary
37,17.25,-0.25,,1006.21,0,49629.8,,0,0,,0,0,boundary
38,17.75,-0.25,,1006.14,0,49095.6,,0,0,,0,0,boundary
39,18.25,-0.25,,1006.07,0,48501,,0,0,,0,0,boundary
40,18.75,-0.25,,1006.03,0,48160.2,,0,0,,0,0,boundary
41,19.25,-0.25,,1006,0,47903.8,,0,0,,0,0,boundary
42,19.75,-0.25,,1005.95,0,47504.5,,0,0,,0,0,boundary
43,20.25,-0.25,,1005.91,0,47200.4,,0,0,,0,0,boundary
44,20.75,-0.25,,1005.86,0,46841.9,,0,0,,0,0,boundary
45,21.25,-0.25,,1005.8,0,46289.8,,0,0,,0,0,boundary
46,21.75,-0.25,,1005.73,0,45719,,0,0,,0,0,boundary
47,22.25,-0.25,,1005.67,0,45254.1,,0,0,,0,0,boundary
48,22.75,-0.25,,1005.63,0,44945.8,,0,0,,0,0,boundary
49,23.25,-0.25,,1005.58,0,44560.3,,0,0,,0,0,boundary
50,23.75,-0.25,,1005.54,0,44220,,0,0,,0,0,boundary
51,24.25,-0.25,,1005.5,0,43903.8,,0,0,,0,0,boundary
52,24.75,-0.25,,1005.44,0,43397.9,,0,0,,0,0,boundary
53,25.25,-0.25,,1005.38,0,42911.6,,0,0,,0,0,boundary
54,25.75,-0.25,,1005.36,0,42751.1,,0,0,,0,0,boundary
55,26.25,-0.25,,1005.34,0,42575.1,,0,0,,0,0,boundary
56,-1.25,-0.75,,1005.19,0,41382.7,,0,0,,0,0,boundary
57,-0.75,-0.75,,1005.22,0,41604,,0,0,,0,0,boundary
58,-0.25,-0.75,,1005.25,0,41845.1,,0,0,,0,0,boundary
59,0.25,-0.75,,1005.29,0,42140.9,,0,0,,0,0,boundary
60,0.75,-0.75,,1005.34,0,42555.1,,0,0,,0,0,boundary
61,1.25,-0.75,,1005.39,0,42967.5,,0,0,,0,0,boundary
62,1.75,-0.75,,1005.44,0,43394.6,,0,0,,0,0,boundary
63,2.25,-0.75,,1005.5,0,43868.7,,0,0,,0,0,boundary
64,2.75,-0.75,,1005.55,0,44276.7,,0,0,,0,0,boundary
65,3.25,-0.75,,1005.6,0,44704,,0,0,,0,0,boundary
66,3.75,-0.75,,1005.67,0,45248,,0,0,,0,0,boundary
67,4.25,-0.75,,1005.75,0,45920.8,,0,0,,0,0,boundary
68,4.75,-0.75,,1005.86,0,46768.8,,0,0,,0,0,boundary
69,5.25,-0.75,,1005.96,0,47644.6,,0,0,,0,0,boundary
70,5.75,-0.75,,1006.06,0,48440.3,,0,0,,0,0,boundary
71,6.25,-0.75,,1006.18,0,49422.3,,0,0,,0,0,boundary
72,6.75,-0.75,,1006.31,0,50462,,0,0,,0,0,boundary
73,7.25,-0.75,,1006.41,0,51320.3,,0,0,,0,0,boundary
74,7.75,-0.75,,1006.49,0,51950.4,,0,0,,0,0,boundary
75,8.25,-0.75,,1006.54,0,52327.9,,0,0,,0,0,boundary
76,8.75,-0.75,,1006.59,0,52790.8,,0,0,,0,0,boundary
77,9.25,-0.75,,1006.67,0,53406.8,,0,0,,0,0,boundary
78,9.75,-0.75,,1006.74,0,53939.8,,0,0,,0,0,boundary
79,10.25,-0.75,,1006.78,0,54317.9,,0,0,,0,0,boundary
80,10.75,-0.75,,1006.83,0,54753,,0,0,,0,0,boundary
81,11.25,-0.75,,1006.88,0,55129.2,,0,0,,0,0,boundary
82,11.75,-0.75,,1006.93,0,55530.2,,0,0,,0,0,boundary
83,12.25,-0.75,,1006.99,0,55999.5,,0,0,,0,0,boundary
84,12.75,-0.75,,1007.02,0,56252.6,,0,0,,0,0,boundary
85,13.25,-0.75,,1007.03,0,56329.6,,0,0,,0,0,boundary
86,13.75,-0.75,,1007.03,0,56383.5,,0,0,,0,0,boundary
87,14.25,-0.75,,1007.03,0,56317.2,,0,0,,0,0,boundary
88,14.75,-0.75,,1007.01,0,56170.5,,0,0,,0,0,boundary
89,15.25,-0.75,,1006.96,0,55812.6,,0,0,,0,0,boundary
90,15.75,-0.75,,1006.93,0,55509.4,,0,0,,0,0,boundary
91,16.25,-0.75,,1006.89,0,55241.1,,0,0,,0,0,boundary
92,16.75,-0.75,,1006.85,0,54854.7,,0,0,,0,0,boundary
93,17.25,-0.75,,1006.78,0,54297,,0,0,,0,0,boundary
94,17.75,-0.75,,1006.69,0,53587.5,,0,0,,0,0,boundary
95,18.25,-0.75,,1006.61,0,52954.7,,0,0,,0,0,boundary
96,18.75,-0.75,,1006.58,0,52642.6,,0,0,,0,0,boundary
97,19.25,-0.75,,1006.53,0,52250.8,,0,0,,0,0,boundary
98,19.75,-0.75,,1006.45,0,51640,,0,0,,0,0,boundary
99,20.25,-0.75,,1006.4,0,51194.8,,0,0,,0,0,boundary
100,20.75,-0.75,,1006.37,0,50971.2,,0,0,,0,0,boundary
101,21.25,-0.75,,1006.31,0,50500.8,,0,0,,0,0,boundary
102,21.75,-0.75,,1006.24,0,49900.5,,0,0,,0,0,boundary
103,22.25,-0.75,,1006.19,0,49498.8,,0,0,,0,0,boundary
104,22.75,-0.75,,1006.16,0,49208.7,,0,0,,0,0,boundary
105,23.25,-0.75,,1006.07,0,48551.7,,0,0,,0,0,boundary
106,23.75,-0.75,,1005.99,0,47897.7,,0,0,,0,0,boundary
107,24.25,-0.75,,1005.93,0,47399.6,,0,0,,0,0,boundary
108,24.75,-0.75,,1005.85,0,46753.4,,0,0,,0,0,boundary
109,25.25,-0.75,,1005.81,0,46390.8,,0,0,,0,0,boundary
110,25.75,-0.75,,1005.8,0,46291.5,,0,0,,0,0,boundary
111,26.25,-0.75,,1005.8,0,46342.2,,0,0,,0,0,boundary
112,-1.25,-1.25,,1005.91,0,47209.1,,0,0,,0,0,boundary
113,-0.75,-1.25,,1005.9,0,47115.3,,0,0,,0,0,boundary
114,-0.25,-1.25,,1005.85,0,46744.7,,0,0,,0,0,boundary
115,0.25,-1.25,,1005.87,0,46881.2,,0,0,,0,0,boundary
116,0.75,-1.25,,1005.97,0,47691.7,,0,0,,0,0,boundary
117,1.25,-1.25,,1006.07,0,48527.9,,0,0,,0,0,boundary
118,1.75,-1.25,,1006.14,0,49105.9,,0,0,,0,0,boundary
119,2.25,-1.25,,1006.19,0,49455.2,,0,0,,0,0,boundary
120,2.75,-1.25,,1006.21,0,49683.1,,0,0,,0,0,boundary
121,3.25,-1.25,,1006.24,0,49872.9,,0,0,,0,0,boundary
122,3.75,-1.25,,1006.32,0,50529.8,,0,0,,0,0,boundary
123,4.25,-1.25,,1006.45,0,51611.6,,0,0,,0,0,boundary
124,4.75,-1.25,,1006.56,0,52511.9,,0,0,,0,0,boundary
125,5.25,-1.25,,1006.64,0,53162.8,,0,0,,0,0,boundary
126,5.75,-1.25,,1006.73,0,53868.1,,0,0,,0,0,boundary
127,6.25,-1.25,,1006.84,0,54793.9,,0,0,,0,0,boundary
128,6.75,-1.25,,1006.95,0,55663.6,,0,0,,0,0,boundary
129,7.25,-1.25,,1007.03,0,56369,,0,0,,0,0,boundary
130,7.75,-1.25,,1007.11,0,56963.1,,0,0,,0,0,boundary
131,8.25,-1.25,,1007.16,0,57435.9,,0,0,,0,0,boundary
132,8.75,-1.25,,1007.22,0,57933.6,,0,0,,0,0,boundary
133,9.25,-1.25,,1007.31,0,58604.2,,0,0,,0,0,boundary
134,9.75,-1.25,,1007.4,0,59375,,0,0,,0,0,boundary
135,10.25,-1.25,,1007.47,0,59994.7,,0,0,,0,0,boundary
136,10.75,-1.25,,1007.52,0,60375.2,,0,0,,0,0,boundary
137,11.25,-1.25,,1007.54,0,60498.2,,0,0,,0,0,boundary
138,11.75,-1.25,,1007.56,0,60712.6,,0,0,,0,0,boundary
139,12.25,-1.25,,1007.6,0,61019.4,,0,0,,0,0,boundary
140,12.75,-1.25,,1007.63,0,61270.1,,0,0,,0,0,boundary
141,13.25,-1.25,,1007.65,0,61424.7,,0,0,,0,0,boundary
142,13.75,-1.25,,1007.64,0,61355.1,,0,0,,0,0,boundary
143,14.25,-1.25,,1007.62,0,61154,,0,0,,0,0,boundary
144,14.75,-1.25,,1007.59,0,60953,,0,0,,0,0,boundary
145,15.25,-1.25,,1007.59,0,60904.1,,0,0,,0,0,boundary
146,15.75,-1.25,,1007.56,0,60715.1,,0,0,,0,0,boundary
147,16.25,-1.25,,1007.5,0,60197,,0,0,,0,0,boundary
148,16.75,-1.25,,1007.43,0,59622.8,,0,0,,0,0,boundary
149,17.25,-1.25,,1007.35,0,58981.5,,0,0,,0,0,boundary
150,17.75,-1.25,,1007.25,0,58134.1,,0,0,,0,0,boundary
151,18.25,-1.25,,1007.15,0,57329.2,,0,0,,0,0,boundary
152,18.75,-1.25,,1007.1,0,56937.1,,0,0,,0,0,boundary
153,19.25,-1.25,,1007.04,0,56462.9,,0,0,,0,0,boundary
154,19.75,-1.25,,1006.94,0,55621.2,,0,0,,0,0,boundary
155,20.25,-1.25,,1006.86,0,54993.9,,0,0,,0,0,boundary
156,20.75,-1.25,,1006.82,0,54642,,0,0,,0,0,boundary
157,21.25,-1.25,,1006.76,0,54155.5,,0,0,,0,0,boundary
158,21.75,-1.25,,1006.67,0,53433.8,,0,0,,0,0,boundary
159,22.25,-1.25,,1006.6,0,52872.8,,0,0,,0,0,boundary
160,22.75,-1.25,,1006.53,0,52244.7,,0,0,,0,0,boundary
161,23.25,-1.25,,1006.46,0,51727.6,,0,0,,0,0,boundary
162,23.75,-1.25,,1006.42,0,51389.1,,0,0,,0,0,boundary
163,24.25,-1.25,,1006.41,0,51276.7,,0,0,,0,0,boundary
164,24.75,-1.25,,1006.37,0,50941.7,,0,0,,0,0,boundary
165,25.25,-1.25,,1006.34,0,50734.4,,0,0,,0,0,boundary
166,25.75,-1.25,,1006.29,0,50284.7,,0,0,,0,0,boundary
167,26.25,-1.25,,1006.26,0,50073.9,,0,0,,0,0,boundary
168,-0.25,0.25,,1004.19,0,33285.7,,0,0,,0,0,boundary
169,-0.25,0.75,,1003.69,0,29285.1,,0,0,,0,0,boundary
170,-0.25,1.25,,1003.19,0,25308.2,,0,0,,0,0,boundary
171,-0.25,1.75,,1002.75,0,21756,,0,0,,0,0,boundary
172,-0.25,2.25,,1002.23,0,17589.1,,0,0,,0,0,boundary
173,-0.25,2.75,,1001.43,0,11309.1,,0,0,,0,0,boundary
174,-0.25,3.25,,1000.53,0,4198.7,,0,0,,0,0,boundary
175,-0.25,3.75,,1000.73,0,5757.84,,0,0,,0,0,boundary
176,-0.25,4.25,,1000.66,0,5162.74,,0,0,,0,0,boundary
177,-0.25,4.75,,1000.65,0,5117.92,,0,0,,0,0,boundary
178,-0.25,5.25,,1000.64,0,5036.75,,0,0,,0,0,boundary
179,-0.25,5.75,,1000,0,0,,0,0,,0,0,boundary
180,-0.25,6.25,,1000,0,0,,0,0,,0,0,boundary
181,-0.25,6.75,,1000,0,0,,0,0,,0,0,boundary
182,-0.25,7.25,,1000,0,0,,0,0,,0,0,boundary
183,-0.25,7.75,,1000,0,0,,0,0,,0,0,boundary
184,-0.25,8.25,,1000,0,0,,0,0,,0,0,boundary
185,-0.25,8.75,,1000,0,0,,0,0,,0,0,boundary
186,-0.25,9.25,,1000,0,0,,0,0,,0,0,boundary
187,-0.25,9.75,,1000,0,0,,0,0,,0,0,boundary
188,-0.75,0.25,,1004.14,0,32917.6,,0,0,,0,0,boundary
189,-0.75,0.75,,1003.65,0,28938.6,,0,0,,0,0,boundary
190,-0.75,1.25,,1003.16,0,25015.6,,0,0,,0,0,boundary
191,-0.75,1.75,,1002.69,0,21312,,0,0,,0,0,boundary
192,-0.75,2.25,,1002.13,0,16858,,0,0,,0,0,boundary
193,-0.75,2.75,,1001.31,0,10293.4,,0,0,,0,0,boundary
194,-0.75,3.25,,1000.5,0,3919.98,,0,0,,0,0,boundary
195,-0.75,3.75,,999.871,0,-1014.35,,0,0,,0,0,boundary
196,-0.75,4.25,,1000.64,0,5045.38,,0,0,,0,0,boundary
197,-0.75,4.75,,1000.62,0,4910.96,,0,0,,0,0,boundary
198,-0.75,5.25,,1000.6,0,4711.68,,0,0,,0,0,boundary
199,-0.75,5.75,,1000,0,0,,0,0,,0,0,boundary
200,-0.75,6.25,,1000,0,0,,0,0,,0,0,boundary
201,-0.75,6.75,,1000,0,0,,0,0,,0,0,boundary
202,-0.75,7.25,,1000,0,0,,0,0,,0,0,boundary
203,-0.75,7.75,,1000,0,0,,0,0,,0,0,boundary
204,-0.75,8.25,,1000,0,0,,0,0,,0,0,boundary
205,-0.75,8.75,,1000,0,0,,0,0,,0,0,boundary
206,-0.75,9.25,,1000,0,0,,0,0,,0,0,boundary
207,-0.75,9.75,,1000,0,0,,0,0,,0,0,boundary
208,-1.25,0.25,,1004.08,0,32443.4,,0,0,,0,0,boundary
209,-1.25,0.75,,1003.61,0,28628.3,,0,0,,0,0,boundary
210,-1.25,1.25,,1003.09,0,24509.4,,0,0,,0,0,boundary
211,-1.25,1.75,,1002.62,0,20686.8,,0,0,,0,0,boundary
212,-1.25,2.25,,1002.12,0,16748.6,,0,0,,0,0,boundary
213,-1.25,2.75,,1001.38,0,10855.6,,0,0,,0,0,boundary
214,-1.25,3.25,,1000.51,0,4006.1,,0,0,,0,0,boundary
215,-1.25,3.75,,999.908,0,-719.669,,0,0,,0,0,boundary
216,-1.25,4.25,,1000.65,0,5113.66,,0,0,,0,0,boundary
217,-1.25,4.75,,1000.62,0,4903.47,,0,0,,0,0,boundary
218,-1.25,5.25,,1000.62,0,4884.9,,0,0,,0,0,boundary
219,-1.25,5.75,,1000,0,0,,0,0,,0,0,boundary
220,-1.25,6.25,,1000,0,0,,0,0,,0,0,boundary
221,-1.25,6.75,,1000,0,0,,0,0,,0,0,boundary
222,-1.25,7.25,,1000,0,0,,0,0,,0,0,boundary
223,-1.25,7.75,,1000,0,0,,0,0,,0,0,boundary
224,-1.25,8.25,,1000,0,0,,0,0,,0,0,boundary
225,-1.25,8.75,,1000,0,0,,0,0,,0,0,boundary
226,-1.25,9.25,,1000,0,0,,0,0,,0,0,boundary
227,-1.25,9.75,,1000,0,0,,0,0,,0,0,boundary
228,25.25,0.25,,1004.87,0,38748.5,,0,0,,0,0,boundary
229,25.25,0.75,,1004.38,0,34846.7,,0,0,,0,0,boundary
230,25.25,1.25,,1003.94,0,31287.8,,0,0,,0,0,boundary
231,25.25,1.75,,1003.43,0,27180.4,,0,0,,0,0,boundary
232,25.25,2.25,,1003,0,23791.9,,0,0,,0,0,boundary
233,25.25,2.75,,1002.81,0,22212.9,,0,0,,0,0,boundary
234,25.25,3.25,,1002.52,0,19917.9,,0,0,,0,0,boundary
235,25.25,3.75,,1002.26,0,17838.8,,0,0,,0,0,boundary
236,25.25,4.25,,1002.01,0,15863,,0,0,,0,0,boundary
237,25.25,4.75,,1001.33,0,10467,,0,0,,0,0,boundary
238,25.25,5.25,,1000.88,0,6933.32,,0,0,,0,0,boundary
239,25.25,5.75,,1000.61,0,4781.32,,0,0,,0,0,boundary
240,25.25,6.25,,1000.47,0,3668.67,,0,0,,0,0,boundary
241,25.25,6.75,,1000.37,0,2895.94,,0,0,,0,0,boundary
242,25.25,7.25,,1000.36,0,2856.13,,0,0,,0,0,boundary
243,25.25,7.75,,1000,0,0,,0,0,,0,0,boundary
244,25.25,8.25,,1000,0,0,,0,0,,0,0,boundary
245,25.25,8.75,,1000,0,0,,0,0,,0,0,boundary
246,25.25,9.25,,1000,0,0,,0,0,,0,0,boundary
247,25.25,9.75,,1000,0,0,,0,0,,0,0,boundary
248,25.75,0.25,,1004.84,0,38568,,0,0,,0,0,boundary
249,25.75,0.75,,1004.34,0,34485.6,,0,0,,0,0,boundary
250,25.75,1.25,,1003.87,0,30738.8,,0,0,,0,0,boundary
251,25.75,1.75,,1003.36,0,26630.3,,0,0,,0,0,boundary
252,25.75,2.25,,1002.91,0,23077,,0,0,,0,0,boundary
253,25.75,2.75,,1002.63,0,20830.2,,0,0,,0,0,boundary
254,25.75,3.25,,1002.26,0,17818.6,,0,0,,0,0,boundary
255,25.75,3.75,,1001.85,0,14616.8,,0,0,,0,0,boundary
256,25.75,4.25,,1001.86,0,14661.3,,0,0,,0,0,boundary
257,25.75,4.75,,1001.38,0,10872.5,,0,0,,0,0,boundary
258,25.75,5.25,,1000.68,0,5330.82,,0,0,,0,0,boundary
259,25.75,5.75,,1000.56,0,4411.39,,0,0,,0,0,boundary
260,25.75,6.25,,1000.42,0,3277.77,,0,0,,0,0,boundary
261,25.75,6.75,,1000.34,0,2685.97,,0,0,,0,0,boundary
262,25.75,7.25,,1000.36,0,2856.13,,0,0,,0,0,boundary
263,25.75,7.75,,1000,0,0,,0,0,,0,0,boundary
264,25.75,8.25,,1000,0,0,,0,0,,0,0,boundary
265,25.75,8.75,,1000,0,0,,0,0,,0,0,boundary
266,25.75,9.25,,1000,0,0,,0,0,,0,0,boundary
267,25.75,9.75,,1000,0,0,,0,0,,0,0,boundary
268,26.25,0.25,,1004.82,0,38416,,0,0,,0,0,boundary
269,26.25,0.75,,1004.33,0,34392.2,,0,0,,0,0,boundary
270,26.25,1.25,,1003.87,0,30734.9,,0,0,,0,0,boundary
271,26.25,1.75,,1003.33,0,26383.1,,0,0,,0,0,boundary
272,26.25,2.25,,1002.87,0,22690.1,,0,0,,0,0,boundary
273,26.25,2.75,,1002.53,0,19994,,0,0,,0,0,boundary
274,26.25,3.25,,1002.06,0,16259.6,,0,0,,0,0,boundary
275,26.25,3.75,,1001.57,0,12402.7,,0,0,,0,0,boundary
276,26.25,4.25,,1001.31,0,10288.7,,0,0,,0,0,boundary
277,26.25,4.75,,1000.87,0,6883.06,,0,0,,0,0,boundary
278,26.25,5.25,,1000.37,0,2880.9,,0,0,,0,0,boundary
279,26.25,5.75,,1000.54,0,4253.83,,0,0,,0,0,boundary
280,26.25,6.25,,1000.37,0,2900.96,,0,0,,0,0,boundary
281,26.25,6.75,,1000.26,0,2022.13,,0,0,,0,0,boundary
282,26.25,7.25,,1000.36,0,2856.13,,0,0,,0,0,boundary
283,26.25,7.75,,1000,0,0,,0,0,,0,0,boundary
284,26.25,8.25,,1000,0,0,,0,0,,0,0,boundary
285,26.25,8.75,,1000,0,0,,0,0,,0,0,boundary
286,26.25,9.25,,1000,0,0,,0,0,,0,0,boundary
287,26.25,9.75,,1000,0,0,,0,0,,0,0,boundary
288,1.02229,0.481405,,1004.05,-12.2627,32183.8,,0.136144,-0.076123,,-0.549252,9.79869,fluid
289,0.280951,0.900333,,1003.6,-12.2357,28580.4,,-0.0871198,-0.116211,,-0.982741,9.67329,fluid
290,0.370912,1.63818,,1002.67,-11.3186,21106.5,,-0.0192547,-0.259332,,-0.628436,9.8624,fluid
291,0.2666,0.150987,,1004.32,-13.2571,34344.8,,-0.08551,0.0313865,,-0.176685,9.74113,fluid
292,1.10191,0.13466,,1004.33,-12.6748,34429,,0.226662,-0.0345713,,-0.454962,9.69514,fluid
293,0.410225,1.27236,,1003.25,-12.315,25767.8,,0.199648,-0.191101,,-0.265838,9.82493,fluid
294,1.69401,3.07793,,1000.85,-4.24264,6664.89,,0.490064,-0.657547,,-0.344648,9.97986,fluid
295,0.892865,0.910645,,1003.7,-11.9229,29323.6,,0.1483,-0.152608,,-0.269221,10.1542,fluid
296,0.26392,2.40296,,1002.41,-7.39684,19014.6,,0.00380962,-0.315311,,-0.12824,10.3857,fluid
297,2.05545,1.92059,,1002.48,-9.08559,19588,,0.521728,-0.423178,,-0.275944,10.0684,fluid
298,0.893856,3.15088,,1000.5,-3.00979,3897.69,,0.566584,-0.867625,,-0.253797,9.59939,fluid
299,0.388813,2.88446,,1000.83,-8.18726,6540.18,,-0.00763464,-0.462306,,-0.615158,10.0637,fluid
300,0.93227,2.45591,,1002.32,-8.16296,18304,,0.241389,-0.668445,,-0.409598,9.98287,fluid
301,1.87473,3.28956,,1000.67,-2.84213,5290.87,,0.768129,-0.744201,,0.0798283,10.3381,fluid
302,1.30202,2.74708,,1001.71,-7.8023,13505.1,,0.479001,-0.497674,,0.0320657,10.1692,fluid
303,3.05539,3.12419,,1000.74,-2.9747,5802.31,,0.938088,-0.65021,,-0.740255,10.2679,fluid
304,1.88659,0.166151,,1004.34,-12.2509,34545.1,,0.369411,0.039017,,-0.5525,9.58119,fluid
305,0.427631,0.510063,,1003.97,-12.7963,31555.8,,0.221711,-0.100019,,-0.0143159,9.48782,fluid
306,2.49906,0.651738,,1004.11,-11.5858,32688.9,,0.808412,-0.220837,,-0.925203,9.86666,fluid
307,3.09762,0.153448,,1004.57,-12.736,36325.8,,0.762008,-0.0194035,,-0.974041,9.87242,fluid
308,3.06665,0.577273,,1004.07,-12.5312,32301.2,,0.646191,0.0775731,,-1.08387,10.0733,fluid
309,1.73736,0.493771,,1004.12,-12.3812,32775,,0.307455,-0.0569937,,-0.75128,9.60998,fluid
310,2.47031,0.225201,,1004.39,-12.1052,34926.4,,0.473346,-0.118088,,-0.907158,9.89651,fluid
311,2.46744,3.17455,,1000.77,-3.66596,6023,,0.786198,-0.694302,,-0.365695,10.8635,fluid
312,0.469954,2.01625,,1002.43,-9.6224,19213.8,,0.121255,-0.336181,,-0.161544,9.89563,fluid
313,1.02593,1.94218,,1002.3,-9.04647,18204.6,,0.215359,-0.434787,,-0.105365,9.71722,fluid
314,1.41074,1.25131,,1003.35,-11.1939,26585.7,,0.477364,-0.25607,,-0.629768,10.0424,fluid
315,3.80073,3.2397,,1000.75,-3.62798,5897.16,,1.01696,-0.456532,,-0.591796,10.8206,fluid
316,5.20543,3.3845,,1000.74,-3.28079,5783.07,,1.18333,-0.551972,,-1.23638,10.5644,fluid
317,1.89481,2.39681,,1002.11,-6.745,16682.1,,0.371264,-0.505898,,-0.606666,10.0893,fluid
318,5.68606,3.58734,,1000.66,-1.97462,5228.62,,1.93975,-0.470825,,-1.10389,10.9341,fluid
319,6.24662,3.95728,,1000.79,-2.66452,6253.69,,1.60788,-0.397228,,-1.6123,11.0488,fluid
320,3.97982,0.181147,,1004.55,-12.4398,36198.8,,0.907875,0.158575,,-1.56974,9.73384,fluid
321,5.40708,0.699934,,1004.39,-12.476,34877.5,,0.859533,-0.0221488,,-1.45796,10.0384,fluid
322,6.76022,0.290491,,1005.05,-13.2617,40261.2,,0.928078,-0.00466626,,-1.70779,10.0398,fluid
323,1.50041,0.830761,,1003.85,-12.0809,30564.3,,0.286788,-0.18744,,-0.801234,9.88211,fluid
324,2.08995,0.906367,,1003.72,-12.3185,29514.4,,0.540169,-0.381685,,-0.563026,9.95097,fluid
325,4.59668,0.216134,,1004.68,-12.9233,37251.6,,0.766155,-0.0419108,,-1.26837,9.72509,fluid
326,1.67354,1.66163,,1002.74,-10.0483,21706.1,,0.297976,-0.317022,,-0.56706,10.0039,fluid
327,2.08021,1.35962,,1003.13,-11.5034,24786.2,,0.411734,-0.268701,,-0.534302,9.91715,fluid
328,3.67913,1.32959,,1003.29,-11.9806,26043.9,,0.850316,-0.0251185,,-0.790754,9.9902,fluid
329,1.01288,1.49317,,1002.86,-10.4768,22649,,0.170483,-0.445705,,-0.531399,9.74719,fluid
330,2.50108,2.30005,,1002.3,-8.00798,18154.4,,0.552251,-0.413265,,-0.725836,10.095,fluid
331,2.58563,1.56954,,1002.92,-10.0215,23097.6,,0.492225,-0.302442,,-0.815026,10.029,fluid
332,9.11031,4.19464,,1000.71,-3.68469,5555.12,,1.68609,-0.240191,,-1.28022,10.666,fluid
333,9.42997,3.95792,,1001.24,-3.70021,9738.57,,1.84226,-0.29435,,-1.05814,10.8535,fluid
334,7.21199,3.76269,,1000.91,-2.91158,7151.88,,2.05092,-0.323044,,-1.52119,11.2346,fluid
335,10.3395,4.36261,,1000.81,-3.69699,6367.44,,1.94007,-0.259813,,-0.449549,11.3936,fluid
336,7.05905,1.8339,,1003.18,-10.9779,25163.3,,1.18427,-0.0253397,,-1.64579,10.602,fluid
337,7.39108,2.19209,,1002.86,-9.25349,22657.2,,1.62001,-0.118495,,-0.903028,10.3212,fluid
338,6.58526,2.04298,,1002.83,-9.9505,22414,,1.22312,-0.0713784,,-0.970598,10.7527,fluid
339,6.26499,0.229388,,1005.01,-13.4261,39900.2,,0.886229,-0.017978,,-1.66698,9.96399,fluid
340,3.87508,2.17173,,1002.45,-8.07945,19367,,0.741591,-0.348403,,-1.22297,10.355,fluid
341,5.20322,0.210213,,1004.82,-12.7378,38369.2,,0.892235,0.0195392,,-1.52479,9.95605,fluid
342,7.60461,2.59445,,1002.36,-8.02166,18661.1,,1.33837,-0.088469,,-1.23707,11.0951,fluid
343,3.19567,0.976457,,1003.74,-11.9618,29677.3,,0.889777,0.092979,,-0.791711,10.0482,fluid
344,5.36304,2.26968,,1002.49,-8.70168,19702.5,,1.3311,-0.0700303,,-0.298479,10.6394,fluid
345,3.57605,0.418731,,1004.38,-11.9773,34820.1,,0.55534,-0.186698,,-0.812595,9.89397,fluid
346,3.18901,1.48484,,1003.08,-10.3739,24383.6,,0.477794,-0.340928,,-1.22956,10.0798,fluid
347,2.66525,1.12785,,1003.61,-11.0567,28628.8,,0.383426,-0.310155,,-0.621777,9.98873,fluid
348,3.60868,3.66534,,1000.71,-2.17025,5584.19,,1.40098,-0.621533,,-0.377481,10.9657,fluid
349,5.22933,3.74624,,1000.64,-2.00697,4994.06,,1.55644,-0.567507,,-0.943523,10.6451,fluid
350,1.79074,3.61537,,1000.65,-2.03608,5086.54,,0.717678,-0.824707,,-0.00217381,10.3959,fluid
351,4.51967,3.4029,,1000.83,-4.00856,6519.39,,1.32705,-0.434678,,-1.47612,11.1974,fluid
352,8.04648,2.31076,,1002.76,-9.71775,21815.3,,1.50562,0.0365248,,-1.46036,11.169,fluid
353,7.55287,0.60871,,1004.79,-13.5344,38146.4,,1.05311,0.0632412,,-1.47281,10.1967,fluid
354,6.41666,1.5816,,1003.4,-11.5115,26979.7,,1.10436,0.00446711,,-1.18365,10.3841,fluid
355,10.2122,2.80041,,1002.42,-8.18214,19113.2,,1.94376,-0.0893587,,-1.04185,11.1434,fluid
356,6.09183,1.19301,,1003.9,-11.9991,30958.8,,1.0612,-0.106148,,-1.6008,10.3307,fluid
357,7.03799,0.821046,,1004.47,-12.6454,35584.2,,1.07612,-0.0519856,,-1.74496,10.1041,fluid
358,9.69294,2.31126,,1003.02,-9.34262,23902.3,,1.65783,-0.134642,,-1.13858,10.8821,fluid
359,4.86024,0.613879,,1004.31,-12.5563,34249.9,,0.960007,-0.0444861,,-1.45483,9.97668,fluid
360,4.2491,0.58005,,1004.34,-12.3032,34535.8,,0.760935,-0.00131694,,-1.23835,9.95409,fluid
361,4.44827,1.46049,,1003.3,-10.7969,26182.8,,0.872903,-0.112969,,-0.935428,10.4466,fluid
362,3.79307,0.891149,,1003.87,-11.7816,30729.1,,0.765739,-0.155759,,-1.33155,9.74871,fluid
363,5.78514,1.64845,,1003.3,-10.4841,26190,,1.00789,-0.187035,,-1.2508,10.2765,fluid
364,13.4715,4.30885,,1001.11,-3.49874,8747.17,,1.95511,0.323212,,-0.557488,11.498,fluid
365,2.70885,3.60484,,1000.73,-2.1243,5729.38,,1.00633,-0.786249,,-0.814588,10.7781,fluid
366,11.8206,4.29836,,1000.89,-4.02229,6982.63,,1.86616,0.178106,,-0.789026,11.5382,fluid
367,20.1252,4.6776,,1000.85,-3.84571,6683.83,,1.57858,0.764619,,-1.39892,10.375,fluid
368,13.7261,2.22429,,1003.52,-9.56923,27927.4,,1.53375,0.248566,,0.290967,11.254,fluid
369,13.6442,1.66814,,1004.2,-11.0236,33364.2,,1.49032,0.0891903,,-0.260525,10.9548,fluid
370,6.08294,2.03624,,1002.81,-9.68562,22273.2,,1.05501,-0.261833,,-1.69265,10.332,fluid
371,9.16139,2.37881,,1002.87,-9.11331,22742,,1.51373,-0.0621195,,-1.24369,11.2449,fluid
372,14.8682,2.40465,,1003.28,-9.16298,25998.6,,1.58871,0.286166,,0.300343,11.1899,fluid
373,15.5867,2.69941,,1003.04,-7.76527,24075.9,,1.55773,0.107134,,0.217066,10.9998,fluid
374,14.0854,2.68921,,1003.08,-8.32602,24359.4,,1.63083,0.246933,,-0.537726,11.0425,fluid
375,12.9247,3.78143,,1001.69,-5.17474,13362.7,,1.9087,0.220762,,-0.414249,11.5231,fluid
376,6.47051,0.733708,,1004.49,-12.888,35749.6,,1.03074,-0.0547862,,-1.37753,10.0966,fluid
377,2.83564,2.70386,,1001.69,-6.28067,13308.2,,0.641171,-0.521596,,-0.464437,10.4943,fluid
378,13.4541,3.73158,,1001.77,-5.12321,13995.8,,1.87117,0.17384,,-0.178279,11.5594,fluid
379,5.55077,1.14343,,1003.86,-11.8859,30654.6,,0.971302,-0.0856815,,-1.32428,10.2647,fluid
380,3.96249,3.04959,,1001.2,-4.36564,9417.09,,1.05167,-0.413965,,-0.481319,11.0685,fluid
381,8.51716,4.09091,,1000.88,-3.78604,6940.94,,1.69003,-0.161511,,-2.08434,10.9705,fluid
382,10.8761,4.30194,,1000.86,-3.6644,6774.16,,1.97626,-0.0995567,,-0.537713,11.7036,fluid
383,16.2186,4.60728,,1001.03,-3.66294,8145.42,,1.37384,0.43721,,-0.26569,11.5835,fluid
384,19.0006,2.5505,,1003.12,-8.35222,24737.3,,1.36007,0.154691,,0.3622,10.5022,fluid
385,11.6839,2.01388,,1003.63,-10.7231,28789.9,,1.64399,0.0999298,,-1.09364,11.0859,fluid
386,8.01461,1.87364,,1003.35,-10.446,26520.6,,1.48878,-0.101146,,-1.50754,10.4754,fluid
387,14.0162,1.21114,,1004.75,-11.5398,37773.5,,1.27708,0.0981983,,-0.0418366,10.5547,fluid
388,10.6106,2.09934,,1003.46,-10.2174,27460.3,,1.72249,-0.015691,,-0.896765,11.026,fluid
389,15.2258,2.13416,,1003.66,-9.32452,29022.3,,1.46324,0.0502758,,0.112454,10.9425,fluid
390,15.6961,2.18594,,1003.53,-9.34633,28014.4,,1.56537,0.218652,,0.469852,11.0186,fluid
391,14.3625,3.26407,,1002.1,-6.78613,16620.4,,1.78006,0.301326,,0.183338,11.4083,fluid
392,15.1876,2.89573,,1002.85,-7.43768,22558.9,,1.6221,0.193724,,0.087454,11.0341,fluid
393,12.7182,2.07347,,1003.75,-10.0204,29728.2,,1.62104,0.0560879,,-0.325205,10.9716,fluid
394,11.7428,3.90796,,1001.34,-5.06715,10575.5,,1.9885,0.164023,,-0.691265,11.4916,fluid
395,4.05687,1.70583,,1003,-9.87575,23784.2,,0.863867,-0.184407,,-1.06833,10.2113,fluid
396,4.29126,1.056,,1003.86,-11.8935,30612.5,,0.83764,-0.0912046,,-1.15453,10.0775,fluid
397,16.2622,3.77937,,1001.58,-4.69902,12478.3,,1.60894,0.292882,,0.134277,11.177,fluid
398,9.7866,4.3644,,1000.73,-3.54328,5706.29,,1.64374,-0.316229,,-0.84018,10.9133,fluid
399,4.61101,3.77754,,1000.8,-2.69346,6275.35,,1.31381,-0.530491,,-1.49973,11.0941,fluid
400,13.013,2.7066,,1002.83,-8.96617,22405.4,,1.70688,0.159726,,-0.474021,11.3324,fluid
401,13.1157,-1229.12,,971.109,0,-208004,,0.0507704,-155.118,,0,0,fluid
402,8.21067,3.22915,,1001.54,-5.42871,12116.1,,1.98223,-0.216405,,-1.40025,10.9666,fluid
403,13.2615,2.34797,,1003.36,-9.83335,26667.8,,1.5953,0.116819,,-0.206589,11.1688,fluid
404,7.8804,2.91714,,1001.81,-6.74324,14278.6,,1.62805,-0.250326,,-1.30845,10.7466,fluid
405,4.10605,2.54727,,1002.04,-7.16346,16146.4,,0.958362,-0.296149,,-0.838982,10.5159,fluid
406,7.61615,1.5924,,1003.52,-11.2406,27931.4,,1.02186,-0.0140465,,-1.13973,10.6888,fluid
407,16.8451,3.72855,,1001.63,-5.44297,12865.1,,1.67748,0.299829,,0.0830339,11.1638,fluid
408,7.80691,0.215673,,1005.34,-13.6799,42606,,0.933356,-0.0613328,,-1.65452,10.2044,fluid
409,12.0158,1.68681,,1004.07,-11.4182,32338,,1.42129,0.0216636,,-0.373981,11.0153,fluid
410,17.63,4.06388,,1001.94,-4.40096,15305.6,,1.48957,0.138246,,-0.0124903,11.1466,fluid
411,4.58403,2.99069,,1001.16,-5.26768,9106.81,,1.27832,-0.200191,,-1.26187,10.83,fluid
412,13.8431,4.37733,,1001.05,-3.41468,8304.39,,1.9103,0.395854,,-0.144039,11.5415,fluid
413,19.0768,3.78314,,1001.56,-5.92419,12287.6,,1.57334,0.466089,,0.0424583,10.53,fluid
414,16.599,4.32763,,1001.32,-3.31483,10437.6,,1.32049,0.372031,,-0.466099,11.2401,fluid
415,2.21962,2.79535,,1001.47,-6.34815,11598.2,,0.752069,-0.403573,,-0.369553,10.4286,fluid
416,11.1879,1.96924,,1003.8,-10.4912,30200.3,,1.54687,-0.127639,,-0.562924,11.216,fluid
417,14.4905,3.99619,,1001.44,-4.23582,11362.3,,1.85738,0.366103,,-0.313829,11.3624,fluid
418,12.343,2.2409,,1003.45,-9.69536,27369.1,,1.76486,0.0697119,,-0.655746,11.0038,fluid
419,10.1228,0.680785,,1005.08,-13.5439,40440.6,,1.08855,-0.0199646,,-1.2034,10.3439,fluid
420,13.169,1.87292,,1003.96,-10.3767,31426.5,,1.46062,0.0958817,,-0.252744,10.676,fluid
421,11.5593,1.44864,,1004.38,-11.6034,34806.8,,1.40489,-0.0305093,,-0.751545,10.7647,fluid
422,14.4598,2.00438,,1003.75,-10.1129,29787.7,,1.49282,0.319662,,0.0201918,10.995,fluid
423,18.4394,2.5383,,1003.03,-8.08329,24031.2,,1.27641,0.21948,,0.376764,10.0008,fluid
424,6.84635,2.75627,,1002.27,-6.73821,17968.8,,1.35083,-0.170154,,-1.38729,10.6772,fluid
425,12.3418,3.71653,,1001.62,-5.99896,12776.4,,1.97379,0.235813,,-0.485939,11.4919,fluid
426,17.266,2.17791,,1003.5,-8.86476,27767.7,,1.40944,0.204235,,0.51443,10.5956,fluid
427,15.0953,4.17574,,1001.3,-3.81553,10205.2,,1.58891,0.416113,,-0.127383,11.515,fluid
428,6.82307,3.9054,,1000.78,-2.56393,6167.39,,1.87915,-0.375363,,-1.29196,11.084,fluid
429,9.52373,3.27497,,1001.7,-6.78016,13441.7,,1.84435,-0.121101,,-0.867793,11.4672,fluid
430,20.7126,4.83923,,1000.71,-3.28321,5616.92,,1.37499,1.07249,,-1.44346,9.48318,fluid
431,12.3037,4.59159,,1000.95,-3.24491,7487.45,,1.9078,0.187087,,-0.94833,11.5589,fluid
432,16.1159,2.69653,,1002.9,-8.09096,22938,,1.58877,0.253007,,0.42148,11.112,fluid
433,8.03253,0.825257,,1004.6,-12.6158,36572.4,,1.0103,-0.0400542,,-1.48266,10.2589,fluid
434,10.024,1.89851,,1003.64,-10.1261,28866.9,,1.50984,-0.104542,,-1.0978,10.8385,fluid
435,21.4594,3.11016,,1002.59,-8.31812,20478.8,,0.928116,0.612245,,0.0499098,9.23438,fluid
436,14.8405,1.75056,,1004.09,-10.4782,32522,,1.32548,0.138253,,0.179034,10.8255,fluid
437,15.1969,1.44917,,1004.48,-10.772,35637.4,,1.32862,0.100489,,0.369428,10.8907,fluid
438,4.77745,2.67113,,1002.15,-6.7981,16984.7,,0.92137,-0.391359,,-1.3656,10.3796,fluid
439,20.1942,3.21502,,1002.48,-8.02641,19613.7,,1.32337,0.521813,,-0.193416,10.1019,fluid
440,12.4881,1.59825,,1004.18,-11.191,33183.4,,1.47881,0.00696536,,-0.372018,10.9327,fluid
441,10.6213,3.15965,,1001.99,-7.43903,15685.3,,1.97493,0.00865106,,-0.821029,11.3585,fluid
442,3.45855,1.86346,,1002.64,-9.44064,20849.4,,0.722782,-0.192679,,-0.735821,10.2727,fluid
443,10.164,3.30017,,1002,-6.47019,15809.7,,1.82365,-0.0850727,,-1.46797,11.3042,fluid
444,11.0259,3.71955,,1001.62,-5.10788,12774.2,,2.05778,-0.0731457,,-0.919414,11.5576,fluid
445,0.59537,3.38476,,1000.64,-1.35741,5038.17,,0.466255,-1.05949,,-0.154467,10.1845,fluid
446,0.521728,3.26627,,1000.73,-2.29294,5712.54,,0.170912,-1.04106,,-0.501585,10.1817,fluid
447,1.20631,3.5224,,1000.59,-1.7893,4664.27,,0.537417,-0.933903,,-0.435919,10.0039,fluid
448,11.0289,1.52794,,1004.21,-12.1364,33492.9,,1.53145,0.0130447,,-0.758315,10.6117,fluid
449,9.42824,1.87252,,1003.56,-10.9893,28275.4,,1.46366,-0.0128548,,-0.901084,10.9623,fluid
450,10.3887,1.1248,,1004.72,-12.7206,37593.8,,1.36813,-0.0739231,,-1.11049,10.7099,fluid
451,11.4531,0.981767,,1004.9,-12.3561,39055.9,,1.37954,-0.117157,,-0.68702,10.7016,fluid
452,10.5539,1.61585,,1004.06,-11.45,32277.8,,1.33988,-0.193461,,-1.32818,10.9434,fluid
453,19.7295,2.49558,,1003.04,-8.81661,24053.2,,1.31662,0.34761,,0.290092,10.0132,fluid
454,17.7236,1.61877,,1004.12,-9.97281,32730.6,,1.24917,0.145922,,0.674996,10.401,fluid
455,5.123,1.42259,,1003.41,-11.5997,27067,,0.867972,-0.0770328,,-1.37591,10.3105,fluid
456,8.96155,3.33488,,1001.82,-5.62662,14365.4,,1.99219,-0.273872,,-1.45591,11.3806,fluid
457,6.60954,3.37889,,1000.9,-4.64808,7081.14,,1.51044,-0.224841,,-1.16346,10.8503,fluid
458,20.1827,2.62892,,1003.01,-8.28064,23847.4,,1.25666,0.352448,,0.169651,9.9322,fluid
459,19.492,2.85349,,1002.7,-8.02076,21336.9,,1.36789,0.377056,,0.138722,10.2727,fluid
460,19.6393,3.85425,,1001.69,-5.63825,13329.5,,1.50233,0.562431,,-0.462527,10.3941,fluid
461,12.6002,4.21627,,1001.14,-4.20168,8957.6,,1.95498,0.213504,,-0.527922,11.4737,fluid
462,8.85029,3.92869,,1001.2,-3.83507,9455.11,,1.76008,-0.217122,,-1.88316,10.852,fluid
463,13.0592,4.56913,,1000.94,-3.54353,7431.8,,2.02994,0.277679,,-0.447625,11.5719,fluid
464,9.6653,1.0957,,1004.56,-12.8058,36249.5,,1.29754,-0.071003,,-1.44572,10.3133,fluid
465,8.90169,1.96483,,1003.33,-10.265,26380.2,,1.6633,-0.136293,,-1.36955,10.6556,fluid
466,9.01271,1.10174,,1004.38,-12.4494,34863.5,,1.22077,0.0254901,,-1.06499,10.719,fluid
467,13.519,1.20663,,1004.77,-11.6726,37971,,1.27469,0.0538714,,-0.11623,10.5002,fluid
468,10.9108,1.05315,,1004.85,-12.8164,38643,,1.33118,-0.0396266,,-1.10216,10.708,fluid
469,16.235,2.25929,,1003.45,-8.71369,27333.2,,1.42847,0.142305,,0.225215,10.6198,fluid
470,20.5981,3.0151,,1002.5,-8.10974,19802.4,,1.23191,0.570215,,0.0347653,9.65344,fluid
471,18.6456,1.99238,,1003.75,-8.96261,29785.3,,1.1182,0.104904,,0.747024,10.443,fluid
472,21.0702,4.71017,,1001.18,-5.59445,9294.6,,1.22348,1.13509,,-1.30075,9.21531,fluid
473,19.7162,4.52218,,1001.21,-4.62903,9497.61,,1.40907,0.521005,,-1.01488,10.8273,fluid
474,11.9276,2.42865,,1003.33,-9.2656,26403.7,,1.65626,-0.0226946,,-0.533251,11.1212,fluid
475,5.17202,2.4573,,1002.47,-7.941,19490.6,,1.16602,-0.127522,,-1.33488,10.9201,fluid
476,18.259,2.96994,,1002.59,-7.63673,20514.4,,1.52214,0.146341,,0.380118,10.9337,fluid
477,17.8327,2.54144,,1003.01,-8.43959,23817.3,,1.44397,0.201404,,0.451894,10.7172,fluid
478,18.6463,3.61231,,1002.09,-5.51656,16542,,1.54226,0.227376,,-0.153881,10.5425,fluid
479,14.8381,4.62096,,1000.94,-3.54187,7393.42,,1.59678,0.544076,,-0.102087,11.7344,fluid
480,11.0509,2.39754,,1003.23,-9.41785,25578,,1.62533,-0.0543859,,-0.744855,11.084,fluid
481,9.38231,1.4814,,1004.02,-11.6473,31917.3,,1.38047,-0.155003,,-1.74948,10.425,fluid
482,9.98171,1.4183,,1004.25,-12.3712,33800.8,,1.38047,-0.0212637,,-0.870023,10.9929,fluid
483,11.111,0.609262,,1005.35,-13.2655,42688.5,,1.12147,-0.044433,,-0.950734,10.3951,fluid
484,9.65705,0.617525,,1005.15,-13.0895,41078.8,,1.10506,-0.0901136,,-1.47889,10.2165,fluid
485,13.0084,1.41734,,1004.46,-11.2221,35479,,1.53384,0.033982,,-0.456832,10.9251,fluid
486,15.6525,1.73496,,1004.09,-10.1198,32523.1,,1.23728,0.154473,,0.313116,10.7167,fluid
487,15.4692,1.05631,,1004.96,-11.0746,39496.2,,1.27716,-0.0450239,,0.343752,10.5736,fluid
488,14.0794,1.8592,,1003.96,-10.3359,31423.6,,1.41957,0.19526,,-0.0227402,10.962,fluid
489,10.2863,2.36674,,1003.1,-9.44243,24579.5,,1.67197,-0.102211,,-1.06318,11.0033,fluid
490,5.95785,0.7038,,1004.42,-12.9962,35149.1,,0.989099,0.0396018,,-1.5998,10.0885,fluid
491,14.4261,2.57873,,1003.28,-8.76473,26005.9,,1.56464,0.147797,,0.327516,11.1036,fluid
492,16.7053,2.33503,,1003.42,-8.81597,27119,,1.3968,0.0905565,,0.588152,11.0652,fluid
493,13.6086,2.83645,,1002.78,-7.64293,21986.9,,1.70484,0.221079,,-0.337092,11.147,fluid
494,7.60194,3.6999,,1001.01,-3.43939,7917.24,,1.97742,-0.225541,,-1.53935,11.2356,fluid
495,15.8014,3.68153,,1001.74,-5.12976,13766,,1.75094,0.210637,,-0.116438,11.2924,fluid
496,8.28543,0.26484,,1005.27,-13.5864,41991.9,,0.940241,0.0584667,,-1.50171,10.1932,fluid
497,8.55005,0.683376,,1004.89,-13.2423,38909.4,,1.10485,0.07029,,-1.46839,10.1146,fluid
498,7.52094,1.06752,,1004.22,-12.6269,33527.1,,1.19907,0.0693842,,-1.20283,10.5166,fluid
499,14.3562,0.735356,,1005.29,-12.1863,42155.2,,1.28699,0.245957,,0.0400525,10.62,fluid
500,9.12542,0.686597,,1004.91,-13.0833,39067.2,,1.11528,-0.0488455,,-1.43824,10.3965,fluid
501,17.1807,1.16382,,1004.68,-10.5181,37249.4,,1.21146,0.0148945,,0.683532,10.3334,fluid
502,14.4181,1.35226,,1004.51,-11.3874,35906.6,,1.23783,0.240819,,0.224804,10.7893,fluid
503,15.886,0.735458,,1005.27,-11.3142,42056.1,,1.23828,-0.0122354,,0.370274,10.324,fluid
504,15.9114,1.32266,,1004.57,-10.7381,36346.3,,1.15844,0.0651446,,0.323142,10.5412,fluid
505,2.77948,1.96765,,1002.52,-8.55586,19943.5,,0.633783,-0.354893,,-0.587162,9.94833,fluid
506,20.2264,3.773,,1001.97,-6.47086,15533.2,,1.41688,0.631411,,-0.457689,10.0198,fluid
507,4.42325,2.17156,,1002.41,-8.08514,19019.8,,0.958842,-0.285229,,-0.454871,10.2935,fluid
508,5.41128,3.07224,,1001.38,-5.63115,10904.7,,1.25095,-0.445701,,-1.21314,10.5223,fluid
509,16.2338,1.74577,,1004.04,-9.8477,32081.8,,1.21094,0.0197589,,0.5323,10.8176,fluid
510,3.2102,2.25287,,1002.41,-7.58739,19058.1,,0.713542,-0.385928,,-0.668129,10.4727,fluid
511,9.71469,2.8371,,1002.34,-8.02445,18454.9,,1.8723,-0.234951,,-1.01935,11.1515,fluid
512,8.48208,1.17081,,1004.29,-12.6395,34130.9,,1.15622,-0.117252,,-1.35705,10.4593,fluid
513,8.69349,1.57564,,1003.79,-11.6997,30047.9,,1.24977,-0.127577,,-1.23765,10.8197,fluid
514,8.08893,1.3783,,1003.88,-12.0676,30797,,1.18879,0.128142,,-1.72784,10.3872,fluid
515,12.8122,0.433043,,1005.63,-12.8073,44946.1,,1.11292,-0.0259505,,-0.739224,10.201,fluid
516,11.2859,0.236864,,1005.71,-13.2377,45596.1,,1.12806,-0.0172527,,-1.1344,9.99401,fluid
517,13.0336,0.910642,,1005.11,-12.1844,40724.4,,1.30741,-0.0966108,,-0.410629,10.5176,fluid
518,16.7585,1.32138,,1004.45,-10.5397,35412.4,,1.21333,0.176447,,0.535713,10.5694,fluid
519,14.8203,0.629121,,1005.43,-11.9891,43351.1,,1.02827,0.0574314,,0.265422,10.5668,fluid
520,16.3443,1.16077,,1004.7,-11.047,37430.6,,1.23006,0.13088,,0.539789,10.4841,fluid
521,17.2399,1.68794,,1004.07,-9.83339,32317.1,,1.17746,0.10233,,0.533562,10.5272,fluid
522,16.7384,1.86469,,1003.89,-9.4538,30859.6,,1.3217,0.166564,,0.425396,10.3724,fluid
523,21.1425,3.88477,,1001.49,-5.31466,11752.8,,1.27883,0.911156,,-0.383558,9.65032,fluid
524,6.66973,1.18743,,1003.96,-11.8618,31475.9,,1.11168,-0.0585954,,-1.33303,10.3591,fluid
525,11.6812,2.74383,,1002.92,-8.83553,23097.3,,1.81622,0.0309747,,-0.413375,11.4552,fluid
526,17.6439,3.56313,,1001.99,-5.81032,15728.4,,1.52526,0.272978,,-0.0818184,11.031,fluid
527,16.9498,3.39682,,1002.04,-6.02386,16118.8,,1.5355,0.287407,,0.178691,11.0838,fluid
528,8.81017,0.225235,,1005.4,-13.8321,43040.3,,0.903917,0.0352251,,-1.60864,10.1973,fluid
529,9.34049,0.214412,,1005.56,-13.6152,44349,,0.949981,-0.0397574,,-1.27922,10.1918,fluid
530,10.6461,0.153363,,1005.8,-13.2763,46348.3,,0.984731,-0.0656023,,-1.19901,10.5173,fluid
531,15.517,0.190272,,1005.84,-11.8527,46660.9,,0.811136,0.0487379,,0.302789,10.4108,fluid
532,12.5685,1.0687,,1004.84,-12.4145,38580.6,,1.3717,0.0953108,,-0.381767,10.655,fluid
533,13.4351,0.653389,,1005.4,-12.4702,43051.3,,1.285,0.0338344,,-0.389296,10.3328,fluid
534,15.324,0.6231,,1005.4,-11.8593,43068.5,,1.02415,0.128416,,0.367036,10.2732,fluid
535,13.8911,0.669087,,1005.37,-12.2947,42839,,1.31872,0.0182596,,-0.0597343,10.5863,fluid
536,18.2585,1.9176,,1003.83,-9.1974,30381.8,,1.26148,0.168747,,0.470056,10.3288,fluid
537,18.2345,1.35606,,1004.39,-10.2059,34949.5,,1.06867,-0.0029629,,0.65159,10.341,fluid
538,14.835,1.11987,,1004.76,-11.4484,37913.4,,1.31418,0.214052,,0.116771,10.4525,fluid
539,20.0691,2.01417,,1003.6,-9.52532,28550.1,,0.97286,0.212765,,0.729671,10.0412,fluid
540,20.7532,3.70253,,1001.8,-6.3314,14165,,1.32849,0.804514,,-0.490462,9.63687,fluid
541,10.8884,2.86074,,1002.7,-8.01476,21334,,1.81684,-0.201201,,-1.21928,11.316,fluid
542,16.3505,3.26312,,1002.27,-6.03818,17899.4,,1.64584,0.199724,,0.364529,11.1222,fluid
543,18.1647,3.52,,1001.95,-5.60017,15425,,1.56196,0.250068,,0.168842,10.816,fluid
544,10.5503,0.572212,,1005.3,-13.402,42265.1,,1.30211,0.0294354,,-0.920756,10.4808,fluid
545,9.96197,0.168674,,1005.66,-13.4876,45158.2,,1.0124,0.0653435,,-1.11269,10.486,fluid
546,13.7631,0.188152,,1005.96,-12.4238,47649.6,,1.06622,0.0112386,,-0.123448,10.3918,fluid
547,19.4599,0.257898,,1005.47,-10.4394,43650.1,,0.663485,-0.0801306,,0.922789,9.95833,fluid
548,12.078,1.17449,,1004.73,-12.399,37633.5,,1.34472,0.115109,,-0.789214,10.6845,fluid
549,18.9565,0.704528,,1005,-10.5678,39840,,0.963785,0.153011,,0.88027,9.84346,fluid
550,18.0155,0.290388,,1005.52,-10.6817,44035.2,,0.727232,-0.0233121,,0.868725,9.93147,fluid
551,19.2309,1.08314,,1004.58,-10.3018,36474.3,,0.959539,0.104763,,0.796912,10.0915,fluid
552,19.5788,2.02077,,1003.6,-9.17657,28568.4,,1.21547,0.183913,,0.299079,9.97017,fluid
553,18.6658,1.30064,,1004.34,-10.4398,34499.3,,1.1383,0.101002,,0.639608,10.1509,fluid
554,19.1235,2.1118,,1003.46,-8.80253,27449,,1.25208,0.307937,,0.58585,10.1592,fluid
555,22.1979,3.53073,,1001.9,-6.71824,15009.3,,0.864696,0.851766,,0.104703,8.47179,fluid
556,3.46835,2.71937,,1001.79,-6.38479,14086.1,,1.03312,-0.413549,,-0.859978,10.2185,fluid
557,8.45975,2.14523,,1003.1,-9.686,24581.7,,1.4336,-0.244354,,-1.15953,10.7872,fluid
558,6.15519,2.73867,,1002.19,-6.69227,17335.3,,1.59668,-0.183321,,-1.07758,10.8806,fluid
559,9.27034,2.92449,,1002.22,-6.99495,17544.5,,1.7925,-0.271135,,-1.6243,10.9318,fluid
560,11.7519,0.240364,,1005.73,-13.4165,45726.9,,1.11853,0.143338,,-0.632148,10.4842,fluid
561,12.3185,0.153608,,1005.93,-12.8117,47405.3,,0.962119,-0.0691739,,-0.524457,10.5157,fluid
562,16.0213,0.255603,,1005.75,-11.5995,45948.9,,0.852325,0.0152883,,0.299595,10.183,fluid
563,21.0917,0.793557,,1004.7,-10.7597,37382.5,,0.714854,0.00976561,,0.691356,9.66754,fluid
564,12.3356,0.622127,,1005.39,-12.883,42992.6,,1.3658,0.0693574,,-0.747886,10.5092,fluid
565,21.7982,1.76758,,1003.7,-9.49352,29365.1,,0.807167,0.207004,,0.415249,9.41429,fluid
566,20.8183,1.14779,,1004.29,-10.4652,34121.4,,0.92523,0.335355,,0.843641,9.81492,fluid
567,14.3229,0.224658,,1005.84,-12.1371,46642.8,,0.997935,0.0334333,,0.0213031,10.1518,fluid
568,17.7361,1.13746,,1004.66,-10.679,37087.8,,1.04507,0.0722409,,0.688548,10.347,fluid
569,16.428,0.712945,,1005.23,-11.3848,41662.5,,1.11155,0.112409,,0.551984,10.1346,fluid
570,20.9413,2.63971,,1002.84,-8.59382,22495.9,,0.995991,0.464863,,0.395252,9.67549,fluid
571,20.5867,2.30674,,1003.24,-8.74963,25712,,1.07581,0.422743,,0.0564729,9.60531,fluid
572,21.4169,4.76784,,1000.92,-4.71825,7214.86,,1.15579,1.23969,,-1.05306,8.75525,fluid
573,7.47759,3.22173,,1001.46,-4.8462,11519.8,,1.59561,-0.337688,,-1.66651,10.8386,fluid
574,19.2011,3.30472,,1002.43,-6.42396,19176.1,,1.48,0.271604,,-0.114115,10.6575,fluid
575,8.12501,3.57142,,1001.14,-4.72697,9000.8,,1.87649,-0.142542,,-1.4436,11.2295,fluid
576,11.8458,0.72649,,1005.26,-12.5369,41945.5,,1.39416,0.0286668,,-0.915168,10.3486,fluid
577,13.152,0.174109,,1005.91,-12.6461,47223.7,,1.11635,0.0271383,,-0.285036,10.4612,fluid
578,22.2794,1.91362,,1003.45,-8.66399,27318.7,,0.727714,0.358544,,0.373866,9.09577,fluid
579,17.5565,0.200096,,1005.72,-10.9093,45631.9,,0.786357,-0.000169737,,0.511606,10.1969,fluid
580,23.5048,1.26044,,1003.96,-12.4052,31444.9,,0.323064,0.324462,,0.26955,8.92833,fluid
581,23.8215,1.54157,,1003.94,-9.70893,31309.8,,0.26211,0.429659,,0.649112,9.66254,fluid
582,22.1081,0.789394,,1004.57,-11.619,36327.5,,0.448545,0.158293,,0.555672,9.36437,fluid
583,20.9239,1.87365,,1003.48,-9.38632,27613.8,,0.901174,0.445876,,0.443014,9.39496,fluid
584,18.034,0.778516,,1005,-10.8348,39847.7,,1.09398,0.0738122,,0.793512,10.1222,fluid
585,20.3827,0.660536,,1004.83,-10.7601,38488.5,,0.85769,0.227937,,0.984293,9.73139,fluid
586,22.3479,3.06273,,1002.64,-7.45274,20914.8,,0.556132,0.540321,,0.148666,9.10896,fluid
587,21.2451,2.36202,,1003.16,-9.03172,25056,,0.929196,0.391415,,0.311863,9.59273,fluid
588,21.5318,3.74842,,1001.7,-5.9139,13432.5,,1.11763,0.991127,,-0.54845,9.31047,fluid
589,5.83429,3.00216,,1001.48,-6.39587,11670.8,,1.33856,-0.222486,,-1.26953,10.598,fluid
590,6.10704,2.4018,,1002.46,-8.22537,19481.4,,1.31263,-0.193166,,-1.56695,10.6515,fluid
591,9.97432,3.86023,,1001.56,-4.13057,12289.2,,2.0227,-0.273196,,-1.18991,11.2832,fluid
592,18.5118,0.793694,,1005,-10.4996,39835,,1.00727,0.0901783,,0.644013,10.0662,fluid
593,16.5133,0.215991,,1005.77,-11.3303,46070.3,,0.797659,-0.00309113,,0.562141,10.1761,fluid
594,21.4202,1.21269,,1004.2,-10.4695,33408.4,,0.663767,0.295361,,0.718471,9.31966,fluid
595,14.8996,0.176485,,1005.91,-12.1359,47244.3,,0.979611,0.041482,,-0.0136587,10.3071,fluid
596,24.5313,1.75178,,1003.58,-7.33834,28420.5,,0.131885,0.184762,,0.463038,9.16509,fluid
597,24.2536,1.30682,,1003.95,-12.0955,31342.6,,0.149376,0.424947,,0.336846,9.21655,fluid
598,24.136,1.99,,1002.99,-8.80448,23675,,0.241345,0.404428,,0.200752,8.61495,fluid
599,23.1544,1.54708,,1003.87,-9.06353,30710.4,,0.461828,0.471768,,0.332878,9.32953,fluid
600,21.2341,1.60697,,1003.84,-9.61757,30496.2,,0.825137,0.2592,,0.452757,9.62091,fluid
601,19.0274,1.56682,,1003.92,-10.2216,31152.1,,1.12089,0.391111,,0.692682,10.1682,fluid
602,19.5716,0.774556,,1004.91,-10.1026,39088.5,,0.916703,-0.0806262,,0.606209,9.89256,fluid
603,21.7903,2.88182,,1002.77,-9.16531,21909.8,,0.863862,0.656645,,0.0758431,9.28833,fluid
604,6.81967,3.12091,,1001.34,-6.79773,10524.4,,1.62275,-0.0872443,,-0.7094,10.9393,fluid
605,18.3902,4.17603,,1001.77,-4.58005,13977.6,,1.55254,0.1237,,-0.32538,11.0915,fluid
606,12.2698,3.12356,,1002.58,-7.4612,20433.5,,1.84531,0.0808651,,-0.555052,11.4882,fluid
607,19.7391,3.3573,,1002.32,-6.8998,18316.8,,1.43312,0.455275,,-0.0844821,10.3408,fluid
608,22.6672,1.68045,,1003.66,-8.3938,29065,,0.539715,0.47736,,0.500606,9.4412,fluid
609,22.3895,1.27243,,1004.04,-10.8287,32131.4,,0.567006,0.30568,,0.480621,9.33994,fluid
610,21.9231,1.31783,,1004.07,-10.4848,32326.9,,0.673821,0.31751,,0.563868,9.29005,fluid
611,17.0321,0.226132,,1005.68,-11.1297,45357.6,,0.756585,0.0505755,,0.653317,10.213,fluid
612,23.977,0.834261,,1004.37,-12.2431,34765,,0.134907,0.0756527,,0.457742,8.78827,fluid
613,24.2732,0.244838,,1005.05,-9.92598,40269.4,,0.104879,0.00509365,,0.484586,9.96484,fluid
614,22.2502,0.202245,,1005.16,-10.3891,41088.6,,0.312285,0.142668,,0.774111,9.51634,fluid
615,24.776,0.170147,,1005.02,-11.4971,39957.9,,0.0407708,0.12366,,0.567403,9.59807,fluid
616,21.6007,2.18393,,1003.21,-9.43879,25404.8,,0.933811,0.430519,,0.316049,9.25319,fluid
617,17.4588,0.709711,,1005.18,-10.7929,41307.1,,1.03132,-0.00309063,,0.689548,10.0518,fluid
618,22.4363,2.43846,,1003.01,-10.6056,23804.8,,0.703869,0.595983,,0.302645,8.70453,fluid
619,16.9363,0.704704,,1005.21,-11.1184,41554.5,,1.0332,0.0738154,,0.596214,10.3912,fluid
620,8.58011,2.96412,,1002.06,-7.11138,16245.2,,1.62199,-0.161078,,-1.13803,11.1715,fluid
621,15.5598,4.17189,,1001.4,-3.18853,11005.7,,1.65403,0.348949,,0.146008,11.3916,fluid
622,18.9035,4.53458,,1001.08,-4.05366,8517.48,,1.42878,0.263244,,-0.260119,11.1078,fluid
623,11.8967,3.36139,,1002.16,-6.47523,17048.5,,1.95179,0.105879,,-0.788108,11.4056,fluid
624,22.5565,0.687605,,1004.77,-11.2346,37944.5,,0.408177,0.0349506,,0.526263,9.4465,fluid
625,22.8697,1.11325,,1003.99,-11.9914,31716.9,,0.351737,0.33263,,0.698664,9.18642,fluid
626,21.6449,0.749123,,1004.7,-10.8247,37377.7,,0.481066,0.0441008,,0.492296,9.53536,fluid
627,20.4363,0.155393,,1005.49,-10.403,43772.4,,0.511479,-0.0310488,,0.808652,9.95612,fluid
628,23.1153,0.709788,,1004.67,-10.9387,37161.3,,0.216065,0.0741566,,0.666181,9.42459,fluid
629,24.806,0.754826,,1004.33,-11.7673,34458,,-0.00159033,0.0817354,,0.478101,8.72312,fluid
630,23.8022,0.198726,,1005.07,-10.8723,40431.2,,0.105643,0.176606,,0.704857,10.0911,fluid
631,23.0586,2.08052,,1003.22,-10.1054,25500,,0.512809,0.328788,,0.213072,8.58304,fluid
632,20.4282,1.20172,,1004.33,-10.4177,34389.1,,0.888884,0.194741,,0.596756,9.79619,fluid
633,19.9795,0.880821,,1004.69,-10.6723,37369,,0.869522,0.153395,,0.603573,9.84672,fluid
634,23.6511,2.99492,,1002.83,-7.81985,22382.5,,0.399897,0.613231,,0.399548,9.20163,fluid
635,20.481,1.74592,,1003.68,-9.18791,29201.4,,0.935289,0.238102,,0.663283,9.59868,fluid
636,21.724,4.64611,,1001.48,-5.22416,11647,,1.24892,1.1571,,-0.737254,8.73106,fluid
637,4.78159,1.83723,,1002.7,-9.55254,21343.4,,1.08834,-0.0410362,,-1.36192,10.6308,fluid
638,13.2824,3.22503,,1002.23,-6.76221,17624.4,,1.79265,0.23873,,-0.304086,11.449,fluid
639,15.8657,3.18921,,1002.3,-6.63121,18209.4,,1.65334,0.245835,,-0.00807823,11.156,fluid
640,23.5845,0.748064,,1004.53,-10.8857,36034.1,,0.155898,0.00487883,,0.345158,8.86261,fluid
641,21.2949,0.230386,,1005.27,-10.4945,42036.3,,0.468751,-0.00872394,,0.694228,9.24223,fluid
642,22.7839,0.23552,,1005.13,-10.8143,40848.2,,0.247996,0.167599,,0.341681,9.30981,fluid
643,18.4714,0.225889,,1005.5,-10.6,43890.1,,0.764895,0.0761913,,0.742821,10.0142,fluid
644,24.7705,2.1257,,1002.92,-9.72776,23133.2,,-0.0101784,0.231702,,0.33293,8.32934,fluid
645,17.7751,3.07424,,1002.36,-6.74163,18626.6,,1.55809,0.23883,,0.206483,10.731,fluid
646,24.7981,1.34248,,1004,-11.5951,31799.9,,-0.0363881,0.193947,,0.416574,9.16804,fluid
647,24.4031,0.803843,,1004.33,-11.7746,34413,,-0.0404985,0.0311239,,0.535681,8.63625,fluid
648,23.8535,2.44625,,1002.79,-12.1586,22057.8,,0.340749,0.732406,,0.133591,7.69198,fluid
649,21.0606,3.29834,,1002.22,-7.27687,17535.1,,1.1415,0.692549,,-0.347634,9.38762,fluid
650,22.0088,2.48902,,1003.02,-10.0257,23893.9,,0.659122,0.558911,,0.105572,8.90678,fluid
651,21.9071,3.75135,,1001.79,-6.66692,14103.4,,0.817063,0.999288,,-0.304801,8.99899,fluid
652,14.0723,3.715,,1001.65,-5.1966,12993.7,,1.84793,0.221408,,-0.223381,11.4137,fluid
653,15.3253,3.39234,,1001.99,-6.2679,15741.2,,1.77099,0.241317,,0.14389,11.5031,fluid
654,16.9695,4.46306,,1001.05,-3.68315,8261.62,,1.34048,0.381424,,-0.196719,11.1533,fluid
655,3.23977,3.44243,,1000.65,-2.14107,5144.26,,1.00543,-0.697587,,-0.798882,10.4623,fluid
656,23.2909,0.200655,,1005.09,-11.2425,40597.4,,0.204705,0.197622,,0.549896,9.74149,fluid
657,23.3258,2.59013,,1002.92,-11.5611,23099.3,,0.413979,0.758719,,0.0269451,8.35408,fluid
658,21.7666,0.251807,,1005.21,-10.3913,41500.2,,0.450965,0.122455,,0.749472,9.4356,fluid
659,20.8786,0.370553,,1005.17,-10.66,41210.4,,0.437227,0.0751849,,0.629918,9.61648,fluid
660,23.186,3.1098,,1002.39,-6.36534,18882.6,,0.583276,0.630114,,-0.331842,8.973,fluid
661,23.4395,3.66102,,1001.8,-6.22584,14188,,0.421748,0.911271,,0.39525,7.28709,fluid
662,23.9866,3.93975,,1001.41,-5.74505,11088,,0.344065,1.33556,,0.0517025,7.16865,fluid
663,19.9917,1.44734,,1004.19,-10.1667,33272.8,,0.945203,0.131444,,0.588904,9.84861,fluid
664,23.5351,2.01686,,1003.39,-9.17778,26842.8,,0.402926,0.115637,,0.651769,8.65536,fluid
665,24.6937,3.02909,,1003.13,-9.57514,24810.7,,-0.201919,0.666584,,0.155094,9.2207,fluid
666,-31.2315,-876.224,,968.775,0,-223258,,-3.70661,-130.91,,0,0,fluid
667,17.2401,2.61551,,1002.99,-7.91783,23664.1,,1.42551,0.21006,,0.384686,10.7458,fluid
668,22.2145,4.32955,,1002.19,-7.4896,17267.2,,1.16422,0.837258,,-1.21,8.61633,fluid
669,8.64547,2.64678,,1002.49,-7.43458,19653.4,,1.6345,-0.210462,,-1.17762,10.5597,fluid
670,5.73233,0.244251,,1004.85,-13.1372,38628.4,,0.873006,0.0341056,,-1.66123,9.87237,fluid
671,12.526,2.74226,,1002.87,-8.44226,22695.2,,1.70115,0.0996658,,-0.475958,11.1411,fluid
672,23.0448,3.84185,,1001.88,-8.34821,14832,,0.654336,1.0976,,-0.00406478,7.79372,fluid
673,22.8114,2.48997,,1002.8,-11.2369,22181.8,,0.632756,0.866158,,0.370475,8.85106,fluid
674,10.512,3.78427,,1001.56,-4.90349,12316.5,,1.89737,-0.176039,,-0.720752,11.4655,fluid
675,22.7584,3.16727,,1002.15,-6.33706,16995.8,,0.616342,0.662922,,0.0715899,8.78164,fluid
676,19.9171,0.266388,,1005.35,-10.3676,42642.7,,0.692342,0.106599,,0.833075,9.82271,fluid
677,24.1933,2.65872,,1002.83,-11.6009,22410.2,,0.211715,0.805652,,0.457068,8.67511,fluid
678,22.845,4.53932,,1001.94,-11.2012,15287.6,,0.746329,0.995203,,-0.229915,8.7692,fluid
679,24.4941,3.45431,,1001.69,-7.27719,13347.8,,0.451922,0.699241,,0.172903,8.11819,fluid
680,24.5858,2.55362,,1002.6,-11.0772,20600.7,,0.246936,0.68629,,0.522374,7.80943,fluid
681,22.6814,3.90579,,1002.06,-8.90354,16234,,0.836567,1.02111,,-0.893838,8.04012,fluid
682,24.0481,3.30864,,1002.05,-6.13502,16180.5,,0.218659,0.61164,,0.26287,8.44869,fluid
683,16.6979,2.86243,,1002.77,-6.87431,21898,,1.61703,0.159531,,0.0760997,10.8935,fluid
684,7.03031,2.46657,,1002.53,-7.99664,20042.3,,1.41092,-0.176918,,-1.49186,10.5384,fluid
685,18.4241,4.59579,,1000.82,-3.34745,6462.27,,1.1972,0.170106,,-0.424232,11.1038,fluid
686,17.8356,2.11102,,1003.7,-8.95267,29326.8,,1.21425,0.0649643,,0.487784,10.6914,fluid
687,7.14376,1.41884,,1003.75,-11.9481,29749.3,,1.03452,-0.0518388,,-1.62128,10.1036,fluid
688,19.5552,1.48347,,1004.23,-9.97969,33636.9,,0.942752,0.00707813,,0.607565,9.96049,fluid
689,20.4355,4.32349,,1001.92,-5.47345,15159,,1.37164,0.688948,,-0.599203,10.0306,fluid
690,14.8923,3.68609,,1001.91,-4.92356,15049.1,,1.77673,0.188302,,-0.0392404,11.1903,fluid
691,18.9835,0.201691,,1005.54,-10.9259,44201,,0.639782,0.0309543,,0.738912,10.0819,fluid
692,4.88121,1.05445,,1003.87,-12.1827,30756.3,,0.841059,-0.0105652,,-1.38875,10.1216,fluid
693,23.5951,4.07933,,1001.79,-10.5595,14162.8,,0.535593,1.3352,,0.0393811,8.46334,fluid
694,24.1028,5.10007,,1000.71,-8.2086,5556.62,,0.315153,1.69584,,-0.219048,7.42325,fluid
695,24.4386,4.2522,,1002.69,-11.639,21257.8,,-0.333404,0.936657,,0.918925,9.36663,fluid
696,24.445,3.87373,,1001.21,-7.31341,9561.03,,-0.0231324,1.19811,,0.567391,6.53931,fluid
697,11.3561,3.45237,,1001.95,-5.69642,15424.2,,1.97725,-0.00479739,,-0.856582,11.2822,fluid
698,23.4348,4.77923,,1002.42,-8.72722,19120.1,,0.631078,1.22544,,-0.69775,8.34807,fluid
699,6.19959,3.44275,,1000.88,-3.8941,6928.04,,1.56512,-0.273426,,-1.43799,10.8612,fluid
700,17.8126,4.53642,,1000.89,-3.61756,7027.69,,1.19569,0.226797,,0.169201,11.3375,fluid
701,11.3469,2.89987,,1002.41,-8.46957,19077.1,,1.95614,0.0871118,,-1.05412,11.512,fluid
702,13.8763,3.2769,,1002.16,-6.78707,17080.4,,1.786,0.246034,,-0.305614,11.4666,fluid
703,21.9723,5.23669,,1000.59,-0.959085,4676.5,,0.955016,1.4006,,-0.597449,8.35693,fluid
704,18.7804,3.00008,,1002.44,-6.85822,19270.2,,1.58915,0.237787,,0.0526724,10.7106,fluid
705,7.2055,0.24223,,1005.17,-13.7581,41183.2,,0.946376,0.0333828,,-1.67642,9.97911,fluid
706,49.45,-2387.16,,997.967,-0.0003614,-15858.6,,-0.42588,-213.498,,-17.0926,-7.5863,fluid
707,48.7014,-2387.49,,997.963,0.00140189,-15886.3,,1.30989,-217.418,,3.43852,1.4838,fluid
708,-173.974,-1997.21,,998.022,-2.00406,-15432.4,,-10.9971,-197.27,,-1.50677,-4.71305,fluid
709,-174.291,-1998.2,,998.005,-0.940546,-15565,,-8.32076,-198.137,,0.746831,2.36571,fluid
710,24.4276,4.85502,,1001.32,-7.15567,10395.6,,0.140056,1.09928,,0.180556,7.11064,fluid
711,22.4257,4.90424,,1000.22,-3.8997,1761.22,,0.797668,1.41883,,-0.640169,7.67701,fluid
712,23.7879,5.23971,,1000.1,-1.13669,754.722,,0.323842,1.80699,,-0.138595,6.53332,fluid
713,24.3433,5.36571,,1000.36,1.50016,2856.13,,0.0833533,1.71704,,-0.575983,6.68492,fluid
714,23.2879,5.26217,,1000.2,0.353444,1534.29,,0.560218,1.71852,,-0.661747,7.2204,fluid
715,5.35216,1.86901,,1002.86,-10.2427,22669,,1.03282,-0.1267,,-1.30259,10.0378,fluid
716,12.7978,3.26519,,1002.17,-7.00007,17106,,1.78899,0.234094,,-0.381748,11.4806,fluid
717,14.7941,3.09815,,1002.48,-6.99412,19618,,1.78899,0.276579,,-0.315739,11.5053,fluid
718,11.3283,4.34066,,1000.86,-3.59942,6751.31,,2.01053,0.0711326,,-0.902985,11.7302,fluid
719,14.2268,4.55993,,1000.96,-3.38257,7522.14,,1.84734,0.496621,,-0.101698,11.6621,fluid
720,-235.215,-2459.41,,980.019,-0.0468731,-147717,,-12.7341,-220.483,,19.8708,-22.0693,fluid
721,17.2656,3.11542,,1002.45,-6.69371,19392.1,,1.55296,0.20211,,0.438237,10.9499,fluid
722,48.7029,-2387.49,,997.966,-0.0767339,-15863,,1.30504,-217.403,,3.28283,1.42937,fluid
723,-182.47,-1698.48,,970.471,0,-212194,,-10.2059,-182.406,,0,0,fluid
724,48.7014,-2387.49,,997.973,0.026515,-15809.7,,1.32158,-217.417,,3.43141,1.60663,fluid
725,48.7011,-2387.49,,997.966,0.0240826,-15867.3,,1.31442,-217.42,,3.46622,1.53205,fluid
726,48.7011,-2387.49,,997.966,0.0277764,-15868.7,,1.31463,-217.421,,3.47365,1.53445,fluid
727,-235.111,-2459.57,,979.944,0.0432354,-148241,,-9.20732,-218.207,,-30.0635,54.1742,fluid
728,-235.198,-2459.39,,979.861,0.0164581,-148817,,-13.159,-220.079,,10.1928,-32.1049,fluid
729,-174.292,-1998.2,,998,-0.95896,-15598.6,,-8.32365,-198.139,,0.759939,2.34734,fluid
730,22.7589,5.28027,,1000.49,0.324627,3844.08,,0.728149,1.5278,,-0.975795,7.87476,fluid
731,19.2989,4.55877,,1001.11,-4.20061,8769.49,,1.43566,0.394242,,-0.600255,11.0881,fluid
732,17.3246,4.53787,,1000.91,-3.56099,7123.13,,1.246,0.329715,,0.014761,11.1797,fluid
733,1.45941,2.15555,,1002.29,-7.12678,18103.1,,0.412943,-0.522352,,-0.332976,10.0211,fluid
734,7.90183,4.22035,,1000.99,-3.91296,7824.87,,1.74486,-0.158891,,-1.93865,11.3648,fluid
735,15.7,4.58826,,1001,-3.64123,7843.08,,1.35756,0.468525,,-0.267178,11.7535,fluid
