h/dp :,2
L2norm Pressure,KE,dp,Nparticles
37046.2,76485.1,0.5,448

t,18.51
ID,x,y,,rho,drhodt,pressure,,u,v,,dudt,dvdt,type
0,-1.25,-0.25,,1003.82,0,30347.7,,0,0,,0,0,boundary
1,-0.75,-0.25,,1003.88,0,30791.2,,0,0,,0,0,boundary
2,-0.25,-0.25,,1003.92,0,31136.8,,0,0,,0,0,boundary
3,0.25,-0.25,,1003.96,0,31461.7,,0,0,,0,0,boundary
4,0.75,-0.25,,1004,0,31738.9,,0,0,,0,0,boundary
5,1.25,-0.25,,1004.02,0,31963.1,,0,0,,0,0,boundary
6,1.75,-0.25,,1004.03,0,32045.4,,0,0,,0,0,boundary
7,2.25,-0.25,,1004.07,0,32363.8,,0,0,,0,0,boundary
8,2.75,-0.25,,1004.14,0,32857.9,,0,0,,0,0,boundary
9,3.25,-0.25,,1004.17,0,33143.8,,0,0,,0,0,boundary
10,3.75,-0.25,,1004.21,0,33477.3,,0,0,,0,0,boundary
11,4.25,-0.25,,1004.31,0,34268.7,,0,0,,0,0,boundary
12,4.75,-0.25,,1004.42,0,35161.3,,0,0,,0,0,boundary
13,5.25,-0.25,,1004.5,0,35760.4,,0,0,,0,0,boundary
14,5.75,-0.25,,1004.53,0,36028.6,,0,0,,0,0,boundary
15,6.25,-0.25,,1004.59,0,36520.3,,0,0,,0,0,boundary
16,6.75,-0.25,,1004.69,0,37340.1,,0,0,,0,0,boundary
17,7.25,-0.25,,1004.79,0,38104.9,,0,0,,0,0,boundary
18,7.75,-0.25,,1004.86,0,38699.4,,0,0,,0,0,boundary
19,8.25,-0.25,,1004.94,0,39358.1,,0,0,,0,0,boundary
20,8.75,-0.25,,1005.06,0,40322.3,,0,0,,0,0,boundary
21,9.25,-0.25,,1005.23,0,41730.5,,0,0,,0,0,boundary
22,9.75,-0.25,,1005.46,0,43522,,0,0,,0,0,boundary
23,10.25,-0.25,,1005.61,0,44786,,0,0,,0,0,boundary
24,10.75,-0.25,,1005.71,0,45622.6,,0,0,,0,0,boundary
25,11.25,-0.25,,1005.75,0,45881,,0,0,,0,0,boundary
26,11.75,-0.25,,1005.73,0,45714.7,,0,0,,0,0,boundary
27,12.25,-0.25,,1005.74,0,45822.6,,0,0,,0,0,boundary
28,12.75,-0.25,,1005.81,0,46390.8,,0,0,,0,0,boundary
29,13.25,-0.25,,1005.9,0,47098.8,,0,0,,0,0,boundary
30,13.75,-0.25,,1005.99,0,47861.8,,0,0,,0,0,boundary
31,14.25,-0.25,,1006.06,0,48446.8,,0,0,,0,0,boundary
32,14.75,-0.25,,1006.13,0,48972.8,,0,0,,0,0,boundary
33,15.25,-0.25,,1006.21,0,49658.7,,0,0,,0,0,boundary
34,15.75,-0.25,,1006.33,0,50599,,0,0,,0,0,boundary
35,16.25,-0.25,,1006.42,0,51400.8,,0,0,,0,0,boundary
36,16.75,-0.25,,1006.5,0,51999.8,,0,0,,0,0,boundary
37,17.25,-0.25,,1006.57,0,52571.1,,0,0,,0,0,boundary
38,17.75,-0.25,,1006.66,0,53302.5,,0,0,,0,0,boundary
39,18.25,-0.25,,1006.75,0,54025.9,,0,0,,0,0,boundary
40,18.75,-0.25,,1006.82,0,54638.9,,0,0,,0,0,boundary
41,19.25,-0.25,,1006.89,0,55227.5,,0,0,,0,0,boundary
42,19.75,-0.25,,1006.97,0,55866.3,,0,0,,0,0,boundary
43,20.25,-0.25,,1007.01,0,56192,,0,0,,0,0,boundary
44,20.75,-0.25,,1007.01,0,56212.2,,0,0,,0,0,boundary
45,21.25,-0.25,,1007.02,0,56256.6,,0,0,,0,0,boundary
46,21.75,-0.25,,1007.05,0,56528.4,,0,0,,0,0,boundary
47,22.25,-0.25,,1007.11,0,56974.6,,0,0,,0,0,boundary
48,22.75,-0.25,,1007.15,0,57323.6,,0,0,,0,0,boundary
49,23.25,-0.25,,1007.14,0,57223.8,,0,0,,0,0,boundary
50,23.75,-0.25,,1007.1,0,56956.3,,0,0,,0,0,boundary
51,24.25,-0.25,,1007.09,0,56837.5,,0,0,,0,0,boundary
52,24.75,-0.25,,1007.09,0,56839,,0,0,,0,0,boundary
53,25.25,-0.25,,1007.06,0,56574.4,,0,0,,0,0,boundary
54,25.75,-0.25,,1007,0,56143,,0,0,,0,0,boundary
55,26.25,-0.25,,1007.02,0,56294.4,,0,0,,0,0,boundary
56,-1.25,-0.75,,1004.29,0,34066.4,,0,0,,0,0,boundary
57,-0.75,-0.75,,1004.29,0,34099.5,,0,0,,0,0,boundary
58,-0.25,-0.75,,1004.3,0,34148.8,,0,0,,0,0,boundary
59,0.25,-0.75,,1004.34,0,34484.6,,0,0,,0,0,boundary
60,0.75,-0.75,,1004.38,0,34848.3,,0,0,,0,0,boundary
61,1.25,-0.75,,1004.48,0,35627.4,,0,0,,0,0,boundary
62,1.75,-0.75,,1004.55,0,36198.3,,0,0,,0,0,boundary
63,2.25,-0.75,,1004.62,0,36763.5,,0,0,,0,0,boundary
64,2.75,-0.75,,1004.67,0,37153.6,,0,0,,0,0,boundary
65,3.25,-0.75,,1004.68,0,37242.7,,0,0,,0,0,boundary
66,3.75,-0.75,,1004.69,0,37359.2,,0,0,,0,0,boundary
67,4.25,-0.75,,1004.77,0,37961.2,,0,0,,0,0,boundary
68,4.75,-0.75,,1004.88,0,38886.1,,0,0,,0,0,boundary
69,5.25,-0.75,,1004.95,0,39465.9,,0,0,,0,0,boundary
70,5.75,-0.75,,1005.03,0,40045.5,,0,0,,0,0,boundary
71,6.25,-0.75,,1005.09,0,40549.3,,0,0,,0,0,boundary
72,6.75,-0.75,,1005.17,0,41217.8,,0,0,,0,0,boundary
73,7.25,-0.75,,1005.28,0,42122.6,,0,0,,0,0,boundary
74,7.75,-0.75,,1005.39,0,42957.4,,0,0,,0,0,boundary
75,8.25,-0.75,,1005.48,0,43716.1,,0,0,,0,0,boundary
76,8.75,-0.75,,1005.6,0,44686.9,,0,0,,0,0,boundary
77,9.25,-0.75,,1005.76,0,45956.1,,0,0,,0,0,boundary
78,9.75,-0.75,,1005.94,0,47478.7,,0,0,,0,0,boundary
79,10.25,-0.75,,1006.13,0,48986.4,,0,0,,0,0,boundary
80,10.75,-0.75,,1006.25,0,49959.3,,0,0,,0,0,boundary
81,11.25,-0.75,,1006.29,0,50278.6,,0,0,,0,0,boundary
82,11.75,-0.75,,1006.26,0,50060.2,,0,0,,0,0,boundary
83,12.25,-0.75,,1006.28,0,50257.9,,0,0,,0,0,boundary
84,12.75,-0.75,,1006.39,0,51146.3,,0,0,,0,0,boundary
85,13.25,-0.75,,1006.51,0,52071.7,,0,0,,0,0,boundary
86,13.75,-0.75,,1006.6,0,52844.2,,0,0,,0,0,boundary
87,14.25,-0.75,,1006.67,0,53402.3,,0,0,,0,0,boundary
88,14.75,-0.75,,1006.75,0,54043.9,,0,0,,0,0,boundary
89,15.25,-0.75,,1006.85,0,54868,,0,0,,0,0,boundary
90,15.75,-0.75,,1006.93,0,55559,,0,0,,0,0,boundary
91,16.25,-0.75,,1007.01,0,56191.1,,0,0,,0,0,boundary
92,16.75,-0.75,,1007.1,0,56916.7,,0,0,,0,0,boundary
93,17.25,-0.75,,1007.2,0,57734.1,,0,0,,0,0,boundary
94,17.75,-0.75,,1007.29,0,58438,,0,0,,0,0,boundary
95,18.25,-0.75,,1007.32,0,58722.8,,0,0,,0,0,boundary
96,18.75,-0.75,,1007.35,0,58939.8,,0,0,,0,0,boundary
97,19.25,-0.75,,1007.44,0,59678.7,,0,0,,0,0,boundary
98,19.75,-0.75,,1007.55,0,60630.5,,0,0,,0,0,boundary
99,20.25,-0.75,,1007.62,0,61225.8,,0,0,,0,0,boundary
100,20.75,-0.75,,1007.7,0,61859.2,,0,0,,0,0,boundary
101,21.25,-0.75,,1007.77,0,62391.2,,0,0,,0,0,boundary
102,21.75,-0.75,,1007.81,0,62745.4,,0,0,,0,0,boundary
103,22.25,-0.75,,1007.87,0,63209.1,,0,0,,0,0,boundary
104,22.75,-0.75,,1007.89,0,63395.4,,0,0,,0,0,boundary
105,23.25,-0.75,,1007.86,0,63122.6,,0,0,,0,0,boundary
106,23.75,-0.75,,1007.81,0,62712.3,,0,0,,0,0,boundary
107,24.25,-0.75,,1007.78,0,62467.1,,0,0,,0,0,boundary
108,24.75,-0.75,,1007.75,0,62231,,0,0,,0,0,boundary
109,25.25,-0.75,,1007.7,0,61805.2,,0,0,,0,0,boundary
110,25.75,-0.75,,1007.67,0,61566.8,,0,0,,0,0,boundary
111,26.25,-0.75,,1007.75,0,62229.8,,0,0,,0,0,boundary
112,-1.25,-1.25,,1004.84,0,38521.5,,0,0,,0,0,boundary
113,-0.75,-1.25,,1004.85,0,38645.3,,0,0,,0,0,boundary
114,-0.25,-1.25,,1004.85,0,38616.1,,0,0,,0,0,boundary
115,0.25,-1.25,,1004.89,0,38963.1,,0,0,,0,0,boundary
116,0.75,-1.25,,1004.94,0,39323.2,,0,0,,0,0,boundary
117,1.25,-1.25,,1004.96,0,39473.2,,0,0,,0,0,boundary
118,1.75,-1.25,,1005.04,0,40188.4,,0,0,,0,0,boundary
119,2.25,-1.25,,1005.11,0,40697.6,,0,0,,0,0,boundary
120,2.75,-1.25,,1005.2,0,41450.9,,0,0,,0,0,boundary
121,3.25,-1.25,,1005.29,0,42185.8,,0,0,,0,0,boundary
122,3.75,-1.25,,1005.32,0,42408.3,,0,0,,0,0,boundary
123,4.25,-1.25,,1005.31,0,42351.3,,0,0,,0,0,boundary
124,4.75,-1.25,,1005.39,0,42988.1,,0,0,,0,0,boundary
125,5.25,-1.25,,1005.48,0,43726.5,,0,0,,0,0,boundary
126,5.75,-1.25,,1005.57,0,44441.6,,0,0,,0,0,boundary
127,6.25,-1.25,,1005.65,0,45133.3,,0,0,,0,0,boundary
128,6.75,-1.25,,1005.76,0,45962.2,,0,0,,0,0,boundary
129,7.25,-1.25,,1005.9,0,47098.3,,0,0,,0,0,boundary
130,7.75,-1.25,,1006.04,0,48265.2,,0,0,,0,0,boundary
131,8.25,-1.25,,1006.14,0,49059.7,,0,0,,0,0,boundary
132,8.75,-1.25,,1006.24,0,49857.7,,0,0,,0,0,boundary
133,9.25,-1.25,,1006.37,0,50971,,0,0,,0,0,boundary
134,9.75,-1.25,,1006.53,0,52298.7,,0,0,,0,0,boundary
135,10.25,-1.25,,1006.67,0,53419.3,,0,0,,0,0,boundary
136,10.75,-1.25,,1006.73,0,53901.9,,0,0,,0,0,boundary
137,11.25,-1.25,,1006.71,0,53740.3,,0,0,,0,0,boundary
138,11.75,-1.25,,1006.68,0,53499.5,,0,0,,0,0,boundary
139,12.25,-1.25,,1006.76,0,54171.6,,0,0,,0,0,boundary
140,12.75,-1.25,,1006.92,0,55427.9,,0,0,,0,0,boundary
141,13.25,-1.25,,1007.03,0,56370.4,,0,0,,0,0,boundary
142,13.75,-1.25,,1007.1,0,56944.9,,0,0,,0,0,boundary
143,14.25,-1.25,,1007.16,0,57451,,0,0,,0,0,boundary
144,14.75,-1.25,,1007.25,0,58152.1,,0,0,,0,0,boundary
145,15.25,-1.25,,1007.34,0,58925,,0,0,,0,0,boundary
146,15.75,-1.25,,1007.4,0,59405.3,,0,0,,0,0,boundary
147,16.25,-1.25,,1007.46,0,59852.4,,0,0,,0,0,boundary
148,16.75,-1.25,,1007.57,0,60752.8,,0,0,,0,0,boundary
149,17.25,-1.25,,1007.68,0,61695.9,,0,0,,0,0,boundary
150,17.75,-1.25,,1007.72,0,61969.7,,0,0,,0,0,boundary
151,18.25,-1.25,,1007.72,0,62016.8,,0,0,,0,0,boundary
152,18.75,-1.25,,1007.84,0,63028.2,,0,0,,0,0,boundary
153,19.25,-1.25,,1008.08,0,64973,,0,0,,0,0,boundary
154,19.75,-1.25,,1008.23,0,66191.7,,0,0,,0,0,boundary
155,20.25,-1.25,,1008.34,0,67105.7,,0,0,,0,0,boundary
156,20.75,-1.25,,1008.42,0,67809.9,,0,0,,0,0,boundary
157,21.25,-1.25,,1008.44,0,67950.6,,0,0,,0,0,boundary
158,21.75,-1.25,,1008.47,0,68206.4,,0,0,,0,0,boundary
159,22.25,-1.25,,1008.51,0,68540.6,,0,0,,0,0,boundary
160,22.75,-1.25,,1008.56,0,68954.5,,0,0,,0,0,boundary
161,23.25,-1.25,,1008.63,0,69522.9,,0,0,,0,0,boundary
162,23.75,-1.25,,1008.64,0,69579,,0,0,,0,0,boundary
163,24.25,-1.25,,1008.57,0,69037.3,,0,0,,0,0,boundary
164,24.75,-1.25,,1008.46,0,68099.2,,0,0,,0,0,boundary
165,25.25,-1.25,,1008.42,0,67746.7,,0,0,,0,0,boundary
166,25.75,-1.25,,1008.48,0,68283,,0,0,,0,0,boundary
167,26.25,-1.25,,1008.62,0,69390.9,,0,0,,0,0,boundary
168,-0.25,0.25,,1003.35,0,26517.6,,0,0,,0,0,boundary
169,-0.25,0.75,,1002.78,0,22012.3,,0,0,,0,0,boundary
170,-0.25,1.25,,1002.28,0,17995.2,,0,0,,0,0,boundary
171,-0.25,1.75,,1001.76,0,13852.3,,0,0,,0,0,boundary
172,-0.25,2.25,,1001.07,0,8434.85,,0,0,,0,0,boundary
173,-0.25,2.75,,1000.25,0,1942.61,,0,0,,0,0,boundary
174,-0.25,3.25,,1000.75,0,5864.46,,0,0,,0,0,boundary
175,-0.25,3.75,,1000.65,0,5093.76,,0,0,,0,0,boundary
176,-0.25,4.25,,1000.59,0,4623.03,,0,0,,0,0,boundary
177,-0.25,4.75,,1000,0,0,,0,0,,0,0,boundary
178,-0.25,5.25,,1000,0,0,,0,0,,0,0,boundary
179,-0.25,5.75,,1000,0,0,,0,0,,0,0,boundary
180,-0.25,6.25,,1000,0,0,,0,0,,0,0,boundary
181,-0.25,6.75,,1000,0,0,,0,0,,0,0,boundary
182,-0.25,7.25,,1000,0,0,,0,0,,0,0,boundary
183,-0.25,7.75,,1000,0,0,,0,0,,0,0,boundary
184,-0.25,8.25,,1000,0,0,,0,0,,0,0,boundary
185,-0.25,8.75,,1000,0,0,,0,0,,0,0,boundary
186,-0.25,9.25,,1000,0,0,,0,0,,0,0,boundary
187,-0.25,9.75,,1000,0,0,,0,0,,0,0,boundary
188,-0.75,0.25,,1003.31,0,26199.5,,0,0,,0,0,boundary
189,-0.75,0.75,,1002.77,0,21924,,0,0,,0,0,boundary
190,-0.75,1.25,,1002.28,0,17997.8,,0,0,,0,0,boundary
191,-0.75,1.75,,1001.67,0,13154.5,,0,0,,0,0,boundary
192,-0.75,2.25,,1000.89,0,6971.7,,0,0,,0,0,boundary
193,-0.75,2.75,,1000.11,0,836.288,,0,0,,0,0,boundary
194,-0.75,3.25,,1000.69,0,5456.37,,0,0,,0,0,boundary
195,-0.75,3.75,,1000.6,0,4708.42,,0,0,,0,0,boundary
196,-0.75,4.25,,1000.54,0,4247.92,,0,0,,0,0,boundary
197,-0.75,4.75,,1000.52,0,4073.55,,0,0,,0,0,boundary
198,-0.75,5.25,,1000,0,0,,0,0,,0,0,boundary
199,-0.75,5.75,,1000,0,0,,0,0,,0,0,boundary
200,-0.75,6.25,,1000,0,0,,0,0,,0,0,boundary
201,-0.75,6.75,,1000,0,0,,0,0,,0,0,boundary
202,-0.75,7.25,,1000,0,0,,0,0,,0,0,boundary
203,-0.75,7.75,,1000,0,0,,0,0,,0,0,boundary
204,-0.75,8.25,,1000,0,0,,0,0,,0,0,boundary
205,-0.75,8.75,,1000,0,0,,0,0,,0,0,boundary
206,-0.75,9.25,,1000,0,0,,0,0,,0,0,boundary
207,-0.75,9.75,,1000,0,0,,0,0,,0,0,boundary
208,-1.25,0.25,,1003.26,0,25817.1,,0,0,,0,0,boundary
209,-1.25,0.75,,1002.7,0,21401.5,,0,0,,0,0,boundary
210,-1.25,1.25,,1002.27,0,17915.4,,0,0,,0,0,boundary
211,-1.25,1.75,,1001.67,0,13159.4,,0,0,,0,0,boundary
212,-1.25,2.25,,1000.87,0,6823.65,,0,0,,0,0,boundary
213,-1.25,2.75,,1000.11,0,837.412,,0,0,,0,0,boundary
214,-1.25,3.25,,999.543,0,-3578.43,,0,0,,0,0,boundary
215,-1.25,3.75,,1000.56,0,4404.44,,0,0,,0,0,boundary
216,-1.25,4.25,,1000.51,0,4006.64,,0,0,,0,0,boundary
217,-1.25,4.75,,1000.5,0,3905.69,,0,0,,0,0,boundary
218,-1.25,5.25,,1000,0,0,,0,0,,0,0,boundary
219,-1.25,5.75,,1000,0,0,,0,0,,0,0,boundary
220,-1.25,6.25,,1000,0,0,,0,0,,0,0,boundary
221,-1.25,6.75,,1000,0,0,,0,0,,0,0,boundary
222,-1.25,7.25,,1000,0,0,,0,0,,0,0,boundary
223,-1.25,7.75,,1000,0,0,,0,0,,0,0,boundary
224,-1.25,8.25,,1000,0,0,,0,0,,0,0,boundary
225,-1.25,8.75,,1000,0,0,,0,0,,0,0,boundary
226,-1.25,9.25,,1000,0,0,,0,0,,0,0,boundary
227,-1.25,9.75,,1000,0,0,,0,0,,0,0,boundary
228,25.25,0.25,,1006.43,0,51482.3,,0,0,,0,0,boundary
229,25.25,0.75,,1005.78,0,46145,,0,0,,0,0,boundary
230,25.25,1.25,,1005.15,0,41015.7,,0,0,,0,0,boundary
231,25.25,1.75,,1004.56,0,36246.3,,0,0,,0,0,boundary
232,25.25,2.25,,1003.97,0,31565.2,,0,0,,0,0,boundary
233,25.25,2.75,,1003.37,0,26717.6,,0,0,,0,0,boundary
234,25.25,3.25,,1002.86,0,22621,,0,0,,0,0,boundary
235,25.25,3.75,,1002.6,0,20553.7,,0,0,,0,0,boundary
236,25.25,4.25,,1002.45,0,19385,,0,0,,0,0,boundary
237,25.25,4.75,,1001.76,0,13884.6,,0,0,,0,0,boundary
238,25.25,5.25,,1001.57,0,12373.3,,0,0,,0,0,boundary
239,25.25,5.75,,1001.36,0,10704.9,,0,0,,0,0,boundary
240,25.25,6.25,,1000.92,0,7235.03,,0,0,,0,0,boundary
241,25.25,6.75,,1000,0,0,,0,0,,0,0,boundary
242,25.25,7.25,,1000,0,0,,0,0,,0,0,boundary
243,25.25,7.75,,1000,0,0,,0,0,,0,0,boundary
244,25.25,8.25,,1000,0,0,,0,0,,0,0,boundary
245,25.25,8.75,,1000,0,0,,0,0,,0,0,boundary
246,25.25,9.25,,1000,0,0,,0,0,,0,0,boundary
247,25.25,9.75,,1000,0,0,,0,0,,0,0,boundary
248,25.75,0.25,,1006.4,0,51219.4,,0,0,,0,0,boundary
249,25.75,0.75,,1005.77,0,46073.2,,0,0,,0,0,boundary
250,25.75,1.25,,1005.14,0,40957.8,,0,0,,0,0,boundary
251,25.75,1.75,,1004.53,0,36053.3,,0,0,,0,0,boundary
252,25.75,2.25,,1003.92,0,31163.1,,0,0,,0,0,boundary
253,25.75,2.75,,1003.29,0,26079.8,,0,0,,0,0,boundary
254,25.75,3.25,,1002.72,0,21537.5,,0,0,,0,0,boundary
255,25.75,3.75,,1002.46,0,19483.5,,0,0,,0,0,boundary
256,25.75,4.25,,1002.27,0,17910.3,,0,0,,0,0,boundary
257,25.75,4.75,,1001.62,0,12803.3,,0,0,,0,0,boundary
258,25.75,5.25,,1001.37,0,10765.7,,0,0,,0,0,boundary
259,25.75,5.75,,1001.18,0,9306.7,,0,0,,0,0,boundary
260,25.75,6.25,,1000.89,0,6974.31,,0,0,,0,0,boundary
261,25.75,6.75,,1000,0,0,,0,0,,0,0,boundary
262,25.75,7.25,,1000,0,0,,0,0,,0,0,boundary
263,25.75,7.75,,1000,0,0,,0,0,,0,0,boundary
264,25.75,8.25,,1000,0,0,,0,0,,0,0,boundary
265,25.75,8.75,,1000,0,0,,0,0,,0,0,boundary
266,25.75,9.25,,1000,0,0,,0,0,,0,0,boundary
267,25.75,9.75,,1000,0,0,,0,0,,0,0,boundary
268,26.25,0.25,,1006.43,0,51416.1,,0,0,,0,0,boundary
269,26.25,0.75,,1005.85,0,46700.8,,0,0,,0,0,boundary
270,26.25,1.25,,1005.23,0,41676,,0,0,,0,0,boundary
271,26.25,1.75,,1004.56,0,36298.2,,0,0,,0,0,boundary
272,26.25,2.25,,1003.92,0,31117.6,,0,0,,0,0,boundary
273,26.25,2.75,,1003.26,0,25846.9,,0,0,,0,0,boundary
274,26.25,3.25,,1002.62,0,20718.3,,0,0,,0,0,boundary
275,26.25,3.75,,1002.15,0,16943.7,,0,0,,0,0,boundary
276,26.25,4.25,,1001.76,0,13881.2,,0,0,,0,0,boundary
277,26.25,4.75,,1001.02,0,8039.41,,0,0,,0,0,boundary
278,26.25,5.25,,1001.25,0,9839.59,,0,0,,0,0,boundary
279,26.25,5.75,,1001.11,0,8748.12,,0,0,,0,0,boundary
280,26.25,6.25,,1000.92,0,7232.08,,0,0,,0,0,boundary
281,26.25,6.75,,1000.79,0,6186.76,,0,0,,0,0,boundary
282,26.25,7.25,,1000,0,0,,0,0,,0,0,boundary
283,26.25,7.75,,1000,0,0,,0,0,,0,0,boundary
284,26.25,8.25,,1000,0,0,,0,0,,0,0,boundary
285,26.25,8.75,,1000,0,0,,0,0,,0,0,boundary
286,26.25,9.25,,1000,0,0,,0,0,,0,0,boundary
287,26.25,9.75,,1000,0,0,,0,0,,0,0,boundary
288,0.746566,1.12199,,1002.57,-24.0237,20307.8,,0.355241,-0.3143,,-0.533196,9.73178,fluid
289,0.173149,1.05182,,1002.47,-24.7326,19499.6,,0.0231593,0.065085,,0.0632831,9.70355,fluid
290,0.190113,1.93345,,1001.73,-16.9613,13658.2,,-0.0652164,-0.127262,,0.0482783,9.83552,fluid
291,0.294721,0.174448,,1003.53,-26.9889,27986.5,,-0.136322,-0.0132712,,-0.239767,9.15259,fluid
292,0.809787,0.671581,,1002.85,-24.989,22531.7,,-0.115359,-0.228953,,-0.419919,9.32119,fluid
293,0.461619,1.53522,,1002.14,-21.4888,16874.8,,-0.0594551,-0.196762,,-0.402249,9.56114,fluid
294,2.29363,2.62794,,1000.84,-8.31981,6598.7,,0.110089,-0.0508514,,-0.776511,9.22194,fluid
295,0.973412,1.51876,,1002.29,-20.9074,18092.9,,0.0459283,-0.267418,,-0.210244,9.63551,fluid
296,0.689315,2.24215,,1000.89,-9.84924,6973.47,,0.200789,-0.22665,,-0.67617,9.97943,fluid
297,3.42778,1.56621,,1002.32,-17.5848,18352.8,,0.290866,-0.0436196,,-0.895971,9.58932,fluid
298,0.272301,2.43144,,1000.82,-10.3674,6459.81,,-0.135623,-0.288951,,-0.155599,10.6022,fluid
299,1.87067,2.20696,,1001.43,-12.2219,11276.9,,0.143621,-0.084157,,-0.880111,9.52211,fluid
300,2.51685,2.02742,,1001.81,-13.3599,14260.7,,-0.042506,-0.206032,,-0.746382,9.77646,fluid
301,2.1371,2.83366,,1000.48,-6.61869,3754.62,,0.124199,-0.0558513,,-0.883011,8.9011,fluid
302,2.83699,2.55014,,1001.26,-7.88088,9911.83,,-0.00517526,-0.215233,,-0.676214,9.68013,fluid
303,3.95663,2.80247,,1000.73,-6.01503,5777.54,,0.13584,-0.204278,,-0.9486,9.8356,fluid
304,0.939876,0.162252,,1003.59,-24.7815,28457.7,,0.316028,-0.0998555,,-0.552254,9.60141,fluid
305,0.300356,0.581825,,1002.93,-27.1811,23167.8,,0.10284,-0.0224586,,-0.219541,9.69786,fluid
306,1.66052,1.04551,,1002.71,-21.398,21458.3,,0.361345,-0.316827,,-0.893833,9.67065,fluid
307,1.72334,0.23011,,1003.45,-23.8805,27379.1,,0.213373,0.11154,,-0.372541,9.19731,fluid
308,2.07439,0.732607,,1003.07,-23.0134,24277.8,,0.316412,-0.058702,,-0.929284,9.33841,fluid
309,1.24534,0.857916,,1002.56,-22.9665,20218.3,,0.248901,0.0401347,,-0.434158,9.80782,fluid
310,1.41374,0.419712,,1003.38,-23.8173,26785.1,,0.168971,-0.12851,,-0.824586,9.59192,fluid
311,3.58756,2.51303,,1001.13,-7.4561,8921.07,,-0.085851,-0.0882277,,-0.864046,9.64549,fluid
312,1.13313,2.01394,,1001.74,-15.3499,13765.6,,-0.09827,-0.183416,,-0.500411,9.6727,fluid
313,1.76359,1.7967,,1001.87,-16.9473,14752,,-0.0379215,-0.120205,,-0.383053,9.61374,fluid
314,2.40426,1.67898,,1002.11,-17.0904,16632.3,,0.101601,-0.0335179,,-1.17644,9.20062,fluid
315,4.70822,2.81424,,1000.75,-4.90894,5904.33,,0.244243,-0.218369,,-1.13754,10.0586,fluid
316,5.75283,2.94903,,1000.75,-3.95853,5868.77,,0.372209,-0.121294,,-1.36318,9.95137,fluid
317,3.89876,2.10492,,1001.92,-13.0843,15137,,0.128159,0.0573316,,-1.04454,9.76298,fluid
318,5.02267,2.96965,,1000.62,-4.32278,4892.22,,0.38747,-0.15393,,-1.37913,10.0292,fluid
319,5.207,3.3347,,1000.62,-2.78722,4852.1,,0.413338,-0.169037,,-1.38234,10.008,fluid
320,2.22565,0.232178,,1003.49,-23.3833,27715.4,,0.475101,0.0259055,,-0.810542,9.4722,fluid
321,5.73976,0.178254,,1004.12,-13.2831,32714,,0.491176,0.0338617,,-1.81172,9.48441,fluid
322,7.50493,0.229235,,1004.41,-4.27778,35098.6,,0.257177,-0.109241,,-1.67683,9.83607,fluid
323,2.07017,1.30036,,1002.23,-20.9707,17603.4,,0.0953759,-0.000446863,,-0.641235,9.72904,fluid
324,2.48796,0.964261,,1002.75,-20.9587,21784.2,,0.321652,0.00856835,,-0.742502,9.49723,fluid
325,2.88835,0.183617,,1003.75,-21.7313,29739.3,,0.381108,-0.0573707,,-0.425255,9.49157,fluid
326,2.95525,1.65714,,1002.11,-17.7827,16684.7,,0.148946,-0.109833,,-0.858266,9.66671,fluid
327,2.8615,1.21793,,1002.67,-19.5113,21087.9,,0.225125,-0.110317,,-0.63112,9.43485,fluid
328,4.29752,0.439396,,1003.59,-17.8147,28441.4,,0.394527,0.0386415,,-1.19317,9.83616,fluid
329,1.49218,1.54268,,1001.99,-18.8406,15706.7,,-0.0242653,-0.025131,,-0.876214,9.18282,fluid
330,4.44764,1.76651,,1002.47,-14.5044,19539,,0.0650725,-0.00353055,,-0.669668,9.78248,fluid
331,3.98079,1.72232,,1002.42,-15.8171,19134.2,,0.223914,-0.156119,,-1.15078,9.46595,fluid
332,7.98393,3.59493,,1000.53,-0.0564471,4149.32,,0.51745,-0.207724,,-1.48207,9.99872,fluid
333,8.15383,3.40312,,1000.71,0.175416,5550.04,,0.571199,-0.228467,,-1.26674,10.0255,fluid
334,6.21014,3.15366,,1000.64,-2.46775,5017.82,,0.494114,-0.149494,,-1.52619,9.77182,fluid
335,9.29452,3.92843,,1000.69,1.0768,5440.83,,1.04687,-0.250638,,-1.91892,10.0732,fluid
336,9.38247,0.338089,,1004.67,7.57463,37134.2,,0.569279,-0.0934809,,-1.63419,10.258,fluid
337,9.85198,0.191921,,1005.09,11.4331,40566.1,,0.357044,-0.00139959,,-1.50703,9.89081,fluid
338,9.09995,0.771832,,1004.19,6.08172,33308.9,,0.632381,-0.121586,,-1.56247,9.88506,fluid
339,6.27783,0.216875,,1004.12,-11.4187,32715.2,,0.440653,0.0858656,,-1.18297,9.68199,fluid
340,6.33651,1.43882,,1003,-9.66874,23790.4,,0.310699,-0.0375485,,-1.30354,9.84331,fluid
341,3.87306,0.160402,,1003.84,-19.8472,30482.7,,0.574492,0.0622609,,-0.931903,9.70209,fluid
342,9.14265,1.25918,,1003.61,5.96308,28656.1,,0.599639,0.0930388,,-1.91369,9.73229,fluid
343,2.68221,0.494757,,1003.39,-21.5484,26875.8,,0.363991,-0.0815712,,-0.836664,10.2182,fluid
344,7.41246,1.06162,,1003.62,-4.66582,28707,,0.645088,-0.0160061,,-1.66208,9.85623,fluid
345,3.18183,0.819796,,1003.06,-19.7594,24274.3,,0.365999,-0.0233421,,-1.26918,9.47083,fluid
346,4.10842,1.23639,,1002.83,-17.49,22408.9,,0.345363,-0.0651443,,-0.875247,9.60577,fluid
347,3.60575,1.08599,,1003,-19.8679,23788.2,,0.250389,-0.0544786,,-1.01794,10.0213,fluid
348,2.69002,3.05305,,1000.43,-4.0052,3407.64,,0.162476,-0.0902782,,-0.515428,9.1022,fluid
349,4.27813,3.07312,,1000.56,-3.17481,4389.05,,0.328084,-0.246958,,-0.548497,9.80249,fluid
350,1.43734,2.91303,,1000.52,-5.82351,4073.55,,0.10925,-0.143298,,-1.27137,9.39308,fluid
351,3.30708,2.83843,,1000.53,-6.18439,4192.74,,0.256288,-0.102335,,-0.69046,9.65833,fluid
352,10.1458,1.51712,,1003.56,11.092,28236.7,,0.569651,0.385519,,-1.57291,9.49996,fluid
353,9.8299,0.737209,,1004.22,11.1937,33522.6,,0.541632,0.419411,,-1.77057,9.92531,fluid
354,8.65105,0.900579,,1003.94,3.36201,31290.5,,0.802021,-0.0263931,,-1.80923,9.8749,fluid
355,10.2982,1.07229,,1004.06,14.1976,32241.8,,0.540843,0.351329,,-1.78566,9.68009,fluid
356,7.62251,0.68698,,1003.98,-3.63394,31605.3,,0.660701,-0.00510803,,-1.62323,9.65311,fluid
357,8.9539,0.225777,,1004.58,4.55443,36418.2,,0.363192,0.0873273,,-1.88886,9.57948,fluid
358,10.5811,2.00921,,1002.98,12.0556,23597.8,,0.666162,0.27837,,-1.3736,9.45374,fluid
359,4.69306,0.185851,,1003.97,-17.5036,31537.4,,0.501741,0.0727998,,-1.58851,9.5936,fluid
360,3.40254,0.321808,,1003.55,-20.549,28165.2,,0.562159,-0.0393362,,-1.33727,9.59878,fluid
361,5.45001,1.08262,,1003.24,-13.3709,25697.7,,0.334364,-0.0427874,,-1.47585,9.69392,fluid
362,3.76331,0.689343,,1003.31,-19.888,26274.6,,0.36479,0.0378242,,-0.62727,9.54359,fluid
363,7.02232,0.607883,,1003.89,-6.86286,30854.5,,0.683415,0.0495636,,-1.22975,9.92118,fluid
364,12.2486,4.26313,,1000.67,5.81647,5232.48,,1.71265,-0.43256,,-1.72741,9.14606,fluid
365,1.95265,3.01473,,1000.45,-4.54481,3560.86,,0.149913,-0.0836481,,-1.07331,8.87697,fluid
366,10.6326,4.00938,,1000.59,3.74992,4620.43,,1.4048,-0.279575,,-1.69505,9.78849,fluid
367,18.5021,5.12777,,1000.76,5.64306,5966.55,,2.63732,-0.313597,,-0.47821,9.9694,fluid
368,14.1185,3.25661,,1002.21,19.175,17496.1,,1.66482,-0.38934,,-1.46562,9.30386,fluid
369,14.9859,2.37598,,1003.36,26.5064,26645.2,,1.15541,-0.592969,,-0.999547,10.0622,fluid
370,8.02778,1.19723,,1003.65,-1.22206,28927.6,,0.676557,-0.0449863,,-1.83571,10.0297,fluid
371,9.61753,1.59695,,1003.49,8.0332,27668.7,,0.430113,0.091734,,-1.65956,10.1644,fluid
372,14.6979,3.03838,,1002.55,22.4605,20133.2,,1.58645,-0.431102,,-1.31054,9.23325,fluid
373,14.7637,2.60454,,1002.98,25.2062,23597.6,,1.07438,-0.398313,,-1.83568,9.95628,fluid
374,13.3306,2.86243,,1002.44,19.2859,19323.9,,1.40007,-0.225789,,-1.14749,9.54516,fluid
375,11.126,3.84893,,1000.68,5.59233,5323.67,,1.39387,-0.192276,,-1.81255,9.21097,fluid
376,8.05273,0.192363,,1004.44,-1.34918,35320.9,,0.460672,0.0210226,,-1.74452,9.84756,fluid
377,4.81345,2.14684,,1002.02,-10.7055,15974.4,,0.318014,-0.119103,,-1.37783,9.7466,fluid
378,11.6371,3.98113,,1000.65,5.62203,5136.82,,1.46275,-0.269648,,-1.47762,9.3197,fluid
379,6.4897,0.629569,,1003.72,-9.89875,29508.5,,0.597713,0.124785,,-1.54882,9.72807,fluid
380,5.26549,2.71046,,1000.88,-5.54222,6930.97,,0.187079,0.0111382,,-1.12599,9.68185,fluid
381,7.19626,3.47752,,1000.62,-0.847562,4849.09,,0.651648,-0.127566,,-1.70428,9.8593,fluid
382,9.83452,3.95877,,1000.62,1.84264,4901.61,,1.11336,-0.30254,,-1.90574,9.88927,fluid
383,14.8806,4.917,,1000.72,7.02371,5696.8,,1.86352,-0.827156,,-1.01253,9.56829,fluid
384,17.9518,3.36035,,1002.76,13.6171,21842.9,,2.02516,-0.452332,,-0.492841,10.3514,fluid
385,12.3236,2.21315,,1002.97,19.5209,23513.5,,0.572369,-0.109254,,-1.565,9.65004,fluid
386,10.6092,0.290729,,1005.06,16.7254,40280.4,,0.132801,-0.0592827,,-1.51141,9.53465,fluid
387,16.6097,1.75766,,1004.16,28.2875,33064.4,,0.904173,-0.398862,,-1.1149,9.27476,fluid
388,11.1265,2.04654,,1002.98,14.3191,23559.9,,0.741355,0.23444,,-1.44504,9.59664,fluid
389,16.2578,2.17026,,1003.83,25.2077,30391.3,,1.14595,-0.181038,,-1.07815,9.99431,fluid
390,15.784,2.80027,,1002.97,23.7915,23495.1,,1.49614,-0.52222,,-2.08838,8.95118,fluid
391,12.7332,3.69269,,1001.42,10.738,11159.2,,1.77659,-0.318426,,-1.30079,9.26557,fluid
392,14.0998,2.75555,,1002.58,23.2332,20378.3,,1.252,-0.275608,,-1.48892,9.70651,fluid
393,13.4509,2.50006,,1002.9,23.5354,22921.3,,0.925864,-0.307071,,-1.09336,9.27244,fluid
394,9.94165,3.66167,,1000.78,4.0185,6118.72,,1.10896,-0.268498,,-1.86033,9.76033,fluid
395,4.41186,0.883509,,1003.1,-17.0629,24594.8,,0.62148,0.0427363,,-1.28221,9.58052,fluid
396,4.88428,0.90126,,1003.29,-16.0969,26099.2,,0.444759,-0.0280613,,-0.995638,9.59962,fluid
397,14.7883,4.04417,,1001.75,16.1775,13776.3,,2.01319,-0.488574,,-1.78062,9.67848,fluid
398,8.62929,3.82551,,1000.65,0.694526,5134.62,,0.8478,-0.315677,,-1.56629,10.2005,fluid
399,3.94862,3.21028,,1000.57,-3.56817,4468.95,,0.127792,-0.227718,,-1.08122,9.75938,fluid
400,12.3225,2.6053,,1002.43,18.3845,19171.6,,1.0702,0.100499,,-0.907682,9.62871,fluid
401,12.7471,-361.5,,971.109,0,-208004,,0.0507695,-83.8973,,0,0,fluid
402,8.15934,2.14055,,1002.57,0.146671,20313.7,,0.219161,-0.104558,,-1.65857,9.77722,fluid
403,14.0728,2.38845,,1002.89,24.2761,22910.6,,1.0665,-0.350981,,-1.34953,10.0709,fluid
404,9.21021,2.04013,,1002.89,5.79718,22881.8,,0.597565,0.0214542,,-1.44054,9.73639,fluid
405,5.8847,1.92305,,1002.5,-9.98742,19734.7,,0.497426,-0.120767,,-1.09677,9.82651,fluid
406,11.1621,1.57176,,1003.53,17.2964,28004.7,,0.564109,0.103226,,-1.64215,9.25791,fluid
407,15.2211,3.99224,,1001.84,16.1091,14545,,1.84775,-0.537142,,-1.75102,9.28424,fluid
408,11.0428,0.275227,,1005.11,19.1449,40700.8,,0.0607972,0.0942113,,-1.56618,9.63342,fluid
409,15.0372,1.87392,,1003.87,30.1583,30703.9,,0.740029,-0.303355,,-1.39912,8.97004,fluid
410,16.183,4.76652,,1000.89,7.84651,6994.19,,2.14257,-0.830808,,-0.890009,9.68722,fluid
411,5.76709,2.36787,,1001.97,-7.67341,15540.9,,0.388428,-0.0668708,,-1.53588,9.90716,fluid
412,12.9562,4.3556,,1000.84,7.28571,6590.49,,1.86073,-0.293182,,-1.30511,9.88214,fluid
413,17.0676,4.28504,,1001.96,12.4947,15483.2,,2.3362,-0.671703,,-0.985605,9.50068,fluid
414,15.1741,4.66551,,1000.98,9.19072,7675.41,,1.96534,-0.775176,,-1.06567,9.45225,fluid
415,4.40094,2.48756,,1001.12,-7.73618,8846.3,,0.208767,-0.145294,,-0.966336,9.62361,fluid
416,11.7479,2.4405,,1002.59,16.2856,20515.1,,0.884918,-0.0221483,,-1.64882,9.42502,fluid
417,12.4873,3.98724,,1000.81,8.28237,6389.91,,1.61948,-0.325191,,-1.35769,8.9887,fluid
418,12.9618,2.28687,,1002.99,22.7865,23676.9,,0.871978,-0.0367901,,-1.55968,10.3937,fluid
419,13.8223,1.37211,,1004.01,30.5219,31832.6,,0.305459,-0.0360961,,-1.75435,9.80763,fluid
420,14.5364,2.01648,,1003.64,27.3569,28903.9,,0.833105,-0.0797514,,-1.17779,9.34095,fluid
421,14.042,1.93698,,1003.73,26.8907,29603,,0.617559,-0.379355,,-1.11351,9.54648,fluid
422,15.6581,2.03581,,1003.81,28.7254,30240.4,,1.12462,-0.168587,,-1.03636,9.23808,fluid
423,18.0026,2.86496,,1003.07,15.4561,24313.5,,1.8669,-0.143485,,-0.570168,10.1583,fluid
424,8.39135,1.83688,,1002.83,0.794721,22435.3,,0.499709,0.0727131,,-1.36995,9.90656,fluid
425,10.3449,3.26317,,1001.82,6.12898,14348.4,,1.07692,0.0629971,,-2.16875,9.93096,fluid
426,17.7223,2.44461,,1003.46,22.3238,27450.7,,1.35232,-0.518155,,-1.49729,9.55483,fluid
427,13.8808,4.28022,,1001.13,9.55886,8933.32,,1.91033,-0.479145,,-2.09065,9.32482,fluid
428,5.79637,3.27484,,1000.58,-2.11798,4537.64,,0.459897,-0.140623,,-1.39445,9.84524,fluid
429,8.97818,2.36619,,1002.43,4.22104,19187.7,,0.483241,-0.0654234,,-1.68905,9.92549,fluid
430,18.8748,5.16337,,1000.65,3.17522,5114.32,,3.05947,-0.133406,,0.24849,10.6797,fluid
431,11.6003,4.50866,,1000.67,4.51171,5305.29,,1.48333,-0.408802,,-1.90618,9.31027,fluid
432,15.4464,2.30953,,1003.45,26.9637,27369.7,,1.27368,-0.393669,,-1.35787,10.8709,fluid
433,11.4302,0.35936,,1005.03,21.3786,40094.8,,-0.0497029,0.191543,,-1.24395,9.56276,fluid
434,12.0076,1.67974,,1003.63,21.2223,28831.7,,0.61707,-0.0765393,,-1.29285,9.78416,fluid
435,20.3504,3.72588,,1002.19,2.94055,17270.7,,1.99192,1.1202,,-0.283344,12.0431,fluid
436,17.063,1.87858,,1003.95,24.0197,31377.6,,0.951209,-0.145301,,-1.08939,9.14274,fluid
437,17.5775,1.86233,,1004.13,22.5378,32819,,1.17992,-0.0107313,,-0.853697,10.1447,fluid
438,6.56067,1.81727,,1002.57,-7.38078,20343.1,,0.388953,-0.0469885,,-1.49242,9.58663,fluid
439,18.5542,3.80615,,1002.39,12,18908.8,,2.16694,-0.179388,,-0.903546,9.51157,fluid
440,15.6265,1.53171,,1004.16,31.2915,33031.1,,0.706707,-0.261534,,-1.00654,10.6428,fluid
441,9.95428,2.63165,,1002.28,8.90232,17994.5,,0.84425,0.0109863,,-1.4629,9.96763,fluid
442,5.69892,1.54488,,1002.76,-12.3256,21859.9,,0.285919,-0.0679952,,-1.46448,9.80714,fluid
443,9.19945,3.0594,,1001.97,2.44374,15535.3,,0.856884,0.000488947,,-2.25315,9.93902,fluid
444,9.60249,3.45028,,1000.33,3.40856,2584.5,,0.714525,0.0076288,,-1.32773,9.25649,fluid
445,0.60967,2.59594,,1000.6,-7.59902,4738.95,,0.182606,-0.289035,,-0.649303,10.4071,fluid
446,1.35353,2.53155,,1000.88,-9.26357,6946.39,,0.107452,-0.151484,,-1.00204,9.91334,fluid
447,1.06839,2.74631,,1000.55,-7.00411,4338.82,,0.133309,-0.191465,,-1.49384,9.90251,fluid
448,13.6234,2.00438,,1003.56,26.9478,28206.3,,0.636845,-0.431676,,-2.04745,9.64191,fluid
449,11.6084,1.4337,,1003.54,20.2971,28054.5,,0.442455,0.119848,,-1.44029,9.38832,fluid
450,13.163,1.8376,,1003.42,25.0966,27129.2,,0.534604,0.0694633,,-0.736817,9.46456,fluid
451,14.6725,1.39314,,1004.2,32.3109,33406.7,,0.509504,-0.0802549,,-1.21348,10.2733,fluid
452,12.5852,1.929,,1003.28,22.1377,26013.6,,0.520548,-0.171438,,-1.4904,9.60561,fluid
453,19.2553,3.17947,,1003.25,14.7428,25733.3,,1.66785,-0.189142,,-0.803714,10.655,fluid
454,18.5952,2.43673,,1003.57,13.4859,28349.8,,1.33839,-0.189618,,-1.21221,9.35026,fluid
455,5.9152,0.674536,,1003.81,-12.2765,30284.3,,0.595595,-0.130646,,-1.33807,9.95318,fluid
456,8.25545,2.55529,,1002.09,0.718494,16482.4,,0.610449,-0.149649,,-1.39444,9.86707,fluid
457,7.3288,2.59922,,1001.86,-1.94655,14716.2,,0.522738,-0.161451,,-0.992175,10.1567,fluid
458,19.7628,3.29646,,1002.43,2.36569,19184.2,,1.8169,0.115792,,-0.668105,9.03812,fluid
459,18.5026,3.21922,,1003.11,16.1498,24664.8,,1.86511,-0.139402,,-0.580221,10.6904,fluid
460,17.6026,4.28499,,1002.22,13.2352,17563.4,,2.48753,-0.1862,,-0.612483,10.2913,fluid
461,11.1858,4.04952,,1000.57,3.87588,4449.79,,1.52405,-0.228168,,-1.9263,9.51334,fluid
462,7.60151,3.37453,,1000.52,-1.15161,4119.74,,0.769558,-0.0299641,,-1.70234,9.75189,fluid
463,12.428,4.5679,,1000.64,5.33426,5048.1,,2.03584,-0.391191,,-1.23244,9.45916,fluid
464,13.3707,1.33255,,1004.05,28.9275,32188.4,,0.146153,-0.172837,,-1.19401,10.2739,fluid
465,11.1103,0.935409,,1004.23,18.8291,33586.7,,0.188,0.0953248,,-1.35666,10.0134,fluid
466,13.525,0.824766,,1004.78,30.4433,38039.8,,0.287644,-0.105635,,-1.4412,10.0161,fluid
467,17.0671,1.3132,,1004.66,27.7908,37055.1,,0.614216,-0.320772,,-0.734421,10.3544,fluid
468,14.2459,1.44057,,1004.09,31.3431,32457.2,,0.469844,-0.122938,,-1.18468,9.71747,fluid
469,16.8063,2.36424,,1003.54,23.957,28105.7,,1.33071,-0.240822,,-1.21334,10.3086,fluid
470,19.1234,3.67273,,1002.38,9.41652,18842,,1.89717,0.0794696,,-0.642722,9.30482,fluid
471,18.7645,2.86293,,1003.49,12.8645,27665.1,,1.8831,-0.026497,,-0.945839,11.3074,fluid
472,19.2554,4.92429,,1000.92,5.39885,7204.09,,2.98486,0.17144,,0.576677,10.6445,fluid
473,18.1027,5.04339,,1001.04,5.60951,8208.11,,2.66557,-0.425475,,-0.306483,9.86238,fluid
474,11.7513,2.87129,,1002.09,14.7713,16524.9,,1.19949,0.113744,,-1.22181,9.14144,fluid
475,6.71743,2.16687,,1002.32,-6.18144,18316.3,,0.472612,0.00212096,,-1.77451,9.77519,fluid
476,16.7111,3.26058,,1002.38,20.3532,18794.4,,1.94753,-0.359171,,-1.34483,9.89173,fluid
477,17.1665,3.06999,,1003.06,20.2689,24256.9,,1.97257,-0.35739,,-1.65165,9.13774,fluid
478,16.7334,3.87527,,1002.36,17.8684,18678.8,,1.99962,-0.689174,,-0.667086,10.07,fluid
479,13.929,4.81913,,1000.69,6.70068,5424.78,,1.32778,-0.609757,,-2.06778,9.47714,fluid
480,11.6331,2.00887,,1003.16,17.0965,24998.4,,0.658205,0.0837772,,-1.37884,9.57086,fluid
481,12.2522,1.27066,,1004,24.5898,31810.2,,0.346527,-0.064826,,-1.45044,9.86837,fluid
482,12.7588,1.52016,,1003.8,25.5524,30153.6,,0.383521,-0.210762,,-1.6053,9.57244,fluid
483,15.1481,1.34555,,1004.35,32.2338,34570.7,,0.421667,-0.277079,,-1.73233,10.3541,fluid
484,13.9862,0.825463,,1004.84,31.8165,38504.8,,0.244187,-0.131533,,-1.55854,9.81007,fluid
485,16.1373,1.1823,,1004.68,31.503,37258.8,,0.498588,-0.228309,,-0.943334,10.9936,fluid
486,18.0483,1.84939,,1004.4,21.9144,35029,,1.03614,-0.303295,,-0.438435,10.6925,fluid
487,18.4096,1.16468,,1004.85,18.6838,38610.6,,0.831839,-0.206172,,-1.48022,9.14844,fluid
488,16.1578,1.76681,,1004.04,30.6039,32097.8,,0.843089,-0.282043,,-1.51031,8.69041,fluid
489,10.6689,1.51607,,1003.66,14.6432,29020,,0.65478,0.318894,,-1.18395,9.44999,fluid
490,6.91321,0.164966,,1004.35,-8.17629,34603.1,,0.343106,0.035235,,-1.53815,9.98291,fluid
491,13.6542,3.26662,,1002.07,17.2761,16335.7,,1.52261,-0.502717,,-1.48964,9.16507,fluid
492,16.167,2.62719,,1003.35,23.0053,26548.4,,1.52417,-0.393403,,-0.948603,9.66455,fluid
493,12.9706,2.9473,,1002.4,20.0514,18963.5,,1.0001,-0.464736,,-2.06335,9.31717,fluid
494,6.69245,3.09304,,1000.74,-2.54232,5855.05,,0.662816,-0.125634,,-1.30537,9.93213,fluid
495,14.421,3.65238,,1001.9,17.0417,15014.4,,1.58525,-0.496286,,-1.5439,10.2355,fluid
496,11.8481,0.284936,,1004.97,23.7518,39566.9,,-0.158083,0.0238225,,-1.63429,9.60994,fluid
497,12.2918,0.216791,,1005.2,26.2182,41481.3,,-0.0616584,-0.140711,,-1.55957,10.1124,fluid
498,11.5358,0.940751,,1004.11,21.25,32691.8,,0.226465,-0.039932,,-1.45395,9.89874,fluid
499,17.6219,0.728022,,1005.54,27.5457,44205.6,,0.689585,-0.000853883,,-1.27518,10.0202,fluid
500,13.0474,0.748122,,1004.77,29.4565,38007.3,,0.173071,-0.309245,,-1.60241,9.57649,fluid
501,19.6291,1.56811,,1004.41,12.2361,35059.7,,0.903274,-0.110693,,-0.212136,10.6929,fluid
502,17.587,1.41897,,1004.4,22.7443,34952.8,,0.688766,-0.180437,,-1.66959,9.32986,fluid
503,18.8795,1.2191,,1005.04,15.2021,40196.6,,0.972092,-0.142269,,-1.12348,9.32547,fluid
504,18.3955,1.62087,,1004.59,19.3301,36554.3,,1.00782,-0.181879,,-0.931874,11.2085,fluid
505,4.77896,1.36574,,1002.67,-15.3876,21089.4,,0.37483,0.147305,,-1.55596,9.53852,fluid
506,18.3013,4.26336,,1002.32,8.98863,18331.9,,2.39455,0.116777,,-0.512998,11.43,fluid
507,7.02261,1.371,,1003.26,-6.33955,25851.3,,0.445481,-0.0943568,,-1.33043,10.134,fluid
508,6.22219,2.44017,,1001.78,-6.21772,14071,,0.172528,-0.0315241,,-1.04566,9.89182,fluid
509,17.237,2.31325,,1003.8,23.6155,30198.2,,1.38225,-0.454738,,-0.882949,11.0264,fluid
510,5.14659,1.56431,,1002.61,-13.6939,20658.4,,0.237973,0.0898881,,-1.05432,9.72817,fluid
511,9.6598,2.2654,,1002.47,8.09908,19527.3,,0.383091,0.120181,,-1.6719,9.7602,fluid
512,12.8583,1.10265,,1004.26,27.6877,33860.6,,0.345964,-0.0780033,,-1.82324,9.68383,fluid
513,12.3944,0.764525,,1004.59,26.7063,36543.6,,0.171368,-0.163337,,-1.15406,9.85551,fluid
514,11.963,0.86112,,1004.32,23.3094,34348.7,,0.288769,-0.0346229,,-1.63372,9.76954,fluid
515,16.4341,0.759684,,1005.24,31.5473,41738.5,,0.439388,-0.172562,,-1.4517,9.29798,fluid
516,14.1127,0.1759,,1005.51,34.2442,43936.1,,0.129391,0.13149,,-1.19686,10.0768,fluid
517,16.6549,1.18345,,1004.78,29.5326,38040.5,,0.595096,-0.140324,,-1.42736,10.4143,fluid
518,19.2837,1.15093,,1005.33,12.1955,42536.1,,0.966092,0.0522282,,-0.959902,10.0706,fluid
519,18.1193,0.681503,,1005.65,24.45,45136.8,,0.63083,-0.0832004,,-0.873421,10.3557,fluid
520,18.9128,1.68409,,1004.62,17.1765,36769.6,,0.982689,-0.154059,,-0.738444,10.8399,fluid
521,18.8638,2.16423,,1003.87,15.1193,30707.3,,1.19847,-0.418724,,-0.796577,9.02629,fluid
522,18.1782,2.42366,,1003.64,18.9041,28887.3,,1.59637,-0.406136,,-1.18631,9.00289,fluid
523,19.4611,4.217,,1002.86,9.25939,22634.1,,2.16762,-0.0173522,,-0.687429,11.8111,fluid
524,8.14836,0.726468,,1004.02,-0.276236,31926.2,,0.558587,0.0564099,,-1.3264,9.71974,fluid
525,11.1137,2.48829,,1002.34,14.0103,18473.1,,1.03127,0.264818,,-1.42094,9.76757,fluid
526,16.0707,4.29311,,1001.08,11.2084,8540.01,,2.03425,-0.322219,,-1.16877,8.57445,fluid
527,15.5499,3.90374,,1001.61,15.4232,12728.5,,1.91348,-0.537021,,-1.38092,9.38838,fluid
528,12.742,0.289977,,1005.22,28.9765,41608.9,,-0.0468344,-0.00515023,,-1.32985,9.98429,fluid
529,13.2124,0.214761,,1005.29,31.4413,42207,,0.0910135,-0.0941021,,-1.21596,9.63978,fluid
530,13.6719,0.321838,,1005.4,32.7164,43032.2,,0.186657,0.100662,,-1.33787,9.6059,fluid
531,18.195,0.244551,,1006.13,22.8431,48996.7,,0.516426,0.000719493,,-0.886196,9.88676,fluid
532,15.9287,0.751386,,1005.22,33.0035,41590.4,,0.392802,-0.131796,,-1.33798,8.94824,fluid
533,16.8484,0.510484,,1005.61,30.7923,44738.9,,0.439369,-0.00918339,,-1.46074,9.48355,fluid
534,18.6645,0.675286,,1005.53,20.2824,44089,,0.645195,-0.180698,,-1.04344,10.0251,fluid
535,17.1743,0.85143,,1005.32,27.9987,42450.4,,0.603729,-0.0808379,,-0.535486,9.91492,fluid
536,19.3546,1.9131,,1003.77,11.3051,29915.6,,0.980655,-0.0940571,,-0.59609,9.55116,fluid
537,19.576,2.46927,,1003.97,7.771,31514.9,,1.46242,0.186537,,-1.08072,9.99903,fluid
538,17.9032,1.20428,,1004.79,22.6118,38174,,0.679253,-0.312188,,-0.992065,9.35734,fluid
539,20.2917,2.8994,,1002.48,5.69454,19606.2,,1.36697,0.269465,,0.430066,10.654,fluid
540,18.8523,3.98958,,1002.04,6.97009,16078.2,,2.42278,0.231256,,-0.499878,10.954,fluid
541,10.5156,2.46523,,1002.57,11.9187,20364.5,,0.846834,0.119092,,-1.33413,9.64309,fluid
542,15.2646,3.12956,,1002.43,23.9581,19186.6,,1.6189,-0.546799,,-1.77169,9.62472,fluid
543,16.3685,3.94472,,1001.97,16.4517,15573.8,,2.12169,-0.672439,,-1.24749,9.64326,fluid
544,14.831,0.885648,,1004.9,33.3589,39045.8,,0.402928,-0.226929,,-0.92588,9.57738,fluid
545,14.3967,0.825022,,1004.87,31.9153,38757,,0.372384,0.0345436,,-1.4098,9.76871,fluid
546,16.4543,0.169516,,1005.99,33.8282,47855.9,,0.445331,-0.161565,,-0.850984,10.6131,fluid
547,21.0903,0.657222,,1005.85,-5.21218,46685,,0.603293,0.0607086,,-0.527218,9.21205,fluid
548,15.5904,1.10306,,1004.73,30.8419,37672,,0.375294,-0.0358737,,-1.20547,9.42453,fluid
549,20.8696,1.48538,,1004.54,1.36399,36113.3,,0.814081,0.0028012,,0.212929,10.3104,fluid
550,20.3177,1.01152,,1005.58,4.4383,44521.8,,0.789634,0.164475,,-0.538795,10.1549,fluid
551,20.9521,2.0679,,1004.09,-3.19976,32481,,0.7958,0.305465,,-0.722802,9.19845,fluid
552,19.8827,2.73649,,1003.3,6.73944,26150.4,,1.37732,0.373253,,-0.0734311,11.1955,fluid
553,20.2359,1.90797,,1004.08,2.33698,32410.5,,1.01129,0.183802,,-0.622011,8.67888,fluid
554,19.207,2.63517,,1003.59,11.0743,28498.2,,1.58159,0.279151,,-0.671909,10.4707,fluid
555,21.558,3.87457,,1003.51,3.41222,27853.8,,1.54684,0.638698,,-1.31412,13.4354,fluid
556,5.23979,2.06623,,1002.32,-10.9376,18329.4,,0.435451,0.0929185,,-1.07757,9.74139,fluid
557,10.731,0.918127,,1004.26,16.6022,33828.6,,0.227951,0.223652,,-1.60822,9.7504,fluid
558,7.27824,1.82641,,1002.71,-4.49428,21470.2,,0.41613,-0.148324,,-1.55582,9.75308,fluid
559,8.93926,1.6586,,1003.17,4.21476,25154.3,,0.26578,0.0657075,,-1.62711,9.927,fluid
560,14.9866,0.188857,,1005.59,35.4723,44607.4,,0.165,-0.0883826,,-1.4127,10.2916,fluid
561,15.4858,0.270071,,1005.69,35.4282,45418.1,,0.313513,0.0542894,,-1.36297,10.1767,fluid
562,18.7469,0.187551,,1006.32,18.7312,50517.4,,0.630243,-0.0385045,,-1.03762,10.4451,fluid
563,22.2294,0.868879,,1005.8,-12.7289,46295,,0.520599,0.131617,,-0.131098,10.3684,fluid
564,15.2858,0.712365,,1005.32,34.818,42414.3,,0.382026,-0.249393,,-1.60314,9.65922,fluid
565,22.34,2.62741,,1003.42,-3.27329,27138.8,,0.641056,0.272404,,-0.558151,12.2032,fluid
566,21.8615,1.02621,,1005.64,-7.03005,45002.4,,0.59363,0.282819,,-0.402979,11.0852,fluid
567,17.1693,0.230599,,1005.95,30.2279,47532,,0.427834,-0.0419475,,-1.08203,9.38968,fluid
568,19.8961,2.11929,,1004.04,4.58921,32072.9,,1.10525,0.270252,,-1.04102,8.73952,fluid
569,19.563,0.866156,,1005.49,9.90272,43798.1,,0.848926,-0.0161613,,-1.08048,8.77007,fluid
570,20.1166,3.56528,,1002.34,3.02343,18469,,2.01865,0.749836,,-0.719527,9.68539,fluid
571,20.8856,3.17179,,1002.89,-3.41522,22885.7,,1.18544,0.507655,,-0.737951,8.77123,fluid
572,19.7101,4.8394,,1000.91,2.89039,7162.56,,2.86405,0.579142,,-0.266679,11.1055,fluid
573,7.97797,2.83256,,1001.88,-0.846477,14871.4,,0.390865,0.112318,,-1.64662,9.69432,fluid
574,17.6479,3.76456,,1001.69,13.7532,13296.1,,2.27837,-0.458729,,-1.0802,9.67282,fluid
575,7.45118,3.1252,,1000.9,-1.74065,7045.8,,0.423317,-0.0469571,,-1.92868,9.89239,fluid
576,14.5732,0.34752,,1005.5,34.8422,43918.7,,0.0775664,-0.0450423,,-1.39502,9.73739,fluid
577,15.9431,0.225781,,1005.8,34.4539,46282.3,,0.32548,-0.0597363,,-1.02188,10.7407,fluid
578,22.7788,2.58744,,1003.3,-7.30813,26187.9,,0.376287,0.485609,,0.307666,11.8691,fluid
579,20.0438,0.166994,,1006.57,8.74314,52582.3,,0.595426,-0.108202,,-0.385958,10.7818,fluid
580,23.8299,1.53239,,1004.85,-22.0376,38597.8,,0.284182,0.311591,,-0.365253,10.7905,fluid
581,23.8662,2.27406,,1003.94,-19.4985,31275.1,,0.215726,0.695257,,0.254623,10.1826,fluid
582,22.5072,1.50346,,1004.63,-14.1299,36855.9,,0.530906,0.10692,,-0.34394,10.1177,fluid
583,21.7892,2.2083,,1004.34,-7.75992,34520.1,,0.636416,0.510186,,0.224001,10.6395,fluid
584,20.4646,1.54912,,1004.5,4.44315,35773.1,,0.726919,-0.0443002,,-0.922175,9.99334,fluid
585,21.6037,0.63336,,1005.88,-10.0187,46990.4,,0.675091,0.117097,,-0.316801,9.62674,fluid
586,20.8617,3.58865,,1002.21,-0.727744,17421.9,,1.81645,1.22678,,1.0617,11.3493,fluid
587,21.474,3.29738,,1002.58,-7.46369,20373.3,,0.874637,0.769191,,-0.26824,8.96178,fluid
588,20.041,4.4953,,1002.36,7.19117,18616.1,,2.35027,0.281051,,0.264291,9.84249,fluid
589,7.06119,2.39884,,1002.16,-4.35264,17083.6,,0.237379,-0.112307,,-1.291,9.87323,fluid
590,7.69028,1.53261,,1003.06,-2.88632,24233.8,,0.454113,-0.0546179,,-1.30425,9.93918,fluid
591,8.59682,3.41997,,1000.85,1.54011,6682.57,,0.831648,-0.329793,,-1.65377,10.1453,fluid
592,20.8194,0.99913,,1005.69,-0.186212,45397,,0.709883,0.2451,,-0.433719,10.2535,fluid
593,19.1201,0.502023,,1005.76,16.7973,45990.5,,0.658674,-0.0216427,,-0.592718,10.2954,fluid
594,22.1273,1.54188,,1004.49,-11.256,35739.9,,0.605336,0.0471855,,-0.447881,9.66963,fluid
595,17.6739,0.216201,,1006.03,26.3747,48186.9,,0.427906,-0.0708886,,-1.36765,10.3103,fluid
596,24.5209,2.36101,,1003.74,-20.3268,29722.5,,0.0839212,0.645481,,-0.00291112,10.2738,fluid
597,24.2169,1.89791,,1004.29,-22.7712,34089.9,,0.191528,0.359105,,-0.369839,10.774,fluid
598,24.1687,2.65072,,1003.37,-16.5234,26744.7,,-0.0928248,0.556321,,0.0342607,11.57,fluid
599,23.4935,2.04612,,1004.2,-19.8822,33410,,0.273088,0.310998,,0.268389,9.79165,fluid
600,22.1984,2.1894,,1004.33,-9.55162,34390.4,,0.517278,0.629746,,-0.175126,10.3231,fluid
601,20.3758,2.40621,,1004.02,3.52543,31968.4,,0.965476,0.262617,,-0.334814,10.9641,fluid
602,21.334,1.73633,,1004.13,-7.4968,32814.4,,0.774031,0.195068,,-0.775988,8.60786,fluid
603,20.6053,3.62209,,1002.57,1.83712,20289.6,,1.93818,1.04905,,0.231033,11.4523,fluid
604,7.67929,2.07863,,1002.52,-1.94737,19896.5,,0.402376,0.0585496,,-1.47524,9.97218,fluid
605,16.9555,4.83315,,1001.01,8.91397,7933.28,,2.49068,-0.991296,,-1.62322,9.46248,fluid
606,10.8234,3.39768,,1001.48,6.71781,11656.1,,0.941311,-0.0643285,,-1.29536,9.56319,fluid
607,18.065,3.95858,,1001.74,14.4213,13758.4,,2.44686,-0.141607,,-1.17168,9.64908,fluid
608,23.2024,2.4642,,1003.56,-12.803,28232.7,,0.325129,0.68707,,-0.302105,11.5743,fluid
609,23.026,1.92521,,1004.35,-18.5564,34570.9,,0.367319,0.43886,,0.0503558,9.35008,fluid
610,22.6402,2.09471,,1004.32,-14.7747,34365.3,,0.432677,0.576857,,-0.063243,9.87226,fluid
611,19.4402,0.193628,,1006.42,13.2136,51403,,0.591759,-0.0144622,,-0.790442,10.9689,fluid
612,24.3719,1.50478,,1004.86,-24.8589,38700.4,,0.0535225,0.290464,,-0.0293118,10.3476,fluid
613,24.8166,0.214132,,1006.53,-30.762,52266.7,,0.0433036,0.171538,,-0.530274,10.3801,fluid
614,23.2463,0.277793,,1006.52,-22.6486,52173.6,,0.240347,-0.0269934,,-0.416584,9.51356,fluid
615,24.7674,0.795398,,1005.75,-28.5193,45921.8,,-0.0402912,0.199878,,0.185419,9.97605,fluid
616,21.6243,2.69948,,1003.28,1.42971,25995.8,,0.900393,0.30693,,0.322224,11.6524,fluid
617,19.9342,1.23868,,1005.22,8.41897,41606.5,,0.929508,0.0835516,,-0.183881,11.2694,fluid
618,22.6764,3.18975,,1002.86,-12.4438,22624.4,,0.623443,0.763975,,0.00778874,8.28327,fluid
619,19.9115,0.608823,,1005.67,8.03315,45223.7,,0.710332,-0.149823,,-0.773006,9.25933,fluid
620,8.72298,2.63736,,1002.05,2.82578,16167.7,,0.361399,-0.00312758,,-1.55621,10.1746,fluid
621,14.215,4.38096,,1001.03,9.86615,8109.58,,2.0217,-0.499169,,-1.33046,8.91195,fluid
622,17.4943,5.09919,,1000.8,6.32423,6310.54,,2.49218,-0.758921,,-1.00006,9.72429,fluid
623,10.4708,2.85844,,1002.32,10.826,18305.1,,0.58746,-0.0772578,,-1.30916,9.85368,fluid
624,22.8438,1.29704,,1005.17,-15.9829,41170.2,,0.462736,0.364176,,-0.0769991,10.7635,fluid
625,23.3627,1.4945,,1004.83,-19.1036,38430.8,,0.419915,0.263623,,-0.470102,10.53,fluid
626,22.6754,0.795025,,1005.84,-17.819,46665.1,,0.496622,0.269486,,-0.425195,9.97228,fluid
627,21.941,0.269574,,1006.39,-11.2332,51117.5,,0.406205,-0.13328,,-0.650942,9.14936,fluid
628,23.5637,0.965542,,1005.76,-22.5287,45974.5,,0.28321,0.247247,,-0.316567,10.2403,fluid
629,24.8379,1.3454,,1005.04,-26.1167,40182.6,,0.0665833,0.408514,,-0.342714,10.7532,fluid
630,24.3631,0.350505,,1006.34,-29.8593,50717,,0.140476,0.0995812,,-0.314216,10.5741,fluid
631,23.6274,2.65755,,1003.4,-12.8655,26946.8,,0.0933775,0.433413,,-0.0966569,11.8396,fluid
632,21.7246,1.62619,,1004.34,-9.40767,34529.5,,0.635276,0.0991122,,-0.461874,9.02786,fluid
633,21.3516,1.13289,,1005.4,-1.41128,43091.3,,0.665431,0.0600503,,-0.170545,11.3381,fluid
634,23.1004,3.52993,,1002.26,-11.3663,17837.8,,0.529764,1.43526,,0.875924,11.5598,fluid
635,21.1317,2.90198,,1003.22,1.05184,25496.4,,0.986061,0.19042,,-0.26083,9.43459,fluid
636,20.3514,4.85012,,1000.91,-0.812331,7132.48,,2.55529,1.13881,,0.32286,10.9722,fluid
637,6.04476,1.11232,,1003.24,-11.3801,25694.2,,0.380515,0.000103974,,-1.34952,9.41914,fluid
638,11.56,3.18888,,1002.12,11.2652,16720.4,,1.2065,-0.0338321,,-1.60189,9.4693,fluid
639,14.776,3.40741,,1002.24,19.1892,17687.3,,1.87273,-0.598879,,-0.576888,10.4247,fluid
640,23.9692,0.989394,,1005.72,-24.4516,45634.4,,0.196346,0.064817,,-0.108752,10.0627,fluid
641,22.8234,0.264042,,1006.52,-19.1848,52188.4,,0.268185,0.00102818,,-0.533241,9.61747,fluid
642,23.627,0.412518,,1006.25,-25.9592,49984.6,,0.140591,0.142592,,-0.215424,10.0943,fluid
643,20.4737,0.523984,,1005.85,1.84039,46689.3,,0.704511,-0.00736046,,-0.813392,9.44395,fluid
644,24.8345,2.6542,,1003.55,-17.8702,28193.8,,-0.0507868,0.421864,,-0.123454,11.2254,fluid
645,16.2077,3.29321,,1002.25,17.9426,17799.2,,1.75552,-0.338392,,-0.62522,9.74359,fluid
646,24.7757,1.93949,,1004.34,-22.5352,34505.5,,-0.0585886,0.401055,,0.308053,10.5139,fluid
647,24.3605,0.950571,,1005.68,-26.6982,45378,,0.0838141,0.154245,,-0.211041,10.0577,fluid
648,24.0258,3.24003,,1002.74,-11.4092,21700.6,,0.166971,0.604697,,-0.130149,10.2146,fluid
649,19.6308,3.80168,,1002.72,5.71416,21557.1,,2.48928,0.483819,,-0.315301,10.8327,fluid
650,22.0271,3.04217,,1002.23,-12.1836,17581.6,,0.75286,0.361272,,0.0233172,8.37104,fluid
651,20.9439,4.42223,,1002.22,-1.74012,17549.5,,2.10997,0.576877,,-0.56526,9.18365,fluid
652,11.7623,3.67514,,1001.28,6.98127,10091.7,,1.47386,-0.125827,,-1.11675,9.2167,fluid
653,13.7623,3.72996,,1001.3,14.4894,10246.4,,1.94386,-0.513739,,-1.26377,9.32796,fluid
654,15.6055,4.81475,,1000.8,6.65782,6279.23,,2.04325,-0.8023,,-1.33592,9.6906,fluid
655,3.10785,2.90036,,1000.46,-4.99968,3607.69,,0.0734428,-0.110202,,-0.591549,9.43316,fluid
656,23.9907,0.228187,,1006.53,-27.3528,52250.7,,0.110034,-0.176306,,-0.619993,9.71376,fluid
657,22.2207,3.48643,,1003.11,-7.58584,24629.3,,1.13919,1.32202,,0.270421,10.6813,fluid
658,23.1378,0.930719,,1005.76,-19.9873,46017.6,,0.342693,0.197091,,-0.402417,9.78699,fluid
659,22.3694,0.294346,,1006.41,-15.6605,51306.8,,0.406528,0.00751661,,-0.764546,9.36982,fluid
660,22.7023,3.58627,,1002.62,-13.1621,20704.3,,0.58782,1.49332,,1.08138,12.3926,fluid
661,22.3867,4.04535,,1002.82,-1.59783,22310.1,,0.923039,0.947191,,0.692205,12.855,fluid
662,23.2292,4.05549,,1001.88,-3.64808,14835.5,,0.35611,0.493985,,0.327461,11.1988,fluid
663,21.3539,2.30943,,1004.3,-3.33609,34166.9,,0.72455,0.423641,,-0.698159,11.4493,fluid
664,23.6052,3.42668,,1002.73,-10.6653,21617.2,,0.121775,0.867317,,0.581409,10.8616,fluid
665,24.7094,3.47368,,1002.51,-15.5251,19831.7,,-0.145923,0.636957,,-0.177013,11.2661,fluid
666,-4.32145,-184.347,,968.775,0,-223258,,-3.70661,-59.6895,,0,0,fluid
667,16.6337,2.82737,,1002.88,22.9981,22821,,1.74518,-0.42539,,-0.793393,9.49705,fluid
668,20.6142,4.82243,,1001.07,-1.5653,8393.22,,2.62912,1.28303,,0.323821,11.4281,fluid
669,9.62293,1.10514,,1004.06,9.33753,32246.4,,0.561379,0.136378,,-1.4764,9.82623,fluid
670,5.07451,0.343845,,1003.95,-16.174,31370.2,,0.511534,-0.199933,,-0.989539,9.54041,fluid
671,12.4204,3.00547,,1002.31,18.4017,18267.2,,1.45342,-0.100901,,-1.00597,9.41988,fluid
672,21.4689,4.35381,,1001.15,-4.24344,9065.96,,2.21036,0.882828,,-0.459,10.0744,fluid
673,23.2563,3.10026,,1002.76,-11.0979,21829.8,,0.254856,0.554244,,0.325884,9.22517,fluid
674,9.01156,3.39212,,1000.56,2.3465,4383.63,,0.90225,-0.0716345,,-1.77679,9.94806,fluid
675,21.8006,3.63949,,1003.23,-6.09622,25601.2,,1.52831,1.0512,,0.07742,11.673,fluid
676,21.3658,0.186108,,1006.46,-4.94869,51664.2,,0.46457,-0.00127251,,-0.498223,9.8274,fluid
677,24.2705,3.50801,,1002.12,-14.8755,16720.3,,-0.00757636,0.920594,,0.0670407,11.9269,fluid
678,21.3784,4.76974,,1001.38,0.71984,10892,,2.50492,1.78429,,-0.438346,12.9607,fluid
679,24.6429,4.15843,,1002.52,-9.30903,19901.8,,-0.251946,0.480798,,-1.05856,10.7666,fluid
680,24.5429,3.11725,,1002.66,-14.8083,21052.2,,0.206078,0.56782,,0.150065,10.3736,fluid
681,22.6179,4.60376,,1001.96,-6.76342,15436.3,,0.609241,1.71432,,0.591931,10.1534,fluid
682,23.6995,3.72462,,1002.1,-14.6915,16584.7,,0.457329,0.951834,,0.678756,12.4264,fluid
683,15.6683,3.14411,,1002.41,20.151,19014.5,,1.55863,-0.391635,,-1.80518,9.74428,fluid
684,8.45038,1.39925,,1003.48,1.82859,27596,,0.537291,-0.0864036,,-1.35857,9.51426,fluid
685,17.1098,5.12115,,1000.65,5.50348,5089.84,,2.41893,-0.942494,,-1.47255,9.78138,fluid
686,17.505,2.98433,,1003.16,17.9073,25005.2,,1.89287,-0.159153,,-0.934973,9.20506,fluid
687,10.2624,0.472362,,1004.74,13.9709,37743.2,,0.171309,0.0515636,,-1.46218,10.1333,fluid
688,20.7331,2.3892,,1003.92,2.32359,31138.4,,1.09011,0.599957,,0.203895,11.6843,fluid
689,18.8849,4.86959,,1001.61,4.17283,12705.9,,2.70806,-0.100444,,-0.210547,10.1386,fluid
690,13.4302,3.8941,,1001.32,11.5288,10392.9,,1.57376,-0.480243,,-1.69532,9.88871,fluid
691,20.7581,0.196995,,1006.5,1.17109,52015.2,,0.583081,-0.0739787,,-0.455302,10.0464,fluid
692,5.38011,0.564272,,1003.53,-14.9775,28015.5,,0.470879,0.225439,,-0.973082,9.85231,fluid
693,23.7714,4.5522,,1001.84,-4.66178,14531.1,,0.0740946,1.31771,,0.458789,11.9794,fluid
694,23.8985,4.72406,,1000.83,-7.34349,6528.63,,0.131645,1.50742,,1.28495,12.7364,fluid
695,24.2098,4.46588,,1001.59,-8.79949,12500.9,,0.131107,1.09389,,0.156602,12.5783,fluid
696,24.4282,4.39795,,1001.66,-10.6463,13083.3,,-0.0437025,0.986645,,-0.113,12.5246,fluid
697,9.54336,2.8839,,1002.33,5.02579,18420.8,,0.49567,-0.0877544,,-0.904797,9.39186,fluid
698,21.9643,4.78437,,1002.04,-5.96334,16071.3,,1.54938,2.41621,,-0.27412,12.6051,fluid
699,6.5619,2.91723,,1000.75,-2.21958,5907.1,,0.543483,-0.0895101,,-1.49265,9.5423,fluid
700,16.5271,4.95552,,1000.75,7.67148,5906.9,,2.13766,-1.00979,,-1.40051,9.97665,fluid
701,10.0323,1.98706,,1002.9,9.16474,22979.5,,0.535175,0.162048,,-1.49774,9.91103,fluid
702,12.2573,3.36975,,1001.79,13.1879,14125.1,,1.36477,-0.026559,,-1.40317,9.3112,fluid
703,19.9938,5.2597,,1000.71,0.832419,5551.02,,3.24299,0.813187,,-0.0645731,11.8132,fluid
704,17.1919,3.61332,,1002.49,16.5657,19714.1,,2.10886,-0.65385,,-1.09523,10.6027,fluid
705,8.50798,0.329644,,1004.52,1.96331,35965.1,,0.391843,-0.0479916,,-1.469,9.83969,fluid
706,42.0755,-1072.2,,997.966,0.0313999,-15864,,0.641807,-141.99,,-18.6017,-1.99782,fluid
707,41.2624,-1072.28,,997.952,-0.0708533,-15977.1,,1.08186,-146.246,,3.64977,0.212516,fluid
708,-106.703,-819.653,,997.898,15.569,-16395.4,,-10.2649,-125.076,,-4.41932,-2.7729,fluid
709,-107.588,-820.205,,997.86,7.73255,-16687.4,,-8.70809,-127.407,,2.22617,1.25012,fluid
710,23.1032,4.73377,,1001.53,-3.84816,12076.2,,0.954448,1.76766,,1.00659,12.0151,fluid
711,20.9084,4.86162,,1000.85,0.0722161,6695.52,,2.70267,1.46079,,0.305175,11.9399,fluid
712,22.81,4.87136,,1001.05,-6.23165,8287.63,,0.771401,2.17205,,1.19081,12.5781,fluid
713,23.4808,4.87692,,1000.79,-6.2199,6186.76,,0.622882,1.77891,,1.1474,12.5374,fluid
714,22.2616,5.01768,,1000.54,-5.96607,4284.01,,1.45496,2.61856,,0.444285,11.2783,fluid
715,6.72016,1.04182,,1003.43,-8.20681,27215.4,,0.522832,0.0746374,,-1.48268,9.60122,fluid
716,11.124,2.96784,,1002.01,12.4876,15907.8,,1.00878,0.0235133,,-1.71116,9.21451,fluid
717,13.0603,3.47673,,1001.63,13.1841,12843.5,,1.81769,-0.17472,,-1.27626,9.09966,fluid
718,10.3541,4.03884,,1000.6,3.00268,4723.43,,1.33366,-0.321986,,-1.82716,9.85032,fluid
719,13.348,4.5913,,1000.79,7.18628,6226.84,,1.69807,-0.317718,,-2.05092,9.89623,fluid
720,-150.194,-1123.71,,979.83,0.0327611,-149030,,-12.9627,-147.526,,-19.143,-27.291,fluid
721,15.8141,3.6463,,1002.38,17.0009,18777.1,,2.00486,-0.851736,,-1.09797,9.94376,fluid
722,41.2697,-1072.29,,997.999,-0.423075,-15606.3,,1.11766,-146.169,,2.848,0.570619,fluid
723,-108.375,-632.747,,970.471,0,-212194,,-10.2059,-111.185,,0,0,fluid
724,41.2573,-1072.29,,997.985,0.209776,-15721.8,,1.12731,-146.295,,4.1502,0.699343,fluid
725,41.2595,-1072.28,,997.95,0.0850313,-15989.5,,1.08664,-146.275,,3.96028,0.269639,fluid
726,41.2592,-1072.28,,997.948,0.0871952,-16009,,1.08441,-146.279,,3.99342,0.245703,fluid
727,-150.271,-1123.89,,979.939,0.161347,-148277,,-9.00083,-149.226,,18.6548,58.7114,fluid
728,-150.229,-1123.7,,980.052,0.0226112,-147489,,-13.1368,-148.354,,0.488177,-31.4204,fluid
729,-107.588,-820.212,,997.921,7.97767,-16216.5,,-8.66857,-127.4,,2.19314,1.52279,fluid
730,21.876,5.12981,,1000.55,-1.97688,4347.9,,1.78969,2.49124,,-0.888814,11.8645,fluid
731,17.804,5.10859,,1000.86,6.10665,6760.24,,2.62745,-0.591714,,-0.608855,9.84625,fluid
732,15.8944,4.90336,,1000.7,5.06788,5498.95,,2.08869,-0.821161,,-1.13629,9.93002,fluid
733,3.23267,2.03548,,1001.77,-13.34,14001.6,,0.125345,-0.119061,,-0.897744,9.71735,fluid
734,6.63814,3.69318,,1000.81,-2.09253,6402.51,,0.262928,-0.217159,,-1.53083,9.91154,fluid
735,14.5624,4.8597,,1000.75,7.81081,5928.25,,1.61558,-0.772145,,-1.56903,9.37103,fluid
