h/dp :,2
L2norm Pressure,KE,dp,Nparticles
39902.7,1.94254e+06,0.5,384

t,7.4
ID,x,y,,rho,drhodt,pressure,,u,v,,dudt,dvdt,type
0,-1.25,-0.25,,1004.58,0,36435.9,,0,0,,0,0,boundary
1,-0.75,-0.25,,1005.69,0,45420.6,,0,0,,0,0,boundary
2,-0.25,-0.25,,1006.03,0,48179.9,,0,0,,0,0,boundary
3,0.25,-0.25,,1005.82,0,46451,,0,0,,0,0,boundary
4,0.75,-0.25,,1005.63,0,44931.6,,0,0,,0,0,boundary
5,1.25,-0.25,,1005.59,0,44598.5,,0,0,,0,0,boundary
6,1.75,-0.25,,1005.49,0,43825.2,,0,0,,0,0,boundary
7,2.25,-0.25,,1005.13,0,40919.8,,0,0,,0,0,boundary
8,2.75,-0.25,,1004.66,0,37103.6,,0,0,,0,0,boundary
9,3.25,-0.25,,1004.45,0,35389.1,,0,0,,0,0,boundary
10,3.75,-0.25,,1004.71,0,37453.7,,0,0,,0,0,boundary
11,4.25,-0.25,,1005.11,0,40684.8,,0,0,,0,0,boundary
12,4.75,-0.25,,1005.32,0,42425.6,,0,0,,0,0,boundary
13,5.25,-0.25,,1005.44,0,43357.5,,0,0,,0,0,boundary
14,5.75,-0.25,,1005.47,0,43639.3,,0,0,,0,0,boundary
15,6.25,-0.25,,1005.43,0,43326,,0,0,,0,0,boundary
16,6.75,-0.25,,1005.18,0,41309,,0,0,,0,0,boundary
17,7.25,-0.25,,1004.65,0,37031.6,,0,0,,0,0,boundary
18,7.75,-0.25,,1004.3,0,34197,,0,0,,0,0,boundary
19,8.25,-0.25,,1003.87,0,30724.4,,0,0,,0,0,boundary
20,8.75,-0.25,,1003.2,0,25345.2,,0,0,,0,0,boundary
21,9.25,-0.25,,1003.03,0,23973.2,,0,0,,0,0,boundary
22,9.75,-0.25,,1003.32,0,26352.9,,0,0,,0,0,boundary
23,10.25,-0.25,,1003.35,0,26525.2,,0,0,,0,0,boundary
24,10.75,-0.25,,1002.99,0,23646.3,,0,0,,0,0,boundary
25,11.25,-0.25,,1002.68,0,21173.8,,0,0,,0,0,boundary
26,11.75,-0.25,,1003.13,0,24777,,0,0,,0,0,boundary
27,12.25,-0.25,,1004.25,0,33755.1,,0,0,,0,0,boundary
28,12.75,-0.25,,1004.9,0,39012.4,,0,0,,0,0,boundary
29,13.25,-0.25,,1004.84,0,38536.5,,0,0,,0,0,boundary
30,13.75,-0.25,,1004.55,0,36204.9,,0,0,,0,0,boundary
31,14.25,-0.25,,1004.47,0,35578.3,,0,0,,0,0,boundary
32,14.75,-0.25,,1004.7,0,37400.5,,0,0,,0,0,boundary
33,15.25,-0.25,,1004.92,0,39188.8,,0,0,,0,0,boundary
34,15.75,-0.25,,1004.89,0,38925.8,,0,0,,0,0,boundary
35,16.25,-0.25,,1004.77,0,37974,,0,0,,0,0,boundary
36,16.75,-0.25,,1004.76,0,37910.4,,0,0,,0,0,boundary
37,17.25,-0.25,,1004.81,0,38323.7,,0,0,,0,0,boundary
38,17.75,-0.25,,1004.78,0,38094.7,,0,0,,0,0,boundary
39,18.25,-0.25,,1004.77,0,38003.6,,0,0,,0,0,boundary
40,18.75,-0.25,,1004.78,0,38053.7,,0,0,,0,0,boundary
41,19.25,-0.25,,1004.76,0,37872.3,,0,0,,0,0,boundary
42,19.75,-0.25,,1004.71,0,37452.1,,0,0,,0,0,boundary
43,20.25,-0.25,,1004.61,0,36686.4,,0,0,,0,0,boundary
44,20.75,-0.25,,1004.51,0,35849.3,,0,0,,0,0,boundary
45,21.25,-0.25,,1004.47,0,35524.9,,0,0,,0,0,boundary
46,21.75,-0.25,,1004.46,0,35498.5,,0,0,,0,0,boundary
47,22.25,-0.25,,1004.44,0,35307.7,,0,0,,0,0,boundary
48,22.75,-0.25,,1004.4,0,35023.1,,0,0,,0,0,boundary
49,23.25,-0.25,,1004.31,0,34229,,0,0,,0,0,boundary
50,23.75,-0.25,,1004.21,0,33451.8,,0,0,,0,0,boundary
51,24.25,-0.25,,1004.15,0,33000,,0,0,,0,0,boundary
52,24.75,-0.25,,1004.08,0,32439.3,,0,0,,0,0,boundary
53,25.25,-0.25,,1003.98,0,31582.5,,0,0,,0,0,boundary
54,25.75,-0.25,,1004.05,0,32173.7,,0,0,,0,0,boundary
55,26.25,-0.25,,1003.82,0,30330.5,,0,0,,0,0,boundary
56,-1.25,-0.75,,1004.23,0,33652.5,,0,0,,0,0,boundary
57,-0.75,-0.75,,1005.29,0,42186.1,,0,0,,0,0,boundary
58,-0.25,-0.75,,1005.63,0,44932.1,,0,0,,0,0,boundary
59,0.25,-0.75,,1005.75,0,45948.5,,0,0,,0,0,boundary
60,0.75,-0.75,,1005.23,0,41701.8,,0,0,,0,0,boundary
61,1.25,-0.75,,1005.48,0,43706,,0,0,,0,0,boundary
62,1.75,-0.75,,1005.75,0,45872,,0,0,,0,0,boundary
63,2.25,-0.75,,1005.49,0,43827.8,,0,0,,0,0,boundary
64,2.75,-0.75,,1004.97,0,39580.8,,0,0,,0,0,boundary
65,3.25,-0.75,,1004.93,0,39241.4,,0,0,,0,0,boundary
66,3.75,-0.75,,1005.24,0,41741.3,,0,0,,0,0,boundary
67,4.25,-0.75,,1005.6,0,44692.4,,0,0,,0,0,boundary
68,4.75,-0.75,,1005.83,0,46571.3,,0,0,,0,0,boundary
69,5.25,-0.75,,1005.81,0,46439.6,,0,0,,0,0,boundary
70,5.75,-0.75,,1005.51,0,43975.8,,0,0,,0,0,boundary
71,6.25,-0.75,,1005.28,0,42139.3,,0,0,,0,0,boundary
72,6.75,-0.75,,1005.08,0,40491,,0,0,,0,0,boundary
73,7.25,-0.75,,1004.88,0,38854.5,,0,0,,0,0,boundary
74,7.75,-0.75,,1004.93,0,39275.3,,0,0,,0,0,boundary
75,8.25,-0.75,,1005.07,0,40363.1,,0,0,,0,0,boundary
76,8.75,-0.75,,1004.67,0,37142.9,,0,0,,0,0,boundary
77,9.25,-0.75,,1004.13,0,32829.2,,0,0,,0,0,boundary
78,9.75,-0.75,,1003.94,0,31285.8,,0,0,,0,0,boundary
79,10.25,-0.75,,1003.96,0,31465.6,,0,0,,0,0,boundary
80,10.75,-0.75,,1003.95,0,31346.5,,0,0,,0,0,boundary
81,11.25,-0.75,,1003.94,0,31323.6,,0,0,,0,0,boundary
82,11.75,-0.75,,1004.18,0,33189.8,,0,0,,0,0,boundary
83,12.25,-0.75,,1004.88,0,38829.9,,0,0,,0,0,boundary
84,12.75,-0.75,,1005.1,0,40634.2,,0,0,,0,0,boundary
85,13.25,-0.75,,1005.1,0,40626.9,,0,0,,0,0,boundary
86,13.75,-0.75,,1005.1,0,40641.1,,0,0,,0,0,boundary
87,14.25,-0.75,,1005.14,0,40981.7,,0,0,,0,0,boundary
88,14.75,-0.75,,1005.38,0,42943.2,,0,0,,0,0,boundary
89,15.25,-0.75,,1005.54,0,44246,,0,0,,0,0,boundary
90,15.75,-0.75,,1005.49,0,43765.1,,0,0,,0,0,boundary
91,16.25,-0.75,,1005.37,0,42849.9,,0,0,,0,0,boundary
92,16.75,-0.75,,1005.39,0,43022.5,,0,0,,0,0,boundary
93,17.25,-0.75,,1005.41,0,43122.5,,0,0,,0,0,boundary
94,17.75,-0.75,,1005.37,0,42827.7,,0,0,,0,0,boundary
95,18.25,-0.75,,1005.36,0,42740.1,,0,0,,0,0,boundary
96,18.75,-0.75,,1005.32,0,42433.8,,0,0,,0,0,boundary
97,19.25,-0.75,,1005.2,0,41464.2,,0,0,,0,0,boundary
98,19.75,-0.75,,1005.19,0,41382.8,,0,0,,0,0,boundary
99,20.25,-0.75,,1005.15,0,41086.3,,0,0,,0,0,boundary
100,20.75,-0.75,,1005.06,0,40298,,0,0,,0,0,boundary
101,21.25,-0.75,,1005.01,0,39936.2,,0,0,,0,0,boundary
102,21.75,-0.75,,1004.99,0,39718.3,,0,0,,0,0,boundary
103,22.25,-0.75,,1004.97,0,39560.2,,0,0,,0,0,boundary
104,22.75,-0.75,,1004.96,0,39491.3,,0,0,,0,0,boundary
105,23.25,-0.75,,1004.88,0,38841.9,,0,0,,0,0,boundary
106,23.75,-0.75,,1004.72,0,37554.2,,0,0,,0,0,boundary
107,24.25,-0.75,,1004.59,0,36539.2,,0,0,,0,0,boundary
108,24.75,-0.75,,1004.45,0,35393.1,,0,0,,0,0,boundary
109,25.25,-0.75,,1004.39,0,34890.9,,0,0,,0,0,boundary
110,25.75,-0.75,,1004.53,0,36051.9,,0,0,,0,0,boundary
111,26.25,-0.75,,1004.4,0,34966.9,,0,0,,0,0,boundary
112,-1.25,-1.25,,1004.41,0,35041.8,,0,0,,0,0,boundary
113,-0.75,-1.25,,1004.02,0,31913.9,,0,0,,0,0,boundary
114,-0.25,-1.25,,1003.87,0,30718.1,,0,0,,0,0,boundary
115,0.25,-1.25,,1004.82,0,38355.4,,0,0,,0,0,boundary
116,0.75,-1.25,,1004.37,0,34786.9,,0,0,,0,0,boundary
117,1.25,-1.25,,1004.87,0,38745.7,,0,0,,0,0,boundary
118,1.75,-1.25,,1006.15,0,49158.2,,0,0,,0,0,boundary
119,2.25,-1.25,,1006.53,0,52273.1,,0,0,,0,0,boundary
120,2.75,-1.25,,1006.79,0,54405.8,,0,0,,0,0,boundary
121,3.25,-1.25,,1006.93,0,55530.8,,0,0,,0,0,boundary
122,3.75,-1.25,,1006.57,0,52561.7,,0,0,,0,0,boundary
123,4.25,-1.25,,1006.32,0,50579.1,,0,0,,0,0,boundary
124,4.75,-1.25,,1006.38,0,51070.4,,0,0,,0,0,boundary
125,5.25,-1.25,,1006.24,0,49874.6,,0,0,,0,0,boundary
126,5.75,-1.25,,1005.47,0,43631.7,,0,0,,0,0,boundary
127,6.25,-1.25,,1004.83,0,38496.1,,0,0,,0,0,boundary
128,6.75,-1.25,,1004.95,0,39448.2,,0,0,,0,0,boundary
129,7.25,-1.25,,1004.9,0,39022.4,,0,0,,0,0,boundary
130,7.75,-1.25,,1005.05,0,40203.7,,0,0,,0,0,boundary
131,8.25,-1.25,,1006.18,0,49392.7,,0,0,,0,0,boundary
132,8.75,-1.25,,1007.66,0,61529.3,,0,0,,0,0,boundary
133,9.25,-1.25,,1008.5,0,68405.2,,0,0,,0,0,boundary
134,9.75,-1.25,,1008.71,0,70200.9,,0,0,,0,0,boundary
135,10.25,-1.25,,1008.34,0,67119.2,,0,0,,0,0,boundary
136,10.75,-1.25,,1008.15,0,65510.5,,0,0,,0,0,boundary
137,11.25,-1.25,,1008.49,0,68347.8,,0,0,,0,0,boundary
138,11.75,-1.25,,1007.84,0,62991,,0,0,,0,0,boundary
139,12.25,-1.25,,1005.57,0,44490.1,,0,0,,0,0,boundary
140,12.75,-1.25,,1004.32,0,34343.6,,0,0,,0,0,boundary
141,13.25,-1.25,,1004.64,0,36904.4,,0,0,,0,0,boundary
142,13.75,-1.25,,1005.61,0,44770.7,,0,0,,0,0,boundary
143,14.25,-1.25,,1005.77,0,46045.1,,0,0,,0,0,boundary
144,14.75,-1.25,,1005.7,0,45465.3,,0,0,,0,0,boundary
145,15.25,-1.25,,1005.8,0,46348.7,,0,0,,0,0,boundary
146,15.75,-1.25,,1005.91,0,47173,,0,0,,0,0,boundary
147,16.25,-1.25,,1005.94,0,47475.1,,0,0,,0,0,boundary
148,16.75,-1.25,,1006.12,0,48929.3,,0,0,,0,0,boundary
149,17.25,-1.25,,1006.21,0,49642.2,,0,0,,0,0,boundary
150,17.75,-1.25,,1006.18,0,49401.1,,0,0,,0,0,boundary
151,18.25,-1.25,,1006.2,0,49549.2,,0,0,,0,0,boundary
152,18.75,-1.25,,1006.16,0,49219.3,,0,0,,0,0,boundary
153,19.25,-1.25,,1006.02,0,48134.7,,0,0,,0,0,boundary
154,19.75,-1.25,,1006.02,0,48106,,0,0,,0,0,boundary
155,20.25,-1.25,,1006.04,0,48270.3,,0,0,,0,0,boundary
156,20.75,-1.25,,1005.92,0,47307.6,,0,0,,0,0,boundary
157,21.25,-1.25,,1005.79,0,46218,,0,0,,0,0,boundary
158,21.75,-1.25,,1005.66,0,45173.7,,0,0,,0,0,boundary
159,22.25,-1.25,,1005.58,0,44551.8,,0,0,,0,0,boundary
160,22.75,-1.25,,1005.54,0,44190.5,,0,0,,0,0,boundary
161,23.25,-1.25,,1005.4,0,43084.4,,0,0,,0,0,boundary
162,23.75,-1.25,,1005.22,0,41601,,0,0,,0,0,boundary
163,24.25,-1.25,,1005.18,0,41325.1,,0,0,,0,0,boundary
164,24.75,-1.25,,1005.19,0,41344.8,,0,0,,0,0,boundary
165,25.25,-1.25,,1005.17,0,41203.4,,0,0,,0,0,boundary
166,25.75,-1.25,,1005.14,0,40998.3,,0,0,,0,0,boundary
167,26.25,-1.25,,1005.04,0,40174.2,,0,0,,0,0,boundary
168,-0.25,0.25,,1005.38,0,42882.3,,0,0,,0,0,boundary
169,-0.25,0.75,,1004.19,0,33333.6,,0,0,,0,0,boundary
170,-0.25,1.25,,1002.49,0,19703.8,,0,0,,0,0,boundary
171,-0.25,1.75,,1001.63,0,12885.4,,0,0,,0,0,boundary
172,-0.25,2.25,,1002.02,0,15916.7,,0,0,,0,0,boundary
173,-0.25,2.75,,1002.32,0,18353.8,,0,0,,0,0,boundary
174,-0.25,3.25,,1002.11,0,16680.7,,0,0,,0,0,boundary
175,-0.25,3.75,,1002.14,0,16940.9,,0,0,,0,0,boundary
176,-0.25,4.25,,1002.5,0,19766.5,,0,0,,0,0,boundary
177,-0.25,4.75,,1002.58,0,20396.6,,0,0,,0,0,boundary
178,-0.25,5.25,,1000.45,0,3514.45,,0,0,,0,0,boundary
179,-0.25,5.75,,998.643,0,-10609.8,,0,0,,0,0,boundary
180,-0.25,6.25,,1000.43,0,3349.91,,0,0,,0,0,boundary
181,-0.25,6.75,,1000.22,0,1757.03,,0,0,,0,0,boundary
182,-0.25,7.25,,1000.2,0,1537.21,,0,0,,0,0,boundary
183,-0.25,7.75,,999.64,0,-2820.21,,0,0,,0,0,boundary
184,-0.25,8.25,,999.898,0,-802.935,,0,0,,0,0,boundary
185,-0.25,8.75,,1000.51,0,4041.73,,0,0,,0,0,boundary
186,-0.25,9.25,,1001.02,0,8002.73,,0,0,,0,0,boundary
187,-0.25,9.75,,1001.18,0,9295.4,,0,0,,0,0,boundary
188,-0.75,0.25,,1005.04,0,40121.7,,0,0,,0,0,boundary
189,-0.75,0.75,,1004.43,0,35202.4,,0,0,,0,0,boundary
190,-0.75,1.25,,1003.86,0,30662.3,,0,0,,0,0,boundary
191,-0.75,1.75,,1003.72,0,29493.1,,0,0,,0,0,boundary
192,-0.75,2.25,,1004.34,0,34528.4,,0,0,,0,0,boundary
193,-0.75,2.75,,1004.29,0,34136.8,,0,0,,0,0,boundary
194,-0.75,3.25,,1003.29,0,26065.2,,0,0,,0,0,boundary
195,-0.75,3.75,,1002.89,0,22855.9,,0,0,,0,0,boundary
196,-0.75,4.25,,1003.39,0,26876.3,,0,0,,0,0,boundary
197,-0.75,4.75,,1003.19,0,25284.7,,0,0,,0,0,boundary
198,-0.75,5.25,,1002.19,0,17295.9,,0,0,,0,0,boundary
199,-0.75,5.75,,997.092,0,-22620.9,,0,0,,0,0,boundary
200,-0.75,6.25,,995.761,0,-32845.3,,0,0,,0,0,boundary
201,-0.75,6.75,,998.491,0,-11788.9,,0,0,,0,0,boundary
202,-0.75,7.25,,998.742,0,-9833.54,,0,0,,0,0,boundary
203,-0.75,7.75,,996.528,0,-26965.7,,0,0,,0,0,boundary
204,-0.75,8.25,,994.417,0,-43087.5,,0,0,,0,0,boundary
205,-0.75,8.75,,1000.32,0,2481.06,,0,0,,0,0,boundary
206,-0.75,9.25,,1000.89,0,7008.24,,0,0,,0,0,boundary
207,-0.75,9.75,,1001.22,0,9583.09,,0,0,,0,0,boundary
208,-1.25,0.25,,1004.01,0,31859.7,,0,0,,0,0,boundary
209,-1.25,0.75,,1003.24,0,25642,,0,0,,0,0,boundary
210,-1.25,1.25,,1003.81,0,30261.5,,0,0,,0,0,boundary
211,-1.25,1.75,,1004.84,0,38513.1,,0,0,,0,0,boundary
212,-1.25,2.25,,1005.85,0,46726.3,,0,0,,0,0,boundary
213,-1.25,2.75,,1005.64,0,45048.1,,0,0,,0,0,boundary
214,-1.25,3.25,,1004.06,0,32246.4,,0,0,,0,0,boundary
215,-1.25,3.75,,1002.85,0,22526.5,,0,0,,0,0,boundary
216,-1.25,4.25,,1002.75,0,21735.6,,0,0,,0,0,boundary
217,-1.25,4.75,,1002.96,0,23438.9,,0,0,,0,0,boundary
218,-1.25,5.25,,1002.25,0,17779.4,,0,0,,0,0,boundary
219,-1.25,5.75,,998.859,0,-8921.22,,0,0,,0,0,boundary
220,-1.25,6.25,,993.928,0,-46797.5,,0,0,,0,0,boundary
221,-1.25,6.75,,994.833,0,-39923.8,,0,0,,0,0,boundary
222,-1.25,7.25,,994.824,0,-39995.4,,0,0,,0,0,boundary
223,-1.25,7.75,,992.71,0,-55976.9,,0,0,,0,0,boundary
224,-1.25,8.25,,992.17,0,-60024.6,,0,0,,0,0,boundary
225,-1.25,8.75,,1000.39,0,3041.58,,0,0,,0,0,boundary
226,-1.25,9.25,,1000.9,0,7116.93,,0,0,,0,0,boundary
227,-1.25,9.75,,1001.3,0,10264.5,,0,0,,0,0,boundary
228,25.25,0.25,,1003.32,0,26315.9,,0,0,,0,0,boundary
229,25.25,0.75,,1002.76,0,21814.2,,0,0,,0,0,boundary
230,25.25,1.25,,1002.28,0,18002.7,,0,0,,0,0,boundary
231,25.25,1.75,,1001.65,0,13032.6,,0,0,,0,0,boundary
232,25.25,2.25,,1000.89,0,6967.54,,0,0,,0,0,boundary
233,25.25,2.75,,1000.07,0,532.976,,0,0,,0,0,boundary
234,25.25,3.25,,1000.5,0,3946.45,,0,0,,0,0,boundary
235,25.25,3.75,,1000.4,0,3109.39,,0,0,,0,0,boundary
236,25.25,4.25,,1000.32,0,2551.91,,0,0,,0,0,boundary
237,25.25,4.75,,1000,0,0,,0,0,,0,0,boundary
238,25.25,5.25,,1000,0,0,,0,0,,0,0,boundary
239,25.25,5.75,,1000,0,0,,0,0,,0,0,boundary
240,25.25,6.25,,1000,0,0,,0,0,,0,0,boundary
241,25.25,6.75,,1000,0,0,,0,0,,0,0,boundary
242,25.25,7.25,,1000,0,0,,0,0,,0,0,boundary
243,25.25,7.75,,1000,0,0,,0,0,,0,0,boundary
244,25.25,8.25,,1000,0,0,,0,0,,0,0,boundary
245,25.25,8.75,,1000,0,0,,0,0,,0,0,boundary
246,25.25,9.25,,1000,0,0,,0,0,,0,0,boundary
247,25.25,9.75,,1000,0,0,,0,0,,0,0,boundary
248,25.75,0.25,,1003.4,0,26980.3,,0,0,,0,0,boundary
249,25.75,0.75,,1002.81,0,22265.5,,0,0,,0,0,boundary
250,25.75,1.25,,1002.27,0,17917.9,,0,0,,0,0,boundary
251,25.75,1.75,,1001.56,0,12313.8,,0,0,,0,0,boundary
252,25.75,2.25,,1000.78,0,6111.86,,0,0,,0,0,boundary
253,25.75,2.75,,999.973,0,-210,,0,0,,0,0,boundary
254,25.75,3.25,,999.275,0,-5677.95,,0,0,,0,0,boundary
255,25.75,3.75,,1000.35,0,2756.07,,0,0,,0,0,boundary
256,25.75,4.25,,1000.32,0,2552.44,,0,0,,0,0,boundary
257,25.75,4.75,,1000.33,0,2577.45,,0,0,,0,0,boundary
258,25.75,5.25,,1000,0,0,,0,0,,0,0,boundary
259,25.75,5.75,,1000,0,0,,0,0,,0,0,boundary
260,25.75,6.25,,1000,0,0,,0,0,,0,0,boundary
261,25.75,6.75,,1000,0,0,,0,0,,0,0,boundary
262,25.75,7.25,,1000,0,0,,0,0,,0,0,boundary
263,25.75,7.75,,1000,0,0,,0,0,,0,0,boundary
264,25.75,8.25,,1000,0,0,,0,0,,0,0,boundary
265,25.75,8.75,,1000,0,0,,0,0,,0,0,boundary
266,25.75,9.25,,1000,0,0,,0,0,,0,0,boundary
267,25.75,9.75,,1000,0,0,,0,0,,0,0,boundary
268,26.25,0.25,,1003.17,0,25129.2,,0,0,,0,0,boundary
269,26.25,0.75,,1002.6,0,20544.5,,0,0,,0,0,boundary
270,26.25,1.25,,1002.16,0,17046.6,,0,0,,0,0,boundary
271,26.25,1.75,,1001.59,0,12525.8,,0,0,,0,0,boundary
272,26.25,2.25,,1000.86,0,6762.56,,0,0,,0,0,boundary
273,26.25,2.75,,1000.11,0,837.07,,0,0,,0,0,boundary
274,26.25,3.25,,999.429,0,-4473.38,,0,0,,0,0,boundary
275,26.25,3.75,,1000.34,0,2641.47,,0,0,,0,0,boundary
276,26.25,4.25,,1000.32,0,2546.72,,0,0,,0,0,boundary
277,26.25,4.75,,1000.33,0,2582.74,,0,0,,0,0,boundary
278,26.25,5.25,,1000,0,0,,0,0,,0,0,boundary
279,26.25,5.75,,1000,0,0,,0,0,,0,0,boundary
280,26.25,6.25,,1000,0,0,,0,0,,0,0,boundary
281,26.25,6.75,,1000,0,0,,0,0,,0,0,boundary
282,26.25,7.25,,1000,0,0,,0,0,,0,0,boundary
283,26.25,7.75,,1000,0,0,,0,0,,0,0,boundary
284,26.25,8.25,,1000,0,0,,0,0,,0,0,boundary
285,26.25,8.75,,1000,0,0,,0,0,,0,0,boundary
286,26.25,9.25,,1000,0,0,,0,0,,0,0,boundary
287,26.25,9.75,,1000,0,0,,0,0,,0,0,boundary
288,0.643818,-1.99844,,1000.44,77.9673,3486.59,,4.03212,0.467851,,-0.391187,-20.7885,fluid
289,-0.0144212,1.63333,,1000.8,19.1576,6270.96,,0.850947,-0.997145,,-2.07083,5.6974,fluid
290,0.287838,2.11876,,1003.13,-0.880065,24800,,-0.00643446,-0.817124,,-1.95346,7.01679,fluid
291,1.728,-0.200512,,1005.42,-3.28989,43211.1,,0.933767,-0.215494,,-1.71364,10.9799,fluid
292,0.360669,0.543218,,1004.82,3.64672,38405.6,,0.344565,-0.242379,,-3.59708,11.7742,fluid
293,1.74363,0.876077,,1005.27,12.0675,42043,,1.64406,-0.866536,,-1.25888,15.4556,fluid
294,0.895599,0.16607,,1005.2,-0.607677,41468.6,,0.580633,0.212744,,3.69798,11.2749,fluid
295,0.649921,1.32992,,1004.93,-5.19528,39303.4,,-0.155512,-0.881264,,0.239271,10.8222,fluid
296,0.358331,1.03818,,1004.58,3.15278,36410.3,,-0.511996,-0.951918,,-5.67802,11.0892,fluid
297,2.71518,0.460899,,1004.49,-5.80092,35744.3,,0.941328,0.483484,,-0.323419,8.37887,fluid
298,0.854516,-1.97372,,998.916,124.067,-8475.91,,5.75282,0.442669,,-1.91239,-16.3804,fluid
299,0.335485,2.56898,,1002.91,-6.76155,23068.6,,-0.382742,-1.23976,,-1.06539,7.20994,fluid
300,1.33854,1.16203,,1002.93,16.2326,23169.8,,1.3777,-1.06764,,1.38504,12.4583,fluid
301,0.48465,4.74241,,1000.62,-34.2776,4869.03,,-0.330969,2.68926,,5.10127,9.00773,fluid
302,1.38488,7.54837,,1001.01,3.23499,7968.18,,1.07284,2.0492,,-0.792485,-0.334621,fluid
303,1.34913,7.70446,,1000.99,9.0203,7825.4,,1.03802,1.43236,,-1.57503,2.65359,fluid
304,0.390296,0.192785,,1005.16,5.17124,41120.9,,0.442371,-0.302522,,-1.97805,9.48681,fluid
305,1.94211,0.402312,,1005.01,-9.20343,39887.5,,1.54055,0.352036,,1.10364,10.359,fluid
306,0.799646,0.769007,,1003.5,-14.2812,27720.2,,0.903589,-0.170418,,1.67302,8.43832,fluid
307,4.07408,0.258653,,1005.04,-6.27528,40185.7,,0.0443485,0.0359216,,0.793494,8.4993,fluid
308,2.79823,-0.0197298,,1004.83,-11.9996,38472.9,,0.774872,-0.490548,,1.52201,10.007,fluid
309,1.04569,0.814138,,1003.31,1.04142,26254.6,,0.776295,-0.65442,,3.4139,8.71029,fluid
310,3.51533,0.166406,,1004.13,-10.0446,32786.9,,0.574151,-0.121471,,0.242361,6.80976,fluid
311,1.96689,2.8005,,1002.84,-7.14143,22463.2,,-2.29073,0.927425,,0.685756,3.82357,fluid
312,3.09107,0.627712,,1004.39,-7.13967,34890,,0.276677,0.6041,,0.824915,8.00411,fluid
313,3.41807,1.12007,,1004.46,-6.93679,35470.4,,-0.0253549,0.576441,,-0.868497,10.475,fluid
314,2.34299,0.669873,,1005.66,-7.25103,45174.7,,0.686398,0.563074,,0.907641,11.9044,fluid
315,1.62591,0.517617,,1005.39,-1.06071,43030.5,,0.578322,-0.28008,,-4.11732,10.7757,fluid
316,0.499883,4.32378,,1004.04,-20.4295,32073.4,,0.170267,0.578147,,2.35014,2.92865,fluid
317,0.355834,3.33409,,1001.23,30.152,9718.59,,1.16297,0.0498516,,0.397624,6.84932,fluid
318,1.47596,7.29219,,999.06,57.2562,-7354.88,,1.5088,2.74635,,-5.21526,-0.629273,fluid
319,1.54907,6.88365,,1001.27,4.12189,9969.66,,1.19153,0.361801,,3.93848,1.53045,fluid
320,3.60955,0.492512,,1003.96,-22.9408,31447.1,,0.16749,0.418508,,1.67359,8.57827,fluid
321,4.46764,0.283576,,1004.64,-8.712,36960.3,,-0.161152,0.141841,,0.593977,9.61604,fluid
322,4.09342,0.897858,,1004.12,-24.8156,32720.7,,0.0123012,0.105416,,0.322098,7.58508,fluid
323,5.07159,0.689976,,1004.09,-18.7129,32458,,-0.0968282,0.00225142,,0.0343317,9.6643,fluid
324,4.6153,1.25272,,1003.51,-17.3012,27855.3,,-0.461158,0.0205376,,1.78929,9.4123,fluid
325,3.86302,1.58016,,1003.15,-5.40877,24956.2,,-0.488713,0.791545,,0.284885,9.49756,fluid
326,3.64629,1.2196,,1003.64,-9.11714,28916.7,,-0.164058,0.668559,,1.27625,9.97899,fluid
327,3.80985,2.1756,,1002.97,-8.64962,23480.6,,-0.364625,0.770851,,0.908017,8.49976,fluid
328,4.27628,1.67002,,1003.98,-8.20458,31573.8,,-0.400059,0.646648,,1.23253,9.00943,fluid
329,3.13567,1.80401,,1002.49,-4.40574,19671.1,,-0.25981,0.437661,,0.961808,7.78558,fluid
330,1.41593,2.63745,,1000.05,-26.0985,391.665,,-1.9194,-0.880507,,4.47908,3.66319,fluid
331,3.15345,2.20851,,1001.89,-11.6648,14914.3,,-0.990504,1.44516,,0.611351,8.78591,fluid
332,3.5709,2.15447,,1002.09,-13.0101,16520.2,,-0.480979,0.672501,,-0.0923099,8.1971,fluid
333,0.944207,2.98754,,1003.17,-25.6222,25114.6,,-1.90353,0.0285555,,2.1998,7.70314,fluid
334,0.806749,2.0425,,1006.38,-10.9348,51073.5,,0.608815,-1.67586,,6.68057,11.7617,fluid
335,1.45297,6.5132,,999.255,-38.4367,-5833.48,,1.82819,1.27187,,-3.78276,2.87257,fluid
336,4.44273,0.932183,,1003.94,-21.7201,31271.6,,-0.348762,0.383043,,1.85935,7.21186,fluid
337,4.93382,0.237104,,1004.63,-24.1666,36837,,-0.193543,0.387278,,0.222524,9.43086,fluid
338,4.92061,1.32803,,1003.24,-11.533,25651.7,,-0.386971,0.474155,,2.44188,9.14258,fluid
339,5.4763,0.248526,,1005.08,-29.3367,40442.1,,-0.197986,-0.284006,,2.90423,9.96216,fluid
340,4.87025,1.93951,,1002.4,-14.8533,18991.6,,-0.974182,0.201225,,1.03874,6.60235,fluid
341,4.58049,2.15015,,1002.84,-8.84599,22511,,-1.08203,0.485601,,-0.272632,8.58999,fluid
342,4.14344,2.48778,,1002.52,-5.009,19890.4,,-1.43959,0.327995,,1.26979,9.85723,fluid
343,2.51206,3.2386,,1000.97,-2.97657,7646.93,,-2.00645,1.20513,,-0.396161,9.34852,fluid
344,5.46286,1.66209,,1002.61,-16.499,20648.8,,-0.735228,-0.188267,,-0.537562,8.20119,fluid
345,2.76728,3.19817,,1001.81,-2.82551,14281.9,,-2.14505,1.13734,,-0.346601,8.72501,fluid
346,1.02036,3.49321,,1000.24,15.0422,1886.74,,-1.42102,1.22756,,2.48542,8.60336,fluid
347,3.00992,2.81199,,1002.04,-5.5745,16068.7,,-2.11912,0.744078,,-0.352416,7.84946,fluid
348,1.50645,3.20242,,1001.56,0.734561,12284.9,,-0.794665,0.530977,,2.32801,9.77572,fluid
349,1.16113,3.78945,,1002.31,0.92069,18218.7,,-0.679697,0.826428,,1.09629,6.62136,fluid
350,1.23216,4.61086,,999.955,-29.708,-350.618,,-1.18438,2.4808,,3.72123,8.13909,fluid
351,0.677411,5.62618,,1002.86,8.50003,22668.6,,1.40515,3.21251,,-9.58624,3.89445,fluid
352,5.93202,0.307179,,1004.37,-17.0668,34750,,-0.163942,-0.180383,,3.30352,10.3881,fluid
353,5.88591,0.754017,,1003.4,-17.6441,26938.7,,-0.612781,0.116542,,2.99593,8.53036,fluid
354,5.9464,1.6132,,1003.57,-16.2581,28328.9,,-0.471997,0.143307,,1.30016,9.65868,fluid
355,7.0832,0.647104,,1004.33,-22.2912,34457,,-0.0744822,-0.437819,,4.4849,9.97753,fluid
356,6.15475,1.04009,,1002.16,-26.9133,17065.5,,-0.629506,0.0593304,,2.53326,6.34866,fluid
357,5.30897,0.849513,,1004.18,-16.2109,33216.2,,-0.0844773,0.106187,,2.63415,10.089,fluid
358,5.4458,4.00148,,994.54,13.8918,-42157.4,,-2.19942,1.22765,,3.10764,-3.39926,fluid
359,5.51073,3.22484,,1001.39,12.4887,10917.3,,-2.03712,1.28431,,1.02038,9.29904,fluid
360,5.68567,1.29925,,1003.99,-24.2001,31678.1,,-0.507381,0.204964,,0.424522,6.01211,fluid
361,3.78328,2.94191,,1002.34,-8.03295,18460,,-2.21751,0.49792,,2.06543,8.76167,fluid
362,5.07549,2.30816,,1002.05,-19.6615,16173.1,,-1.1145,0.683762,,0.337319,7.77808,fluid
363,3.32908,2.76347,,1002.27,-10.0356,17913.4,,-1.87845,1.10703,,1.15209,8.08224,fluid
364,3.45881,3.39584,,1002.89,6.82024,22845.7,,-2.71598,0.734249,,0.970439,9.62553,fluid
365,2.92748,3.54653,,1001.35,-2.65506,10620.1,,-1.98464,0.489601,,0.324793,9.52121,fluid
366,1.81583,2.93441,,1003.03,-6.3965,24031.4,,-2.37938,0.353817,,0.441287,7.58686,fluid
367,0.783075,1.68445,,1005.27,-15.5693,42008.4,,0.706537,-1.048,,5.2682,11.1486,fluid
368,6.48716,0.251149,,1004.82,-26.3758,38417.9,,0.121443,0.116656,,-0.3374,10.3189,fluid
369,6.89135,0.268356,,1004.75,-32.4465,37850.1,,0.0236777,0.411301,,3.65362,9.02582,fluid
370,7.54531,0.680913,,1003.17,-22.8445,25155.9,,0.19646,0.249423,,3.88689,11.095,fluid
371,10.5612,0.158005,,1003.5,-21.8731,27778.7,,1.425,0.49316,,-0.128293,11.0314,fluid
372,7.61853,0.0962485,,1003.6,-29.9345,28549.1,,0.66042,0.118548,,3.04654,9.4334,fluid
373,5.89045,3.7505,,1001.51,-24.9877,11865.9,,-1.53946,1.75637,,-5.77583,10.6129,fluid
374,8.38819,0.659146,,1003.95,-14.3244,31331.4,,0.124851,-0.264884,,-1.36386,9.17933,fluid
375,6.07648,3.27177,,1001.48,-17.5891,11629.8,,-1.35418,1.44761,,-1.19742,5.03765,fluid
376,6.34676,1.64982,,1003.44,-12.0162,27297.2,,-1.32394,0.901589,,0.913554,9.93487,fluid
377,2.8679,4.09058,,1000.26,-5.97876,2034.24,,-2.7499,1.47325,,2.37121,6.57894,fluid
378,6.33798,4.31779,,999.085,5.54778,-7160.86,,-0.632728,0.224867,,0.72368,4.89162,fluid
379,4.35972,2.70439,,1000.9,-10.5173,7112.52,,-1.21669,0.682393,,-0.142087,8.19391,fluid
380,4.02497,3.95246,,1000.08,5.21577,606.971,,-3.16026,0.115715,,1.3239,8.43219,fluid
381,4.10279,3.37434,,1000.82,-14.5909,6482.96,,-1.79836,0.192901,,0.0357694,8.54203,fluid
382,1.72789,4.10571,,1001.47,-15.1134,11604.2,,-2.63833,0.537423,,1.60001,6.44074,fluid
383,0.661158,7.84237,,996.008,9.55267,-30956.7,,-0.521056,-0.125038,,2.28386,-5.61654,fluid
384,7.85976,0.82277,,1001.63,-20.3443,12882,,-0.181218,0.789372,,0.953448,12.0476,fluid
385,13.2662,0.235969,,1004.32,21.9648,34346.4,,-0.841941,0.0601663,,-3.06025,10.9104,fluid
386,11.1185,0.160418,,1002.98,-4.45823,23571.5,,1.21076,0.274913,,-1.20794,8.46759,fluid
387,13.2879,1.28125,,1002.07,11.7009,16349,,-2.17888,0.586789,,0.226072,8.44576,fluid
388,12.3222,1.63299,,1003.13,24.7378,24820.9,,-2.46443,1.01977,,-4.21992,7.63265,fluid
389,12.51,0.207319,,1004.55,27.0223,36178.2,,0.388882,0.00733755,,-3.92899,9.50646,fluid
390,12.9563,1.8789,,1004.68,27.5757,37241.1,,-1.70539,0.316927,,0.436939,9.39625,fluid
391,6.54325,1.74476,,1002.76,-14.7288,21814.9,,-1.79969,1.09144,,1.77055,12.1724,fluid
392,8.0004,1.31387,,1001.29,-14.6575,10191.1,,-0.716629,0.208275,,0.859237,8.67407,fluid
393,1.90469,4.21183,,1001.93,-5.35225,15243,,-2.11234,1.32861,,1.72184,9.34022,fluid
394,4.90592,4.00465,,1001.36,-11.7268,10731.3,,-2.80653,0.354497,,2.7539,11.4925,fluid
395,4.70986,3.27963,,1003.02,-14.7972,23878,,-1.72582,0.746518,,-1.4574,8.65504,fluid
396,2.1957,4.2541,,1001.25,-12.4685,9864.59,,-1.91675,1.76185,,1.69281,9.56728,fluid
397,2.5031,4.18062,,1001.23,-10.4926,9665.87,,-2.47016,1.77958,,3.00233,8.41126,fluid
398,1.56133,4.56352,,999.662,21.2856,-2647.95,,-2.21539,2.28176,,1.12738,7.55168,fluid
399,2.29319,1.79097,,1004.8,-20.4309,38219.9,,-0.788994,2.39741,,-4.94027,10.8817,fluid
400,12.6481,1.2417,,1001.68,8.72919,13212.1,,-2.04275,0.716007,,-1.17227,7.92773,fluid
401,13.2432,1.57171,,1003.52,21.0518,27888.4,,-2.29627,0.0073966,,1.16805,12.9931,fluid
402,13.9003,2.13912,,1002.21,29.1813,17438.3,,-1.88675,0.429905,,-3.12691,12.9793,fluid
403,14.4107,0.806039,,1004.08,18.8526,32406.9,,-1.72287,0.023958,,0.404267,9.61972,fluid
404,13.6597,1.51891,,1001.39,29.3378,10929,,-1.77828,0.383257,,1.66287,12.9927,fluid
405,9.74709,2.60638,,1000.4,0.858096,3132.02,,-4.39216,0.0534579,,2.1975,10.5138,fluid
406,12.7443,2.87477,,999.461,-4.9691,-4219.98,,-3.43562,-0.772048,,-1.57546,7.72605,fluid
407,13.9467,1.0268,,1003.25,14.3417,25773.2,,-1.23103,-0.0530034,,-0.460251,10.6324,fluid
408,12.8185,2.41786,,1003.2,-14.5943,25328.4,,-2.416,0.482315,,-0.904832,10.9826,fluid
409,8.56837,0.745469,,1004.3,-28.7919,34177.6,,0.173723,-0.137203,,1.63385,10.1358,fluid
410,6.08807,3.66629,,1002.12,-12.583,16706.4,,-0.637454,1.33647,,-2.48877,9.00476,fluid
411,6.52129,0.746669,,1002.6,-18.1979,20529.8,,-0.458306,-0.80405,,0.431204,9.94542,fluid
412,1.15076,4.29807,,1001.65,-10.0785,13038.2,,-2.90648,1.06508,,3.75371,7.61105,fluid
413,0.519012,4.73752,,1000.75,-29.141,5923.07,,-0.516177,2.49094,,5.29846,8.94812,fluid
414,0.446388,6.13873,,995.107,76.9389,-37842.6,,-0.608725,2.91908,,0.0961328,-1.81694,fluid
415,0.800898,7.63316,,999.152,22.1131,-6636.23,,0.832055,0.175978,,-2.33142,1.24106,fluid
416,13.6103,0.174327,,1003.76,34.4442,29880.4,,-1.41777,-0.337637,,1.64566,10.6536,fluid
417,14.0303,1.44295,,1002.67,36.7721,21091.7,,-2.13469,-0.491794,,0.631801,13.9296,fluid
418,13.939,0.559828,,1003.7,20.3228,29353.2,,-1.55857,0.491838,,-0.134335,8.1401,fluid
419,15.0945,1.59196,,1002.01,28.2294,15886.2,,-1.31421,-0.217318,,-0.163938,10.5462,fluid
420,14.8503,0.29687,,1004.02,38.264,31944.3,,-1.4557,0.0900364,,-0.809186,8.05546,fluid
421,13.4058,2.81144,,1000.74,13.8128,5819.37,,-2.72327,-1.20441,,3.93548,10.771,fluid
422,10.7133,2.41365,,1000.48,5.20651,3791.46,,-3.92873,-0.73608,,-0.012898,13.053,fluid
423,12.1996,2.7245,,998.483,-6.91765,-11850,,-3.32589,-0.349901,,-0.325512,5.93749,fluid
424,14.4866,2.00073,,1004.38,3.30066,34817.1,,-1.68988,0.0646945,,-3.57595,7.93625,fluid
425,10.5045,2.42304,,999.448,14.941,-4322.52,,-5.14715,-0.243913,,0.0639519,9.49133,fluid
426,13.6423,2.44486,,997.23,-59.6754,-21558.5,,-1.94827,1.1779,,-0.423673,10.3585,fluid
427,9.37333,2.45074,,999.813,0.0305903,-1469.91,,-4.51725,0.901958,,1.71546,9.44424,fluid
428,1.42109,2.22759,,1000.47,26.5067,3696.17,,-1.46887,-1.16151,,4.74918,8.05145,fluid
429,1.02737,5.73023,,1001.89,-1.61561,14899.5,,-0.150452,3.38576,,1.99216,0.290674,fluid
430,-0.154977,6.83834,,1005.59,-18.2156,44584.3,,-0.273243,3.02652,,8.74644,-0.526597,fluid
431,1.19336,6.15679,,1002.1,-19.9347,16610,,0.761859,3.02902,,0.942222,2.47519,fluid
432,13.1965,2.81105,,999.79,14.8167,-1644.26,,-4.00747,-0.556998,,2.3261,8.27514,fluid
433,14.9763,0.551634,,1003.98,32.2184,31602,,-1.53566,-0.113972,,0.647466,10.3606,fluid
434,14.5903,1.15946,,1002.43,32.1988,19225.1,,-2.02512,-0.263065,,0.913693,11.9627,fluid
435,15.0388,2.64362,,1000.32,-3.05169,2491.87,,-1.62208,-0.935571,,1.18691,11.6227,fluid
436,15.6558,2.17129,,1003.15,7.76384,24949.1,,-1.38916,0.205267,,-1.17225,11.7922,fluid
437,14.7431,2.6744,,1000.28,-2.7956,2225.43,,-2.09833,-0.899698,,0.560725,11.5796,fluid
438,17.0296,2.46942,,1000.33,13.5911,2558.38,,-0.818322,-0.600415,,0.0850335,11.4293,fluid
439,14.7121,1.69869,,1002.06,18.9258,16258.3,,-1.30529,-0.39428,,0.0324987,9.88861,fluid
440,13.2817,2.87619,,1000.64,5.14683,4998.03,,-3.15162,-0.931263,,2.98988,10.6492,fluid
441,14.4855,2.62783,,1000.23,7.12418,1777.7,,-1.63933,-0.766746,,-1.67684,11.7637,fluid
442,14.3198,0.202298,,1003.7,40.6152,29349.2,,-1.57441,-0.17127,,-0.183362,9.37696,fluid
443,10.2449,2.47587,,1000.17,2.43913,1316.76,,-4.3907,-0.61423,,0.836698,10.8408,fluid
444,8.25383,2.26375,,1001.67,4.76485,13197,,-4.94734,0.960604,,3.29785,15.3675,fluid
445,2.37434,1.25279,,1004.55,1.20779,36174.8,,1.60347,1.16092,,-0.734061,12.1197,fluid
446,2.72671,1.95044,,1005.94,-26.3381,47456.4,,-0.31023,1.75225,,-4.36362,6.92167,fluid
447,2.94824,1.06272,,1006.62,-3.7586,53036.9,,0.22225,0.60044,,-3.6252,14.6787,fluid
448,15.0569,0.957647,,1002.35,31.6851,18596,,-1.5469,0.111619,,0.282738,11.4633,fluid
449,15.4533,1.66009,,1002.91,28.9865,23020.5,,-1.18469,-0.0486405,,-0.0461318,11.3656,fluid
450,15.4936,0.21623,,1004.28,39.653,34000.5,,-1.49858,0.280047,,-0.412801,10.2839,fluid
451,16.9286,1.97411,,1002.32,18.4265,18333.5,,-0.654504,-0.230497,,-1.18323,10.4706,fluid
452,16.1933,2.59248,,1000.2,10.1436,1541.26,,-1.14102,-0.711287,,-0.0914443,11.0141,fluid
453,16.1089,2.61352,,1000.31,8.37912,2430.96,,-1.51777,-0.701475,,-0.339033,11.6228,fluid
454,8.04923,1.8246,,1001.63,-43.6167,12844.7,,-3.49343,-0.30235,,3.36569,5.34581,fluid
455,14.547,2.59812,,999.824,3.20875,-1381.03,,-2.72556,-0.938717,,-0.189891,10.7647,fluid
456,6.59121,2.3748,,1001.3,-2.13953,10224.7,,-2.74839,1.33448,,1.13144,7.49275,fluid
457,7.41674,2.65689,,1001.47,-10.0519,11556.5,,-2.45403,2.27121,,7.64111,11.4537,fluid
458,15.4448,2.50016,,998.805,29.7742,-9342.39,,-1.51141,-0.407144,,-1.49615,9.00098,fluid
459,11.5799,2.40417,,1000.36,4.33477,2803.39,,-4.21424,0.114069,,-1.08015,13.5833,fluid
460,7.85302,2.05349,,1002.21,-11.8577,17463,,-4.11341,0.774894,,4.11158,9.23871,fluid
461,7.45412,2.33169,,1003.54,-26.3351,28098.7,,-3.73836,1.63517,,6.33634,12.2472,fluid
462,7.09827,1.42646,,1005.22,-38.9028,41616.8,,-2.36128,-0.393585,,7.86008,7.77058,fluid
463,0.170388,3.60094,,1001.95,-61.7475,15407.6,,-0.418487,0.803544,,6.99515,4.7082,fluid
464,15.572,1.29815,,1002.47,35.2665,19524.3,,-1.17957,-0.0891796,,-0.45872,10.4735,fluid
465,16.0967,1.10623,,1002.73,32.6186,21618.9,,-1.61244,-0.153636,,0.146668,10.6698,fluid
466,16.2842,2.15425,,1001.67,4.59957,13158.5,,-0.900767,-0.128105,,0.984115,10.3634,fluid
467,16.3091,0.585922,,1003.52,34.1299,27908.5,,-1.70878,-0.134842,,-0.0111177,9.63477,fluid
468,16.0803,1.54417,,1002.74,28.9831,21658.4,,-1.22846,-0.156174,,1.12096,12.2634,fluid
469,17.2908,1.44839,,1002.69,29.5531,21257.2,,-1.28927,-0.342915,,-0.204986,10.5475,fluid
470,17.4704,2.47155,,1000.52,7.02282,4049.74,,-0.855605,-0.402942,,0.398461,11.9246,fluid
471,16.4486,1.36757,,1002.24,36.3103,17659.3,,-1.26147,-0.222066,,1.72686,12.556,fluid
472,12.0761,2.67634,,999.539,2.99194,-3615.81,,-4.44501,-0.728264,,-0.096899,10.8309,fluid
473,5.97854,2.643,,1001.39,-1.80673,10978.4,,-2.44998,0.643533,,2.56405,5.16415,fluid
474,6.38021,2.76805,,1002.23,-18.0235,17583.4,,-2.29726,1.49601,,2.31805,3.7558,fluid
475,7.51707,3.85981,,999.752,-2.61776,-1948.29,,0.409689,0.986019,,3.5937,6.70921,fluid
476,5.149,4.22759,,1001.3,-0.798574,10233.5,,-3.05162,-0.00475866,,2.66942,10.6968,fluid
477,8.68767,1.07868,,1004.49,-46.3451,35726.3,,-0.497463,0.244403,,-0.16882,14.4939,fluid
478,8.00408,0.380544,,1003.71,-25.1256,29433.7,,-0.181291,0.362134,,1.80674,7.52827,fluid
479,10.7723,0.661553,,1003.67,-24.2404,29099.8,,0.1026,0.24765,,-2.01691,10.3035,fluid
480,16.9522,0.778714,,1003.66,39.3957,29042.3,,-1.55771,-0.0892316,,0.410422,10.9704,fluid
481,15.5842,0.814953,,1003.84,34.7921,30485.2,,-1.71419,-0.202538,,0.129042,10.4201,fluid
482,16.4481,0.211143,,1003.87,41.1594,30747.9,,-1.1016,-0.212957,,0.888699,9.46757,fluid
483,16.5919,0.918906,,1003.09,37.6667,24503.7,,-1.37248,-0.227373,,0.740819,11.7854,fluid
484,15.8694,0.338148,,1004.15,36.1617,32947.2,,-1.66363,0.11321,,0.84104,10.0997,fluid
485,18.2502,1.28629,,1002.71,30.0149,21432.9,,-1.12766,-0.277611,,-0.313535,11.3843,fluid
486,17.8015,1.87504,,1002.38,15.014,18814.5,,-0.975377,-0.250419,,0.395477,10.7464,fluid
487,17.0133,1.61372,,1002.37,29.2578,18747.8,,-1.12005,-0.494,,-1.45372,10.5385,fluid
488,18.1324,2.45077,,1000.58,8.76882,4559.57,,-1.17282,-0.497219,,-0.293352,11.7491,fluid
489,11.139,2.24489,,1000.83,2.20791,6532.81,,-4.71478,-0.0830988,,-0.554135,13.3355,fluid
490,7.52921,1.65447,,1001.81,17.5696,14252.5,,-4.27786,-0.836739,,8.48505,6.65218,fluid
491,8.63261,1.9229,,1000.91,-16.4831,7160.05,,-3.90973,-0.232772,,-0.372879,8.76482,fluid
492,12.1926,1.06755,,1001.95,12.5171,15404.8,,-2.18807,0.890482,,0.0265031,8.93598,fluid
493,10.5314,1.26965,,1004.91,-13.5708,39086.8,,-3.21666,-0.409125,,2.70048,6.09011,fluid
494,10.7015,1.48611,,1002.61,-24.0404,20610.9,,-2.91436,-0.326788,,4.02799,9.59377,fluid
495,9.83419,1.14745,,1004.86,-41.4126,38711.4,,-1.38556,-0.523538,,2.84448,10.2927,fluid
496,17.8362,0.844791,,1002.95,34.1018,23371.7,,-1.44686,-0.18382,,0.872354,11.0581,fluid
497,18.1834,0.581559,,1003.54,34.1062,28081.3,,-0.937184,0.0406372,,0.277735,10.4669,fluid
498,17.0683,0.257089,,1004.34,41.2133,34504.8,,-1.45479,-0.0414947,,-0.943671,9.60364,fluid
499,18.9491,1.05601,,1002.78,26.7507,22000.2,,-1.06427,0.0362252,,1.163,10.8185,fluid
500,17.4511,0.343683,,1003.9,36.7024,30953,,-1.14085,-0.197218,,0.783258,10.1091,fluid
501,19.0238,2.06651,,1001.32,7.56672,10393.5,,-0.546235,-0.0896719,,-0.15202,10.9472,fluid
502,17.405,0.88924,,1003.22,36.3745,25498.6,,-1.58145,-0.409651,,0.27626,11.3037,fluid
503,18.881,1.53799,,1002.46,21.8643,19463.2,,-1.07309,-0.313842,,0.68553,11.7129,fluid
504,18.6003,2.42723,,1000.51,9.54768,3971.03,,-0.882694,-0.588545,,0.332047,11.0736,fluid
505,17.5955,2.39427,,1000.19,9.6806,1467.8,,-0.935347,-0.231859,,0.359311,10.9562,fluid
506,14.9724,2.67402,,1000.31,-3.85116,2469.32,,-1.81589,-0.906421,,1.21568,11.4611,fluid
507,9.73286,2.53805,,1001.02,0.182426,7997.03,,-5.11675,-0.0905297,,2.37018,12.6727,fluid
508,6.74504,3.52789,,1005.85,-18.3121,46751,,-0.96695,1.26438,,9.11625,2.78237,fluid
509,12.1097,0.367579,,1003.88,3.85149,30781.4,,0.184065,0.346899,,-4.8638,9.13571,fluid
510,9.75219,1.45548,,1004.41,-63.1327,35078,,-3.72865,0.124861,,1.26544,14.0496,fluid
511,3.16006,4.3617,,1001.08,-8.05709,8526.63,,-3.81696,1.43387,,4.99481,12.2285,fluid
512,17.9438,0.1731,,1004.11,35.8063,32690.5,,-1.05941,-0.0130981,,0.814522,10.7163,fluid
513,18.8866,0.147701,,1004.26,29.9022,33882.2,,-1.20323,0.0690389,,1.00805,10.6732,fluid
514,19.0866,0.55015,,1003.33,26.303,26420.3,,-0.965721,0.0218594,,0.749618,10.3985,fluid
515,18.537,0.478796,,1004,32.4255,31742.7,,-1.12322,-0.275287,,0.579303,10.3879,fluid
516,18.574,1.19167,,1002.92,28.3804,23133.9,,-1.03397,-0.266734,,0.180377,11.0696,fluid
517,19.4651,1.3058,,1002.65,22.3608,20996.5,,-0.922238,-0.269045,,0.156887,11.6898,fluid
518,19.4443,1.81082,,1002.34,11.9127,18508,,-0.627744,-0.268917,,0.532429,10.0127,fluid
519,20.4817,2.01293,,1001.41,4.18068,11122.7,,-0.272222,-0.262053,,-0.342851,10.7827,fluid
520,18.2666,1.81507,,1001.92,17.9995,15186.1,,-0.981833,-0.430298,,0.864539,11.0634,fluid
521,17.7068,1.37082,,1002.29,28.5047,18109.2,,-0.997158,-0.584744,,0.912738,11.3281,fluid
522,19.9417,2.2728,,1000.64,7.41449,5013.79,,-0.485708,-0.468272,,-0.109399,11.1424,fluid
523,10.3081,2.46564,,1000.17,2.4025,1321.76,,-4.61183,-0.58606,,0.807441,11.0369,fluid
524,6.89267,1.70244,,1002.82,-27.5168,22347.9,,-1.88941,0.76795,,3.4797,11.5429,fluid
525,7.59786,4.06562,,999.325,-6.1283,-5284.9,,0.272714,1.665,,-1.9577,2.48695,fluid
526,4.47507,3.84389,,1000.41,-18.2772,3206.16,,-2.31906,0.481733,,-0.124128,9.68499,fluid
527,9.82969,0.848724,,1005.3,-43.6511,42266.2,,-0.806701,-0.423214,,2.89727,5.59559,fluid
528,19.7771,1.05945,,1002.81,20.7145,22268.5,,-0.805581,-0.0906694,,0.417257,11.0739,fluid
529,19.6047,0.269108,,1004.07,23.6601,32370.7,,-1.00201,-0.0699586,,0.74394,9.50151,fluid
530,20.6543,1.40347,,1002.78,9.86039,21981.5,,-0.54139,-0.0453736,,0.672973,9.91967,fluid
531,19.4941,0.70074,,1003.06,23.7416,24215.7,,-0.870724,-0.16884,,0.805657,10.5448,fluid
532,24.884,0.52474,,1002.76,-31.3007,21803,,-0.427305,-0.347902,,0.643872,10.0681,fluid
533,21.5441,1.46698,,1002.33,0.22447,18443.6,,-0.254355,-0.315348,,0.021648,10.0265,fluid
534,23.999,0.767331,,1002.59,-24.815,20468.1,,-0.167316,-0.0912109,,0.47011,9.2644,fluid
535,22.8457,0.698535,,1003.03,-12.0106,23960.3,,-0.517141,-0.497022,,0.580128,9.81816,fluid
536,20.2225,1.19495,,1002.68,14.7924,21239.9,,-0.738645,-0.427478,,0.515257,11.1741,fluid
537,20.0872,1.65485,,1002.04,10.3568,16128.7,,-0.865973,-0.400386,,-0.288372,10.6925,fluid
538,19.3089,2.44173,,1000.51,7.20717,3993.16,,-0.838647,-0.47461,,0.381697,11.7957,fluid
539,16.9452,2.522,,1000.33,10.6133,2609.06,,-1.20636,-0.688043,,0.209932,11.4533,fluid
540,7.10959,2.97802,,1001.07,6.10189,8413.89,,-1.9088,1.95236,,7.02724,7.13433,fluid
541,9.70415,0.179291,,1004.17,-11.3083,33107.5,,1.59704,-0.743191,,-1.709,11.2997,fluid
542,7.14749,4.47632,,999.848,4.13938,-1193.57,,-0.871189,-0.204627,,2.92396,1.10952,fluid
543,7.50396,3.84993,,999.515,-10.6549,-3804.58,,0.840858,1.75767,,3.00861,6.88023,fluid
544,20.8569,0.950843,,1002.84,11.1094,22496.1,,-0.685869,-0.188307,,0.383982,10.9064,fluid
545,20.5469,0.185664,,1003.94,12.6978,31292.1,,-0.834959,0.0333898,,1.40387,10.734,fluid
546,21.935,1.42342,,1002.4,-3.31063,18949.1,,-0.219488,-0.10263,,0.748269,9.86336,fluid
547,20.1016,0.298038,,1003.98,18.6543,31597.6,,-1.03323,-0.33485,,0.19251,10.4879,fluid
548,24.5776,1.21787,,1002.54,-25.713,20108.6,,0.0836808,-0.115779,,1.47072,9.16808,fluid
549,20.8819,1.83974,,1001.69,4.88918,13342.6,,-0.519757,-0.494845,,0.470342,10.2949,fluid
550,24.4921,0.738461,,1003,-28.9021,23758.1,,-0.0913861,0.0938933,,0.572902,9.40625,fluid
551,23.3169,0.83028,,1002.96,-18.3105,23476.1,,-0.403281,-0.0364345,,0.521896,9.70984,fluid
552,22.3563,1.49149,,1002,-4.78321,15810.2,,-0.206051,-0.312803,,0.54016,9.66205,fluid
553,22.03,1.97461,,1001.91,-2.48773,15046.5,,-0.491451,-0.0164625,,0.41509,9.89016,fluid
554,20.9873,2.44685,,1000.55,3.0754,4292.7,,-0.49032,-0.478631,,-0.387505,10.4435,fluid
555,18.2636,2.55951,,1000.57,4.98596,4516.36,,-1.03455,-0.547048,,-0.289476,11.9535,fluid
556,6.87989,2.62784,,1001.05,-19.6138,8291.71,,-2.96636,1.50017,,2.37585,5.8777,fluid
557,8.78844,0.180689,,1003.66,-19.2724,29030.1,,-0.380388,-0.28075,,2.47798,6.62295,fluid
558,7.62536,4.26726,,1000.64,-5.99883,5017.05,,0.764101,-0.831841,,3.6802,5.18778,fluid
559,11.847,1.08717,,1004.19,3.76221,33324.9,,-1.89524,1.72765,,-2.67579,12.5112,fluid
560,21.2958,1.0643,,1002.65,5.25147,20968.4,,-0.760197,-0.0390199,,0.376212,10.2466,fluid
561,20.2162,0.764425,,1003.12,16.5886,24691,,-0.976007,-0.0524285,,0.887863,9.98526,fluid
562,24.0103,0.305391,,1003.32,-25.8645,26292.3,,-0.322809,-0.231288,,1.19521,9.4259,fluid
563,22.4273,0.711951,,1002.9,-8.00859,22968.1,,-0.552154,0.021095,,0.429986,10.2205,fluid
564,24.5598,0.177864,,1003.8,-32.05,30171.1,,-0.287072,0.0633708,,-0.0670344,9.01167,fluid
565,14.1471,2.57496,,1000.58,24.4115,4571.08,,-2.78136,-1.20155,,-2.50472,13.2798,fluid
566,23.3729,0.109286,,1003.79,-21.3825,30108.4,,-0.585297,0.208991,,0.37303,10.3284,fluid
567,22.846,1.25719,,1002.4,-12.2981,18983.1,,-0.441339,-0.197965,,-0.247167,9.10649,fluid
568,22.6034,2.06052,,1001.39,-2.87225,10925.4,,-0.33003,-0.22033,,-0.245717,9.9474,fluid
569,24.139,1.2096,,1002.25,-23.0658,17806.6,,0.0915167,-0.178187,,-0.127812,9.68878,fluid
570,21.3371,1.7454,,1001.9,2.03831,15001.2,,-0.282773,-0.281724,,-0.0394967,10.5154,fluid
571,18.453,2.567,,1000.55,4.83821,4312.03,,-0.820504,-0.582617,,0.126863,11.773,fluid
572,9.60857,2.53327,,1001.04,-1.58206,8221.89,,-5.40435,-0.0112885,,1.47914,13.3156,fluid
573,6.40519,4.36335,,1000.38,-12.0376,2999.72,,-1.0109,-0.203496,,0.532803,8.18638,fluid
574,4.39465,4.13503,,999.969,3.36315,-246.408,,-2.90066,0.258838,,0.322402,7.01789,fluid
575,9.21761,0.974091,,1005.48,-42.622,43706,,-1.15451,-0.405821,,2.8758,9.23284,fluid
576,22.094,0.966034,,1002.83,-3.31136,22371.5,,-0.760359,-0.109164,,0.689922,9.7047,fluid
577,21.2014,0.282446,,1003.74,6.81575,29643.5,,-0.908088,0.106927,,0.802465,9.55643,fluid
578,23.5592,1.20833,,1002.29,-17.9514,18118.5,,-0.199754,-0.223342,,1.59497,9.71114,fluid
579,22.129,0.280039,,1003.65,-5.68742,28947.9,,-0.838122,-0.164909,,0.929842,10.1242,fluid
580,23.7841,1.90452,,1001.85,-13.125,14635.8,,-0.202268,-0.359895,,0.866125,8.82957,fluid
581,21.7343,2.39278,,1000.51,-1.35841,4013.17,,-0.213627,-0.130811,,-0.144548,9.82016,fluid
582,24.716,1.60565,,1002.03,-20.1098,15991.6,,0.144415,-0.203365,,1.09292,9.25,fluid
583,24.1254,1.70621,,1001.79,-16.6722,14084.4,,-0.311522,-0.316905,,0.736266,9.1949,fluid
584,24.7203,2.05783,,1001.1,-12.702,8665.27,,0.168747,-0.0745557,,0.99741,10.0851,fluid
585,22.2254,2.52563,,1000.53,-3.79501,4141.18,,-0.587545,-0.0164917,,0.172936,10.1528,fluid
586,21.4657,2.53579,,1000.5,0.225673,3944.48,,-0.425798,-0.38398,,-0.198956,9.82175,fluid
587,19.8769,2.43195,,1000.59,4.50841,4601.97,,-0.695911,-0.518948,,-0.0525254,11.9362,fluid
588,9.11628,0.214866,,1002.73,-25.1005,21562.3,,0.411601,-0.764852,,3.00454,7.33939,fluid
589,12.9476,0.724277,,1003.1,3.79723,24596.2,,-1.73805,0.459668,,-0.783888,9.30652,fluid
590,13.4166,0.824405,,1002.78,5.5361,21974.4,,-1.47631,0.854472,,-0.835015,8.65573,fluid
591,6.78826,4.70012,,1000.5,-0.305788,3914.52,,-1.37861,-0.412762,,3.30844,4.85959,fluid
592,21.6862,0.26492,,1003.9,0.195586,30967.4,,-0.81203,-0.182795,,0.621484,10.1547,fluid
593,19.5145,2.49254,,1000.57,4.40676,4475.9,,-0.819456,-0.509502,,0.335186,12.1365,fluid
594,22.614,0.269092,,1003.81,-11.3689,30230.4,,-0.543198,-0.0548084,,1.40918,9.15049,fluid
595,23.4484,0.462768,,1003.47,-20.7088,27530.1,,-0.338784,0.0456414,,1.15268,9.7917,fluid
596,15.8524,2.63367,,1000.47,4.03572,3699.25,,-1.99707,-0.709787,,-1.14619,12.8328,fluid
597,24.1773,2.45467,,1000.53,-8.06402,4139.79,,-0.224761,-0.385818,,0.93339,8.98361,fluid
598,23.2976,1.53003,,1002.07,-13.9093,16372.8,,-0.274135,-0.412406,,0.774816,9.44097,fluid
599,24.7235,2.29493,,1000.99,-12.9405,7803.91,,-0.19273,-0.231093,,1.56173,11.2012,fluid
600,24.1423,2.71043,,1000.3,-4.4755,2359.47,,-0.216607,-0.53913,,0.837091,8.43476,fluid
601,20.4971,2.5014,,1000.51,2.98984,4045.74,,-0.592178,-0.502936,,-0.255951,11.4485,fluid
602,20.9617,2.56638,,1000.47,2.63658,3692.22,,-0.692158,-0.51493,,-0.553118,10.589,fluid
603,5.82787,2.94382,,1000.62,-6.4829,4904.67,,-2.30901,1.08056,,0.732465,5.40801,fluid
604,13.0187,2.87646,,999.965,-2.36957,-272.937,,-3.9417,-0.743155,,0.775245,9.22852,fluid
605,3.87263,3.92525,,1000.48,5.86893,3755.96,,-3.10186,0.0926292,,1.35429,9.73742,fluid
606,1.00416,5.58748,,1000.25,2.26832,1999.69,,-0.37846,2.98227,,0.886602,-0.00283222,fluid
607,11.3481,1.81127,,1001.09,-18.1699,8586.21,,-3.34926,-0.189916,,-1.20092,10.9322,fluid
608,5.90012,4.31809,,1000.81,-1.53575,6382.75,,-2.56809,-0.475296,,-3.61516,9.65063,fluid
609,20.8526,0.56319,,1003.35,10.8207,26568.6,,-0.796019,0.00012414,,0.754804,9.71165,fluid
610,18.9535,2.53289,,1000.51,5.09467,3991.39,,-0.770424,-0.536231,,0.346631,11.8531,fluid
611,23.397,1.97223,,1001.68,-9.68284,13252.4,,-0.269512,-0.294202,,0.0664378,9.49029,fluid
612,21.5797,0.73848,,1003.07,1.63121,24277.4,,-0.4867,-0.118167,,0.868078,9.92811,fluid
613,22.9739,2.66497,,1000.37,-1.83984,2915.54,,-0.624618,-0.448608,,-0.199644,9.28711,fluid
614,22.7836,2.41851,,1000.69,-4.57822,5438.85,,-0.495196,-0.174483,,-0.301628,10.0629,fluid
615,23.1997,2.74376,,1000.34,-1.75421,2660.36,,-0.575458,-0.605529,,-0.216522,8.69583,fluid
616,23.7936,2.81935,,1000.33,-3.13747,2577.45,,-0.209844,-0.642961,,0.535775,8.14191,fluid
617,23.4401,2.78151,,1000.31,-2.68884,2408.68,,-0.299083,-0.636838,,-0.103059,8.15069,fluid
618,23.6632,2.80611,,1000.33,-3.24714,2596.5,,-0.268293,-0.651557,,0.258351,8.12687,fluid
619,7.0403,1.0882,,1003.26,-22.8192,25834.9,,-0.318458,-0.583934,,4.27259,6.549,fluid
620,5.0183,3.18112,,1003.98,-0.672081,31650.6,,-1.42778,0.812378,,1.35106,9.53523,fluid
621,2.60378,4.28765,,1000.24,-1.50735,1908.52,,-2.53191,1.86995,,2.73654,7.04783,fluid
622,3.74878,3.98097,,1000.62,-2.77968,4882.42,,-2.38479,0.375708,,0.464613,10.4335,fluid
623,7.16864,4.30972,,997.632,10.4985,-18454.8,,-0.384567,-0.0369738,,0.381093,-0.88826,fluid
624,1.53642,1.73783,,1005.43,6.8879,43288.9,,0.820941,-1.44583,,1.69187,14.3556,fluid
625,11.2022,0.683877,,1004.3,0.911496,34149.5,,-0.119195,0.249241,,-2.96711,10.6747,fluid
626,12.2234,1.96799,,1003.81,11.3867,30247.5,,-3.14456,0.724875,,-5.01605,7.58064,fluid
627,11.6346,0.104605,,1003.06,8.30987,24272.2,,0.946239,0.15441,,-2.18805,9.24808,fluid
628,10.5558,1.87351,,1003.17,-21.9803,25083,,-4.10962,0.0905904,,0.949516,9.29714,fluid
629,6.58905,4.51508,,1000.33,-0.150245,2568.01,,-1.5265,-0.460647,,2.94932,6.46111,fluid
630,10.1048,0.269725,,1004.1,-23.1996,32568.1,,1.24445,0.0211256,,0.873617,11.3347,fluid
631,22.8771,1.69173,,1001.68,-8.83825,13272.8,,-0.272315,-0.369843,,-0.131941,9.87665,fluid
632,9.03725,2.09862,,1002.42,4.65398,19156,,-4.06642,0.185371,,1.04172,12.2481,fluid
633,8.99942,2.23213,,1001.41,-7.80694,11150.4,,-4.46203,0.582924,,0.303166,14.7669,fluid
634,20.1968,2.5265,,1000.52,2.04014,4106.11,,-0.713304,-0.516139,,-0.0128565,11.7893,fluid
635,2.13879,2.90076,,1001.92,-7.40929,15117.5,,-1.96394,1.44339,,2.25871,8.14934,fluid
636,11.5255,2.15211,,1002.31,-9.06927,18263,,-4.75879,0.851966,,-2.30868,10.822,fluid
637,12.6279,0.674327,,1004.05,-0.531991,32149.4,,-0.766889,0.84804,,-4.28467,9.06523,fluid
638,1.3149,6.30491,,1001.06,-12.4928,8333.54,,1.30957,3.03033,,0.661611,2.26947,fluid
639,7.40986,3.08077,,1000.69,-0.0262113,5428.21,,-0.790341,1.27916,,9.75961,9.98808,fluid
640,17.3062,2.66666,,1000.51,0.219693,4032.94,,-1.17678,-0.504026,,0.497516,12.0277,fluid
641,22.4155,2.74555,,1000.44,-1.55272,3459.03,,-0.542751,-0.154445,,0.0495457,9.87667,fluid
642,5.63402,2.14895,,1002.9,-13.4542,22977,,-2.06672,0.123212,,5.38762,8.99561,fluid
643,1.38655,7.77662,,1000.85,18.1524,6654.61,,1.51966,0.922316,,-0.714463,3.9418,fluid
644,21.7737,2.80481,,1000.46,-0.056593,3635.26,,-0.365401,-0.253697,,0.141405,9.88396,fluid
645,16.3588,2.68277,,1000.41,5.24952,3202.67,,-1.52432,-0.734731,,0.839276,11.6159,fluid
646,11.7673,2.55022,,1000.39,0.188746,3081.55,,-4.37491,-0.276395,,-0.574464,13.8659,fluid
647,12.2027,2.80374,,999.741,-0.761385,-2029.23,,-4.93955,-1.00559,,-0.706514,9.38472,fluid
648,4.99183,2.73404,,1001.75,-7.40747,13769.7,,-1.24722,1.30853,,0.377135,6.84961,fluid
649,21.3242,2.72975,,1000.44,0.922262,3482.29,,-0.661422,-0.439514,,-0.437571,9.97206,fluid
650,24.3433,2.64592,,1000.34,-5.06605,2704,,-0.00191765,-0.554539,,1.07746,8.93879,fluid
651,5.45446,2.29087,,1002.12,-14.4419,16753.2,,-1.48891,0.755382,,2.81694,8.8273,fluid
652,8.44528,2.28143,,1001.35,6.3023,10647.5,,-5.18426,0.641159,,2.7746,15.388,fluid
653,1.96213,1.43427,,1004.24,-20.2077,33710.8,,1.47265,0.321379,,-3.60732,14.3066,fluid
654,2.31887,2.38995,,1003.43,-5.47566,27218.5,,-1.60402,1.00155,,-2.28145,4.88362,fluid
655,0.751188,8.16145,,1001.51,24.3572,11916,,1.2377,-0.107341,,-1.95551,1.98806,fluid
656,59.8974,-94.2161,,985.455,0.48172,-109291,,11.0722,-49.7665,,-87.4288,-85.8831,fluid
657,59.6789,-94.4526,,985.234,-1.30105,-110874,,6.11476,-45.2953,,3.48991,17.8968,fluid
658,-2.41407,-49.1461,,994.047,-14.1608,-45892.5,,-7.27793,-30.2452,,3.45345,-13.6138,fluid
659,-2.42111,-49.1323,,993.913,-12.8483,-46906.8,,-7.14985,-30.167,,4.4489,-15.413,fluid
660,-13.1588,-11.9088,,974.308,0,-186737,,-10.4383,-13.3915,,0,0,fluid
661,59.6449,-94.4159,,985.804,-1.50875,-106773,,7.06536,-44.4184,,25.9581,-6.37004,fluid
662,59.6456,-94.5028,,984.979,1.16438,-112706,,4.87018,-44.482,,23.7013,48.8698,fluid
663,59.6302,-94.4672,,985.497,0.769209,-108988,,5.78614,-44.0732,,34.2795,25.4865,fluid
664,-2.26535,-49.6983,,992.671,-3.43799,-56272,,-11.2063,-31.3473,,-7.90235,29.0268,fluid
665,9.06521,1.59456,,1002.19,-3.29105,17332.4,,-3.31639,0.279031,,0.131385,10.7552,fluid
666,11.5171,0.977308,,1007.46,-21.1001,59884.4,,-0.414567,0.786403,,-7.74733,15.8705,fluid
667,5.27364,4.31153,,1001.19,1.19675,9371.02,,-2.57624,-0.0117132,,1.8811,9.91884,fluid
668,1.19691,5.18836,,998.026,26.405,-15403.7,,-0.896371,2.14973,,-1.79282,0.105884,fluid
669,0.690053,6.52002,,998.023,92.8868,-15425.6,,-0.775496,1.67202,,-0.864037,-3.84311,fluid
670,0.835233,2.91634,,1006.26,-57.2551,50038.3,,-0.478009,-0.752269,,-5.07032,4.60499,fluid
671,0.17496,8.53014,,1001.17,41.5345,9184.05,,0.100772,-1.10196,,-0.027487,-3.9893,fluid
