h/dp :,2
L2norm Pressure,KE,dp,Nparticles
38678.5,6.64908e+07,0.5,448

t,24.23
ID,x,y,,rho,drhodt,pressure,,u,v,,dudt,dvdt,type
0,-1.25,-0.25,,1006.2,0,49603.4,,0,0,,0,0,boundary
1,-0.75,-0.25,,1006.16,0,49207.7,,0,0,,0,0,boundary
2,-0.25,-0.25,,1006.14,0,49096.2,,0,0,,0,0,boundary
3,0.25,-0.25,,1006.17,0,49337,,0,0,,0,0,boundary
4,0.75,-0.25,,1006.22,0,49754.3,,0,0,,0,0,boundary
5,1.25,-0.25,,1006.26,0,50056.9,,0,0,,0,0,boundary
6,1.75,-0.25,,1006.25,0,49976.6,,0,0,,0,0,boundary
7,2.25,-0.25,,1006.24,0,49884.5,,0,0,,0,0,boundary
8,2.75,-0.25,,1006.25,0,50004.2,,0,0,,0,0,boundary
9,3.25,-0.25,,1006.25,0,49960.5,,0,0,,0,0,boundary
10,3.75,-0.25,,1006.22,0,49749.6,,0,0,,0,0,boundary
11,4.25,-0.25,,1006.24,0,49890.9,,0,0,,0,0,boundary
12,4.75,-0.25,,1006.26,0,50096.9,,0,0,,0,0,boundary
13,5.25,-0.25,,1006.26,0,50031.4,,0,0,,0,0,boundary
14,5.75,-0.25,,1006.21,0,49656.1,,0,0,,0,0,boundary
15,6.25,-0.25,,1006.14,0,49101.3,,0,0,,0,0,boundary
16,6.75,-0.25,,1006.05,0,48379.7,,0,0,,0,0,boundary
17,7.25,-0.25,,1005.93,0,47406.5,,0,0,,0,0,boundary
18,7.75,-0.25,,1005.83,0,46595.4,,0,0,,0,0,boundary
19,8.25,-0.25,,1005.78,0,46161.7,,0,0,,0,0,boundary
20,8.75,-0.25,,1005.72,0,45635.4,,0,0,,0,0,boundary
21,9.25,-0.25,,1005.62,0,44851.6,,0,0,,0,0,boundary
22,9.75,-0.25,,1005.56,0,44400,,0,0,,0,0,boundary
23,10.25,-0.25,,1005.53,0,44092.3,,0,0,,0,0,boundary
24,10.75,-0.25,,1005.46,0,43549.7,,0,0,,0,0,boundary
25,11.25,-0.25,,1005.36,0,42783.1,,0,0,,0,0,boundary
26,11.75,-0.25,,1005.27,0,42024.9,,0,0,,0,0,boundary
27,12.25,-0.25,,1005.21,0,41493.5,,0,0,,0,0,boundary
28,12.75,-0.25,,1005.15,0,41048.5,,0,0,,0,0,boundary
29,13.25,-0.25,,1005.08,0,40487.5,,0,0,,0,0,boundary
30,13.75,-0.25,,1004.99,0,39733.8,,0,0,,0,0,boundary
31,14.25,-0.25,,1004.89,0,38963.9,,0,0,,0,0,boundary
32,14.75,-0.25,,1004.81,0,38314.8,,0,0,,0,0,boundary
33,15.25,-0.25,,1004.74,0,37730.2,,0,0,,0,0,boundary
34,15.75,-0.25,,1004.66,0,37114.1,,0,0,,0,0,boundary
35,16.25,-0.25,,1004.58,0,36437.6,,0,0,,0,0,boundary
36,16.75,-0.25,,1004.49,0,35731.3,,0,0,,0,0,boundary
37,17.25,-0.25,,1004.42,0,35190.4,,0,0,,0,0,boundary
38,17.75,-0.25,,1004.35,0,34591.4,,0,0,,0,0,boundary
39,18.25,-0.25,,1004.26,0,33888.8,,0,0,,0,0,boundary
40,18.75,-0.25,,1004.18,0,33251.9,,0,0,,0,0,boundary
41,19.25,-0.25,,1004.13,0,32790.8,,0,0,,0,0,boundary
42,19.75,-0.25,,1004.07,0,32320.8,,0,0,,0,0,boundary
43,20.25,-0.25,,1004.01,0,31857.1,,0,0,,0,0,boundary
44,20.75,-0.25,,1003.95,0,31373,,0,0,,0,0,boundary
45,21.25,-0.25,,1003.88,0,30793.2,,0,0,,0,0,boundary
46,21.75,-0.25,,1003.8,0,30125.7,,0,0,,0,0,boundary
47,22.25,-0.25,,1003.72,0,29537.2,,0,0,,0,0,boundary
48,22.75,-0.25,,1003.68,0,29183.8,,0,0,,0,0,boundary
49,23.25,-0.25,,1003.64,0,28861,,0,0,,0,0,boundary
50,23.75,-0.25,,1003.59,0,28515.4,,0,0,,0,0,boundary
51,24.25,-0.25,,1003.56,0,28211.6,,0,0,,0,0,boundary
52,24.75,-0.25,,1003.52,0,27940.9,,0,0,,0,0,boundary
53,25.25,-0.25,,1003.49,0,27652.1,,0,0,,0,0,boundary
54,25.75,-0.25,,1003.42,0,27143.4,,0,0,,0,0,boundary
55,26.25,-0.25,,1003.36,0,26663.8,,0,0,,0,0,boundary
56,-1.25,-0.75,,1006.69,0,53551.9,,0,0,,0,0,boundary
57,-0.75,-0.75,,1006.67,0,53397.6,,0,0,,0,0,boundary
58,-0.25,-0.75,,1006.64,0,53193.1,,0,0,,0,0,boundary
59,0.25,-0.75,,1006.66,0,53358.5,,0,0,,0,0,boundary
60,0.75,-0.75,,1006.7,0,53689.6,,0,0,,0,0,boundary
61,1.25,-0.75,,1006.74,0,53949.4,,0,0,,0,0,boundary
62,1.75,-0.75,,1006.74,0,53954.4,,0,0,,0,0,boundary
63,2.25,-0.75,,1006.74,0,53985.9,,0,0,,0,0,boundary
64,2.75,-0.75,,1006.77,0,54229.9,,0,0,,0,0,boundary
65,3.25,-0.75,,1006.77,0,54252,,0,0,,0,0,boundary
66,3.75,-0.75,,1006.76,0,54103.3,,0,0,,0,0,boundary
67,4.25,-0.75,,1006.78,0,54300.6,,0,0,,0,0,boundary
68,4.75,-0.75,,1006.81,0,54549.5,,0,0,,0,0,boundary
69,5.25,-0.75,,1006.81,0,54565.1,,0,0,,0,0,boundary
70,5.75,-0.75,,1006.77,0,54246.9,,0,0,,0,0,boundary
71,6.25,-0.75,,1006.69,0,53588.1,,0,0,,0,0,boundary
72,6.75,-0.75,,1006.6,0,52821.9,,0,0,,0,0,boundary
73,7.25,-0.75,,1006.49,0,51972.7,,0,0,,0,0,boundary
74,7.75,-0.75,,1006.41,0,51299.1,,0,0,,0,0,boundary
75,8.25,-0.75,,1006.35,0,50789,,0,0,,0,0,boundary
76,8.75,-0.75,,1006.27,0,50141.3,,0,0,,0,0,boundary
77,9.25,-0.75,,1006.17,0,49327.9,,0,0,,0,0,boundary
78,9.75,-0.75,,1006.1,0,48757.6,,0,0,,0,0,boundary
79,10.25,-0.75,,1006.06,0,48410.1,,0,0,,0,0,boundary
80,10.75,-0.75,,1006,0,47913.1,,0,0,,0,0,boundary
81,11.25,-0.75,,1005.9,0,47120.8,,0,0,,0,0,boundary
82,11.75,-0.75,,1005.81,0,46394.3,,0,0,,0,0,boundary
83,12.25,-0.75,,1005.74,0,45834.7,,0,0,,0,0,boundary
84,12.75,-0.75,,1005.67,0,45275.4,,0,0,,0,0,boundary
85,13.25,-0.75,,1005.6,0,44663.6,,0,0,,0,0,boundary
86,13.75,-0.75,,1005.51,0,43962.6,,0,0,,0,0,boundary
87,14.25,-0.75,,1005.41,0,43147.9,,0,0,,0,0,boundary
88,14.75,-0.75,,1005.31,0,42374.2,,0,0,,0,0,boundary
89,15.25,-0.75,,1005.22,0,41588.7,,0,0,,0,0,boundary
90,15.75,-0.75,,1005.12,0,40783.1,,0,0,,0,0,boundary
91,16.25,-0.75,,1005.02,0,39990.5,,0,0,,0,0,boundary
92,16.75,-0.75,,1004.93,0,39247.3,,0,0,,0,0,boundary
93,17.25,-0.75,,1004.86,0,38727.8,,0,0,,0,0,boundary
94,17.75,-0.75,,1004.8,0,38219.6,,0,0,,0,0,boundary
95,18.25,-0.75,,1004.73,0,37632.5,,0,0,,0,0,boundary
96,18.75,-0.75,,1004.66,0,37092.5,,0,0,,0,0,boundary
97,19.25,-0.75,,1004.6,0,36619,,0,0,,0,0,boundary
98,19.75,-0.75,,1004.53,0,36061,,0,0,,0,0,boundary
99,20.25,-0.75,,1004.47,0,35570.3,,0,0,,0,0,boundary
100,20.75,-0.75,,1004.41,0,35038.3,,0,0,,0,0,boundary
101,21.25,-0.75,,1004.32,0,34373.5,,0,0,,0,0,boundary
102,21.75,-0.75,,1004.24,0,33727,,0,0,,0,0,boundary
103,22.25,-0.75,,1004.17,0,33137.2,,0,0,,0,0,boundary
104,22.75,-0.75,,1004.11,0,32668.9,,0,0,,0,0,boundary
105,23.25,-0.75,,1004.06,0,32229,,0,0,,0,0,boundary
106,23.75,-0.75,,1004,0,31754.2,,0,0,,0,0,boundary
107,24.25,-0.75,,1003.95,0,31369.9,,0,0,,0,0,boundary
108,24.75,-0.75,,1003.93,0,31192.6,,0,0,,0,0,boundary
109,25.25,-0.75,,1003.89,0,30893.7,,0,0,,0,0,boundary
110,25.75,-0.75,,1003.81,0,30216.5,,0,0,,0,0,boundary
111,26.25,-0.75,,1003.77,0,29904.8,,0,0,,0,0,boundary
112,-1.25,-1.25,,1007.18,0,57617.2,,0,0,,0,0,boundary
113,-0.75,-1.25,,1007.17,0,57486.9,,0,0,,0,0,boundary
114,-0.25,-1.25,,1007.12,0,57121.7,,0,0,,0,0,boundary
115,0.25,-1.25,,1007.13,0,57191.9,,0,0,,0,0,boundary
116,0.75,-1.25,,1007.18,0,57574,,0,0,,0,0,boundary
117,1.25,-1.25,,1007.22,0,57876.3,,0,0,,0,0,boundary
118,1.75,-1.25,,1007.24,0,58105.9,,0,0,,0,0,boundary
119,2.25,-1.25,,1007.27,0,58326,,0,0,,0,0,boundary
120,2.75,-1.25,,1007.29,0,58444.4,,0,0,,0,0,boundary
121,3.25,-1.25,,1007.29,0,58440.2,,0,0,,0,0,boundary
122,3.75,-1.25,,1007.29,0,58485,,0,0,,0,0,boundary
123,4.25,-1.25,,1007.32,0,58760.3,,0,0,,0,0,boundary
124,4.75,-1.25,,1007.35,0,58978.3,,0,0,,0,0,boundary
125,5.25,-1.25,,1007.35,0,59001.1,,0,0,,0,0,boundary
126,5.75,-1.25,,1007.3,0,58560.4,,0,0,,0,0,boundary
127,6.25,-1.25,,1007.21,0,57794.1,,0,0,,0,0,boundary
128,6.75,-1.25,,1007.11,0,56991.2,,0,0,,0,0,boundary
129,7.25,-1.25,,1007.04,0,56447.9,,0,0,,0,0,boundary
130,7.75,-1.25,,1007.01,0,56211,,0,0,,0,0,boundary
131,8.25,-1.25,,1006.96,0,55760.6,,0,0,,0,0,boundary
132,8.75,-1.25,,1006.88,0,55132.9,,0,0,,0,0,boundary
133,9.25,-1.25,,1006.78,0,54303.7,,0,0,,0,0,boundary
134,9.75,-1.25,,1006.67,0,53440.3,,0,0,,0,0,boundary
135,10.25,-1.25,,1006.6,0,52816.6,,0,0,,0,0,boundary
136,10.75,-1.25,,1006.52,0,52196.9,,0,0,,0,0,boundary
137,11.25,-1.25,,1006.41,0,51319.4,,0,0,,0,0,boundary
138,11.75,-1.25,,1006.33,0,50605.8,,0,0,,0,0,boundary
139,12.25,-1.25,,1006.26,0,50039.5,,0,0,,0,0,boundary
140,12.75,-1.25,,1006.17,0,49350.4,,0,0,,0,0,boundary
141,13.25,-1.25,,1006.06,0,48459.3,,0,0,,0,0,boundary
142,13.75,-1.25,,1005.98,0,47754.3,,0,0,,0,0,boundary
143,14.25,-1.25,,1005.87,0,46921,,0,0,,0,0,boundary
144,14.75,-1.25,,1005.75,0,45880.3,,0,0,,0,0,boundary
145,15.25,-1.25,,1005.61,0,44801.9,,0,0,,0,0,boundary
146,15.75,-1.25,,1005.49,0,43794,,0,0,,0,0,boundary
147,16.25,-1.25,,1005.37,0,42828.3,,0,0,,0,0,boundary
148,16.75,-1.25,,1005.26,0,41904.2,,0,0,,0,0,boundary
149,17.25,-1.25,,1005.18,0,41264.4,,0,0,,0,0,boundary
150,17.75,-1.25,,1005.13,0,40904.5,,0,0,,0,0,boundary
151,18.25,-1.25,,1005.08,0,40463.1,,0,0,,0,0,boundary
152,18.75,-1.25,,1004.99,0,39780,,0,0,,0,0,boundary
153,19.25,-1.25,,1004.91,0,39131.1,,0,0,,0,0,boundary
154,19.75,-1.25,,1004.83,0,38447,,0,0,,0,0,boundary
155,20.25,-1.25,,1004.75,0,37789.4,,0,0,,0,0,boundary
156,20.75,-1.25,,1004.66,0,37085,,0,0,,0,0,boundary
157,21.25,-1.25,,1004.59,0,36501.2,,0,0,,0,0,boundary
158,21.75,-1.25,,1004.54,0,36098.7,,0,0,,0,0,boundary
159,22.25,-1.25,,1004.49,0,35720.9,,0,0,,0,0,boundary
160,22.75,-1.25,,1004.39,0,34943.9,,0,0,,0,0,boundary
161,23.25,-1.25,,1004.3,0,34181.9,,0,0,,0,0,boundary
162,23.75,-1.25,,1004.26,0,33823.6,,0,0,,0,0,boundary
163,24.25,-1.25,,1004.24,0,33711.6,,0,0,,0,0,boundary
164,24.75,-1.25,,1004.23,0,33583.1,,0,0,,0,0,boundary
165,25.25,-1.25,,1004.18,0,33194.7,,0,0,,0,0,boundary
166,25.75,-1.25,,1004.08,0,32415.9,,0,0,,0,0,boundary
167,26.25,-1.25,,1004.02,0,31961.5,,0,0,,0,0,boundary
168,-0.25,0.25,,1005.67,0,45253.2,,0,0,,0,0,boundary
169,-0.25,0.75,,1005.21,0,41530.9,,0,0,,0,0,boundary
170,-0.25,1.25,,1004.75,0,37822.1,,0,0,,0,0,boundary
171,-0.25,1.75,,1004.31,0,34268.4,,0,0,,0,0,boundary
172,-0.25,2.25,,1003.86,0,30669.5,,0,0,,0,0,boundary
173,-0.25,2.75,,1003.37,0,26693.6,,0,0,,0,0,boundary
174,-0.25,3.25,,1002.85,0,22573.3,,0,0,,0,0,boundary
175,-0.25,3.75,,1002.36,0,18630.4,,0,0,,0,0,boundary
176,-0.25,4.25,,1001.9,0,14973.2,,0,0,,0,0,boundary
177,-0.25,4.75,,1001.46,0,11538.2,,0,0,,0,0,boundary
178,-0.25,5.25,,1001.05,0,8282.03,,0,0,,0,0,boundary
179,-0.25,5.75,,1000.78,0,6173.7,,0,0,,0,0,boundary
180,-0.25,6.25,,1000.63,0,4951.71,,0,0,,0,0,boundary
181,-0.25,6.75,,1000.55,0,4285.98,,0,0,,0,0,boundary
182,-0.25,7.25,,1000.5,0,3939.84,,0,0,,0,0,boundary
183,-0.25,7.75,,1000,0,0,,0,0,,0,0,boundary
184,-0.25,8.25,,1000,0,0,,0,0,,0,0,boundary
185,-0.25,8.75,,1000,0,0,,0,0,,0,0,boundary
186,-0.25,9.25,,1000,0,0,,0,0,,0,0,boundary
187,-0.25,9.75,,1000,0,0,,0,0,,0,0,boundary
188,-0.75,0.25,,1005.67,0,45246,,0,0,,0,0,boundary
189,-0.75,0.75,,1005.21,0,41567,,0,0,,0,0,boundary
190,-0.75,1.25,,1004.76,0,37868.2,,0,0,,0,0,boundary
191,-0.75,1.75,,1004.3,0,34201.5,,0,0,,0,0,boundary
192,-0.75,2.25,,1003.84,0,30470.8,,0,0,,0,0,boundary
193,-0.75,2.75,,1003.36,0,26666.6,,0,0,,0,0,boundary
194,-0.75,3.25,,1002.89,0,22892.8,,0,0,,0,0,boundary
195,-0.75,3.75,,1002.46,0,19418.1,,0,0,,0,0,boundary
196,-0.75,4.25,,1001.97,0,15536.9,,0,0,,0,0,boundary
197,-0.75,4.75,,1001.48,0,11637.1,,0,0,,0,0,boundary
198,-0.75,5.25,,1001.07,0,8437.56,,0,0,,0,0,boundary
199,-0.75,5.75,,1000.62,0,4860.4,,0,0,,0,0,boundary
200,-0.75,6.25,,1000.59,0,4667.7,,0,0,,0,0,boundary
201,-0.75,6.75,,1000.52,0,4098.78,,0,0,,0,0,boundary
202,-0.75,7.25,,1000.49,0,3829.75,,0,0,,0,0,boundary
203,-0.75,7.75,,1000.47,0,3699.31,,0,0,,0,0,boundary
204,-0.75,8.25,,1000,0,0,,0,0,,0,0,boundary
205,-0.75,8.75,,1000,0,0,,0,0,,0,0,boundary
206,-0.75,9.25,,1000,0,0,,0,0,,0,0,boundary
207,-0.75,9.75,,1000,0,0,,0,0,,0,0,boundary
208,-1.25,0.25,,1005.7,0,45540.2,,0,0,,0,0,boundary
209,-1.25,0.75,,1005.21,0,41557.1,,0,0,,0,0,boundary
210,-1.25,1.25,,1004.74,0,37733.5,,0,0,,0,0,boundary
211,-1.25,1.75,,1004.28,0,34055,,0,0,,0,0,boundary
212,-1.25,2.25,,1003.8,0,30183.6,,0,0,,0,0,boundary
213,-1.25,2.75,,1003.34,0,26462,,0,0,,0,0,boundary
214,-1.25,3.25,,1002.93,0,23196,,0,0,,0,0,boundary
215,-1.25,3.75,,1002.49,0,19696,,0,0,,0,0,boundary
216,-1.25,4.25,,1002.01,0,15851.1,,0,0,,0,0,boundary
217,-1.25,4.75,,1001.55,0,12190.7,,0,0,,0,0,boundary
218,-1.25,5.25,,1001.09,0,8607.7,,0,0,,0,0,boundary
219,-1.25,5.75,,1000.65,0,5084.98,,0,0,,0,0,boundary
220,-1.25,6.25,,1000.58,0,4540.74,,0,0,,0,0,boundary
221,-1.25,6.75,,1000.52,0,4057.22,,0,0,,0,0,boundary
222,-1.25,7.25,,1000.48,0,3793.85,,0,0,,0,0,boundary
223,-1.25,7.75,,1000.47,0,3727.09,,0,0,,0,0,boundary
224,-1.25,8.25,,1000,0,0,,0,0,,0,0,boundary
225,-1.25,8.75,,1000,0,0,,0,0,,0,0,boundary
226,-1.25,9.25,,1000,0,0,,0,0,,0,0,boundary
227,-1.25,9.75,,1000,0,0,,0,0,,0,0,boundary
228,25.25,0.25,,1002.96,0,23461.5,,0,0,,0,0,boundary
229,25.25,0.75,,1002.44,0,19325.9,,0,0,,0,0,boundary
230,25.25,1.25,,1001.96,0,15499.1,,0,0,,0,0,boundary
231,25.25,1.75,,1001.52,0,12022.5,,0,0,,0,0,boundary
232,25.25,2.25,,1001.15,0,9090.19,,0,0,,0,0,boundary
233,25.25,2.75,,1000.88,0,6889.76,,0,0,,0,0,boundary
234,25.25,3.25,,1000.81,0,6405.28,,0,0,,0,0,boundary
235,25.25,3.75,,1000.7,0,5522.1,,0,0,,0,0,boundary
236,25.25,4.25,,1000.61,0,4782.84,,0,0,,0,0,boundary
237,25.25,4.75,,1000.49,0,3854.01,,0,0,,0,0,boundary
238,25.25,5.25,,1000,0,0,,0,0,,0,0,boundary
239,25.25,5.75,,1000,0,0,,0,0,,0,0,boundary
240,25.25,6.25,,1000,0,0,,0,0,,0,0,boundary
241,25.25,6.75,,1000,0,0,,0,0,,0,0,boundary
242,25.25,7.25,,1000,0,0,,0,0,,0,0,boundary
243,25.25,7.75,,1000,0,0,,0,0,,0,0,boundary
244,25.25,8.25,,1000,0,0,,0,0,,0,0,boundary
245,25.25,8.75,,1000,0,0,,0,0,,0,0,boundary
246,25.25,9.25,,1000,0,0,,0,0,,0,0,boundary
247,25.25,9.75,,1000,0,0,,0,0,,0,0,boundary
248,25.75,0.25,,1002.9,0,22972.9,,0,0,,0,0,boundary
249,25.75,0.75,,1002.38,0,18780.5,,0,0,,0,0,boundary
250,25.75,1.25,,1001.9,0,14998.2,,0,0,,0,0,boundary
251,25.75,1.75,,1001.44,0,11338.6,,0,0,,0,0,boundary
252,25.75,2.25,,1001.03,0,8125.92,,0,0,,0,0,boundary
253,25.75,2.75,,1000.74,0,5842.08,,0,0,,0,0,boundary
254,25.75,3.25,,1000.46,0,3618.12,,0,0,,0,0,boundary
255,25.75,3.75,,1000.61,0,4833.87,,0,0,,0,0,boundary
256,25.75,4.25,,1000.54,0,4250.06,,0,0,,0,0,boundary
257,25.75,4.75,,1000.48,0,3811.14,,0,0,,0,0,boundary
258,25.75,5.25,,1000.46,0,3606.2,,0,0,,0,0,boundary
259,25.75,5.75,,1000,0,0,,0,0,,0,0,boundary
260,25.75,6.25,,1000,0,0,,0,0,,0,0,boundary
261,25.75,6.75,,1000,0,0,,0,0,,0,0,boundary
262,25.75,7.25,,1000,0,0,,0,0,,0,0,boundary
263,25.75,7.75,,1000,0,0,,0,0,,0,0,boundary
264,25.75,8.25,,1000,0,0,,0,0,,0,0,boundary
265,25.75,8.75,,1000,0,0,,0,0,,0,0,boundary
266,25.75,9.25,,1000,0,0,,0,0,,0,0,boundary
267,25.75,9.75,,1000,0,0,,0,0,,0,0,boundary
268,26.25,0.25,,1002.85,0,22534.9,,0,0,,0,0,boundary
269,26.25,0.75,,1002.34,0,18471.5,,0,0,,0,0,boundary
270,26.25,1.25,,1001.88,0,14848.1,,0,0,,0,0,boundary
271,26.25,1.75,,1001.42,0,11162.5,,0,0,,0,0,boundary
272,26.25,2.25,,1000.92,0,7274.87,,0,0,,0,0,boundary
273,26.25,2.75,,1000.56,0,4407.5,,0,0,,0,0,boundary
274,26.25,3.25,,1000.26,0,2069.91,,0,0,,0,0,boundary
275,26.25,3.75,,1000.57,0,4453.33,,0,0,,0,0,boundary
276,26.25,4.25,,1000.5,0,3921.65,,0,0,,0,0,boundary
277,26.25,4.75,,1000.46,0,3645.27,,0,0,,0,0,boundary
278,26.25,5.25,,1000.46,0,3606.2,,0,0,,0,0,boundary
279,26.25,5.75,,1000,0,0,,0,0,,0,0,boundary
280,26.25,6.25,,1000,0,0,,0,0,,0,0,boundary
281,26.25,6.75,,1000,0,0,,0,0,,0,0,boundary
282,26.25,7.25,,1000,0,0,,0,0,,0,0,boundary
283,26.25,7.75,,1000,0,0,,0,0,,0,0,boundary
284,26.25,8.25,,1000,0,0,,0,0,,0,0,boundary
285,26.25,8.75,,1000,0,0,,0,0,,0,0,boundary
286,26.25,9.25,,1000,0,0,,0,0,,0,0,boundary
287,26.25,9.75,,1000,0,0,,0,0,,0,0,boundary
288,0.661541,0.864056,,1005.17,3.5151,41206,,0.194029,-0.220103,,-0.110975,9.27113,fluid
289,0.220768,1.17056,,1004.8,3.68217,38230.6,,0.0498009,-0.246346,,-0.010671,9.43437,fluid
290,0.260331,2.40258,,1003.75,3.00623,29746.6,,-0.120642,-0.416481,,-0.000832754,8.81178,fluid
291,0.293242,0.160082,,1005.77,3.21938,46074.3,,-0.0134285,0.0169887,,-0.156106,9.40686,fluid
292,0.814226,0.286654,,1005.7,3.59277,45512.7,,0.141378,-0.153701,,-0.249799,9.61518,fluid
293,0.272546,1.80416,,1004.25,3.51033,33776.7,,0.104361,-0.339806,,-0.401714,9.22177,fluid
294,1.00554,4.57678,,1001.71,1.88884,13524.7,,0.290014,-0.848958,,0.281916,7.74099,fluid
295,0.579922,1.50858,,1004.53,3.65297,36067.9,,0.0749059,-0.317213,,-0.0658401,8.88527,fluid
296,0.37904,3.36826,,1002.65,2.76772,20924.4,,0.149012,-0.346671,,-0.356472,8.23101,fluid
297,1.50695,2.83415,,1003.19,2.71971,25287.9,,0.141955,-0.467954,,0.195502,8.59427,fluid
298,0.407585,4.47907,,1001.74,2.01149,13692.5,,0.175778,-0.581945,,-0.264226,7.87847,fluid
299,0.308991,4.03347,,1002,1.82143,15826.7,,-0.0206238,-0.476947,,-0.0366368,7.86246,fluid
300,0.653025,3.6732,,1002.57,2.29299,20301.9,,-0.0939313,-0.602536,,0.0929838,8.37489,fluid
301,1.07346,5.18342,,1000.97,0.607258,7612.69,,0.199216,-0.785338,,0.618505,7.141,fluid
302,0.945717,4.04496,,1001.92,1.68242,15182.4,,-0.00748,-0.480427,,0.435229,7.95027,fluid
303,1.77347,4.61309,,1001.63,1.74866,12843.2,,0.278438,-0.810873,,0.684452,7.66537,fluid
304,1.32388,0.15536,,1005.9,3.11999,47117.5,,0.279747,-0.0410279,,-0.0453251,9.71168,fluid
305,0.25096,0.618547,,1005.37,3.30627,42808.7,,0.096477,-0.0625809,,-0.178209,9.533,fluid
306,1.53741,1.12271,,1004.89,3.38705,38943.7,,0.299991,-0.237027,,0.153911,9.25803,fluid
307,2.06828,0.176989,,1005.81,3.12544,46365.2,,0.467274,-0.0480934,,-0.143317,9.61816,fluid
308,1.97567,0.735763,,1005.27,3.34618,42009.6,,0.331523,-0.0763208,,0.401062,9.60265,fluid
309,1.13132,0.719981,,1005.27,3.0493,42012.9,,0.248137,-0.156997,,0.0736368,9.3881,fluid
310,1.61935,0.509405,,1005.51,3.35295,43980,,0.342084,-0.157324,,0.0464591,9.52887,fluid
311,1.47562,4.77763,,1001.27,1.53462,10039.9,,0.2847,-0.659925,,0.395378,7.71079,fluid
312,0.284186,2.98461,,1003.08,3.31265,24369.3,,-0.0470929,-0.637702,,0.673128,8.35678,fluid
313,0.88251,2.80335,,1003.12,3.02797,24745.5,,-0.0104309,-0.359387,,-0.266236,8.90849,fluid
314,0.922305,1.83914,,1004.23,3.15472,33609.6,,0.0590548,-0.259495,,0.141984,9.08641,fluid
315,2.2181,4.71843,,1001.46,1.05003,11490.1,,0.5146,-0.677441,,1.11271,7.9431,fluid
316,3.1422,4.62923,,1001.5,1.25665,11836.5,,0.591395,-0.826331,,1.56094,8.3475,fluid
317,1.3683,3.48184,,1002.5,2.33642,19786.3,,0.0363011,-0.539827,,0.437827,8.48585,fluid
318,3.03353,5.02686,,1000.87,0.751273,6822.94,,0.826467,-1.06358,,1.46363,8.14326,fluid
319,3.29993,5.46084,,1000.59,1.00517,4670.16,,1.03182,-1.29289,,2.07041,8.14313,fluid
320,2.55328,0.276876,,1005.7,3.13689,45527.3,,0.517332,0.000317255,,0.225571,9.45576,fluid
321,3.94722,0.818016,,1005.11,2.35514,40719,,0.500945,-0.150527,,0.179016,9.71619,fluid
322,5.06305,0.292046,,1005.64,1.93832,45008.8,,0.770951,0.0606672,,0.594043,9.72498,fluid
323,1.03691,1.226,,1004.77,3.26383,38009,,0.168327,-0.278981,,0.0482381,9.47,fluid
324,1.41845,1.62776,,1004.35,3.42302,34580.7,,0.143728,-0.303668,,0.0567864,8.8165,fluid
325,3.1063,0.160537,,1005.89,2.87372,47059.8,,0.711592,-0.155706,,0.368254,10.229,fluid
326,1.10973,2.42913,,1003.58,3.10414,28402.6,,0.194555,-0.47532,,0.526872,8.7252,fluid
327,1.46718,2.10039,,1004.01,3.34177,31885,,0.170194,-0.435273,,0.187272,9.02213,fluid
328,2.64577,1.67985,,1004.32,2.93447,34362.3,,0.271243,-0.189904,,0.306313,9.01912,fluid
329,0.611265,2.32262,,1003.68,3.07891,29214.7,,0.153318,-0.353116,,0.126464,8.37509,fluid
330,1.7909,3.3655,,1002.66,2.30533,21058.2,,0.115863,-0.541511,,0.378995,8.44212,fluid
331,1.85973,2.35201,,1003.65,3.24926,28984.6,,0.134273,-0.50646,,0.244633,8.96838,fluid
332,5.90202,4.63651,,1000.65,0.599136,5097.38,,1.60121,-0.95072,,1.97897,10.2061,fluid
333,6.10396,4.39474,,1000.81,0.811048,6335.91,,1.71097,-0.903358,,1.99276,10.309,fluid
334,3.98682,4.88193,,1000.83,0.770869,6502.66,,1.2357,-1.02637,,1.84488,8.92244,fluid
335,7.47238,4.4126,,1000.83,-0.0620451,6514.17,,1.5264,-0.371805,,0.940788,11.0083,fluid
336,5.23579,1.83586,,1003.83,1.42288,30390.8,,0.560269,0.0439164,,0.836258,9.29074,fluid
337,5.27271,2.21816,,1003.32,1.01795,26321.4,,0.726786,0.0566511,,1.19538,9.6742,fluid
338,4.83188,2.42932,,1003.23,1.57027,25584.2,,0.473759,-0.205395,,0.940874,9.1401,fluid
339,4.60914,0.233852,,1005.75,2.60543,45931.7,,0.766726,-0.0318893,,0.17648,9.7444,fluid
340,2.81413,3.02388,,1002.87,2.35222,22696.7,,0.0667923,-0.461721,,0.505456,8.68546,fluid
341,3.66144,0.2574,,1005.62,2.83729,44860.1,,0.748274,0.136901,,0.0500248,9.55316,fluid
342,5.36668,2.97838,,1002.62,1.95799,20753.7,,0.886756,-0.35847,,1.3847,9.4822,fluid
343,2.03624,1.26731,,1004.85,3.58647,38589.3,,0.370582,-0.263696,,0.277545,9.25272,fluid
344,3.82348,2.60145,,1003.21,2.05484,25417.9,,0.440969,-0.109984,,0.514845,9.03113,fluid
345,2.47876,0.757596,,1005.29,3.43555,42221.1,,0.532621,-0.243964,,0.251491,9.35784,fluid
346,2.26517,2.04975,,1003.97,2.86193,31545.3,,0.30842,-0.258849,,0.390121,9.10307,fluid
347,1.95102,1.70262,,1004.34,3.30221,34495,,0.341525,-0.400051,,0.255007,9.2429,fluid
348,1.90882,5.77046,,1000.52,0.888931,4094.78,,0.530528,-1.10767,,0.819752,7.02839,fluid
349,2.80633,5.43658,,1000.58,1.17877,4522.58,,0.803994,-1.232,,1.48632,7.72865,fluid
350,0.89774,5.85204,,1000.47,1.05941,3698.97,,0.386309,-1.09169,,0.433225,6.86027,fluid
351,2.34193,5.16362,,1000.64,0.596868,5020.39,,0.617203,-0.859941,,1.2422,7.26362,fluid
352,5.5845,2.61488,,1002.98,1.18759,23585.9,,0.921624,-0.229895,,1.11939,9.36042,fluid
353,5.81989,0.649761,,1005.14,1.26008,40928.4,,0.658267,-0.0163101,,0.651758,9.67761,fluid
354,4.67908,1.88128,,1003.99,2.01198,31688.8,,0.701869,-0.361215,,0.881644,9.55943,fluid
355,7.17454,2.94455,,1002.32,-0.158062,18373.9,,1.38364,-0.334147,,1.22358,10.0666,fluid
356,4.46563,1.36469,,1004.51,2.68736,35852.5,,0.470971,-0.11444,,0.666558,9.41368,fluid
357,5.27211,0.773879,,1005.03,1.65134,40100.7,,0.730109,0.0465246,,0.726217,9.68378,fluid
358,7.08101,2.50122,,1002.89,0.884457,22856,,1.18323,-0.23363,,1.09779,9.67103,fluid
359,3.42836,0.756803,,1005.26,3.03498,41927.9,,0.380929,-0.0445043,,0.83222,9.36761,fluid
360,3.01344,0.640708,,1005.38,3.09079,42874.8,,0.599159,-0.133337,,0.0094074,9.75673,fluid
361,3.1782,1.79952,,1004.17,2.86817,33117,,0.445211,-0.159581,,0.402458,8.99288,fluid
362,2.56161,1.20237,,1004.83,2.73751,38424.8,,0.419923,-0.298339,,0.18122,9.646,fluid
363,4.27229,1.87754,,1003.86,2.01507,30637.9,,0.485802,0.0754995,,0.513653,9.39302,fluid
364,10.4831,4.09794,,1000.77,-1.36673,6086.16,,1.65907,-0.24185,,0.671157,9.89212,fluid
365,1.22085,5.83627,,1000.48,1.00302,3739.22,,0.440132,-1.11194,,0.766713,6.79348,fluid
366,8.92691,4.19732,,1000.84,-0.657336,6611.97,,1.44935,-0.186602,,0.853297,10.1797,fluid
367,17.9584,3.92605,,1000.53,-4.48589,4129.14,,0.669395,0.839839,,0.45362,7.32891,fluid
368,11.6052,2.0152,,1002.82,-5.93703,22320.9,,1.11652,0.10488,,0.829721,9.6308,fluid
369,11.2346,1.57321,,1003.43,-5.82244,27165.7,,1.35228,-0.00816908,,1.02275,9.60056,fluid
370,4.35796,2.47118,,1003.37,2.27896,26694,,0.572863,-0.290552,,0.98754,9.00671,fluid
371,6.63656,2.74486,,1002.58,1.0918,20404.4,,1.32126,-0.413414,,1.0711,9.84501,fluid
372,12.3773,2.20782,,1002.62,-6.82283,20689.7,,1.39328,0.0665717,,1.04886,9.32022,fluid
373,13.0463,2.55141,,1002.09,-7.24976,16509.8,,1.54541,0.133239,,0.850949,9.1137,fluid
374,11.4615,2.49767,,1002.59,-4.81923,20490.7,,1.38389,-0.105944,,0.702653,9.41946,fluid
375,10.0032,3.69062,,1001.17,-1.81598,9252.03,,1.66427,-0.21719,,0.561441,9.88349,fluid
376,4.80506,0.839529,,1005.01,2.18896,39900.9,,0.521333,-0.0134852,,0.693824,9.48972,fluid
377,1.84946,3.99716,,1001.95,2.25967,15369.8,,0.200728,-0.580333,,0.755778,8.02221,fluid
378,10.5968,3.64039,,1001.32,-2.09143,10378.2,,1.69275,-0.154848,,0.626738,9.76183,fluid
379,3.96572,1.36758,,1004.51,2.53682,35855.4,,0.546574,-0.119763,,1.08755,9.33778,fluid
380,2.46244,4.3619,,1001.72,1.69122,13587.9,,0.436082,-0.740799,,0.999518,8.12851,fluid
381,5.01588,4.86248,,1000.69,0.660847,5394.93,,1.40718,-0.965496,,2.48346,9.39707,fluid
382,8.0256,4.29811,,1000.87,-0.550599,6848.3,,1.69897,-0.226879,,0.209459,10.8421,fluid
383,13.4935,4.24593,,1000.71,-3.26471,5566,,1.92011,0.261412,,0.583724,8.69733,fluid
384,16.8106,2.46454,,1001.98,-12.1034,15629.6,,1.1911,0.317572,,0.862606,8.33379,fluid
385,9.15664,2.0584,,1003.1,-2.16504,24520,,1.16433,-0.249627,,0.959088,9.86745,fluid
386,5.86793,2.11731,,1003.41,1.50152,27007.8,,0.844887,-0.201184,,0.724682,9.13028,fluid
387,11.9878,1.17045,,1003.75,-7.74416,29778.8,,1.09157,-0.0522735,,1.0804,9.68049,fluid
388,7.96405,2.36003,,1002.74,-0.62299,21686.4,,1.47247,-0.255798,,1.1048,9.82807,fluid
389,12.9056,2.08574,,1002.59,-7.70394,20484.5,,1.34042,0.104978,,0.939052,9.05817,fluid
390,13.3647,1.99753,,1002.74,-8.78633,21661.6,,1.30438,0.121987,,1.13706,9.16036,fluid
391,11.5002,3.01179,,1001.89,-4.66443,14925.8,,1.8199,0.0374388,,0.855291,9.57584,fluid
392,12.5087,2.67786,,1002.07,-6.30403,16330.1,,1.59565,0.107241,,0.929839,9.22137,fluid
393,10.2815,2.13061,,1002.87,-3.38543,22746.3,,1.38802,-0.0808576,,0.713128,9.50354,fluid
394,8.72419,3.85495,,1001.35,-0.675369,10655.2,,1.57769,-0.230014,,0.650795,10.1594,fluid
395,2.78475,2.15567,,1003.82,2.56623,30343.6,,0.311114,-0.248475,,0.437906,9.29931,fluid
396,3.0218,1.22305,,1004.65,2.74038,37029.4,,0.436256,0.0853899,,0.746696,9.41885,fluid
397,13.4197,3.44015,,1001.16,-4.66577,9161.14,,1.85764,0.203155,,0.888239,9.04062,fluid
398,6.82081,4.53032,,1000.77,0.17898,6048.73,,1.66314,-0.590455,,1.65626,10.8233,fluid
399,2.27625,5.76155,,1000.55,0.814055,4335.25,,0.626939,-1.14986,,1.63451,7.13872,fluid
400,10.2934,2.58808,,1002.4,-3.15622,18992.4,,1.44875,-0.113553,,0.856747,9.8075,fluid
401,13.0375,-1001.88,,971.109,0,-208004,,0.0507704,-140.011,,0,0,fluid
402,5.22515,3.76726,,1001.79,0.596346,14123.2,,1.16941,-0.50648,,1.52902,9.36978,fluid
403,10.8113,2.1685,,1002.76,-5.11642,21805.1,,1.29934,0.0454257,,1.06541,9.88151,fluid
404,5.22082,3.36116,,1002.3,1.79671,18175.2,,1.15261,-0.521418,,1.30352,9.5808,fluid
405,2.72004,3.48831,,1002.24,1.99353,17712.8,,0.34064,-0.390421,,0.969174,8.45103,fluid
406,5.91785,1.64636,,1003.97,1.53276,31553.3,,0.615177,-0.146439,,1.04585,10.1742,fluid
407,14.0486,3.41701,,1001.26,-4.64961,9957.58,,1.73534,0.257194,,0.763855,8.82769,fluid
408,6.12384,0.243011,,1005.54,1.35233,44244.7,,0.7408,0.059241,,0.781745,9.43059,fluid
409,9.90032,1.71428,,1003.43,-3.25929,27219.2,,0.967946,-0.0926116,,1.0907,9.62246,fluid
410,14.7957,3.81335,,1000.84,-4.48251,6612.47,,1.86318,0.389256,,0.839344,8.5057,fluid
411,2.76276,4.11324,,1001.82,2.25056,14350.1,,0.416339,-0.776861,,1.18378,8.22435,fluid
412,11.0052,4.1261,,1000.73,-1.46432,5742.8,,1.73248,-0.19519,,0.364168,9.73937,fluid
413,16.5358,3.3774,,1001.09,-6.7172,8621.18,,1.48477,0.469681,,0.703716,7.97673,fluid
414,13.7989,3.96021,,1000.85,-3.96462,6699.24,,2.01066,0.299838,,0.567734,8.78435,fluid
415,1.44179,4.04741,,1001.86,2.04024,14675.7,,0.144466,-0.538698,,0.385566,7.90181,fluid
416,8.7706,2.25064,,1002.97,-1.17667,23488.4,,1.2336,-0.303978,,0.75336,9.91307,fluid
417,11.5756,3.79486,,1000.9,-2.25746,7095.11,,1.79647,-0.0383365,,0.412706,9.20304,fluid
418,9.68282,2.14083,,1002.89,-2.99199,22857.1,,1.29862,-0.104913,,1.1173,10.0802,fluid
419,8.15379,0.880476,,1004.55,-0.72125,36203.5,,0.889025,-0.230559,,1.00535,10.0244,fluid
420,10.8996,1.84334,,1003.25,-4.92542,25752,,1.1832,-0.137571,,1.0471,9.41772,fluid
421,9.38384,1.63078,,1003.6,-2.67083,28561.2,,1.12213,-0.198091,,0.909767,9.72669,fluid
422,12.2478,1.7659,,1003.05,-7.07879,24171.9,,1.21417,0.051317,,0.744985,9.34738,fluid
423,16.2817,2.17892,,1002.18,-13.151,17194.7,,1.17366,0.270769,,1.01545,8.51275,fluid
424,4.62269,3.25135,,1002.28,1.74582,17997.8,,0.768793,-0.334829,,1.30037,9.02766,fluid
425,9.36371,3.60647,,1001.37,-0.681285,10802.2,,1.71872,-0.338122,,0.438021,10.1964,fluid
426,15.0691,1.93578,,1002.56,-11.1979,20269.8,,1.13904,0.179123,,1.09727,8.89668,fluid
427,12.2615,3.9113,,1000.86,-2.61164,6732.57,,1.92682,0.0392267,,0.6112,9.11135,fluid
428,3.704,5.18342,,1000.7,1.07649,5500.53,,1.20056,-1.20519,,2.12621,8.70907,fluid
429,6.46904,3.79401,,1001.46,0.943016,11494.5,,1.60144,-0.645589,,1.4554,9.98204,fluid
430,18.6291,3.94793,,1000.42,-4.25292,3272.88,,0.633874,0.748118,,0.843416,6.73463,fluid
431,9.27961,4.45349,,1000.82,-0.569885,6414.48,,1.43332,-0.25989,,1.0055,10.2125,fluid
432,13.5863,2.50267,,1002.27,-8.18697,17966.9,,1.57276,0.0963049,,0.839374,9.00647,fluid
433,6.33156,0.729645,,1004.9,0.751844,39032.8,,0.718345,0.0663663,,0.766775,9.94906,fluid
434,7.66097,2.00533,,1003.28,-0.499113,25999.7,,0.883343,-0.247182,,0.927347,10.1422,fluid
435,19.9813,2.50192,,1001.42,-12.4705,11193.4,,0.548264,0.407882,,0.862254,7.62315,fluid
436,12.6899,1.57951,,1003.21,-8.35862,25436.8,,1.20646,0.0678811,,1.21734,9.50495,fluid
437,13.1255,1.46857,,1003.22,-9.24074,25519.5,,1.08975,0.0441505,,1.13077,9.10265,fluid
438,3.22037,3.67121,,1002.09,1.6782,16498.2,,0.529676,-0.578803,,0.705096,8.4051,fluid
439,17.9887,2.71062,,1001.16,-12.1154,9112.12,,1.00834,0.573436,,0.832166,7.89094,fluid
440,10.2582,1.5115,,1003.57,-4.40499,28302.2,,1.14401,0.0478112,,0.868854,9.72342,fluid
441,7.36768,3.40597,,1001.7,-0.544016,13443.8,,1.83893,-0.505544,,1.29116,10.062,fluid
442,2.49534,2.61263,,1003.41,3.15594,27070.9,,0.27717,-0.43217,,0.65151,8.83064,fluid
443,7.01394,3.69548,,1001.48,0.450462,11676.5,,1.56605,-0.554129,,1.1375,10.1676,fluid
444,7.90183,3.77016,,1001.44,0.213913,11379.2,,1.62821,-0.280047,,0.981983,10.592,fluid
445,0.483194,5.31921,,1001.05,-0.619903,8247.2,,-0.158869,-0.765459,,-0.146558,7.34949,fluid
446,0.516629,4.83928,,1001.21,2.31125,9525.55,,-0.0837182,-0.393152,,-0.254268,7.43968,fluid
447,0.613655,5.70325,,1000.55,1.24839,4354.12,,0.223349,-1.02896,,0.224045,6.91861,fluid
448,8.80172,1.5947,,1003.68,-1.62967,29237.8,,1.02163,-0.212995,,1.06171,10.0329,fluid
449,7.15375,2.08819,,1003.3,0.703938,26138.9,,1.18204,-0.206894,,0.938396,9.86677,fluid
450,8.23887,1.40156,,1003.99,-0.6431,31728.6,,0.989016,-0.284915,,0.829702,9.79422,fluid
451,9.32776,1.20762,,1004.09,-2.6472,32473.9,,0.994198,-0.213411,,1.14288,9.8921,fluid
452,8.36406,1.89152,,1003.43,-0.718649,27203,,0.994076,-0.330991,,0.923171,10.1247,fluid
453,17.6211,2.28659,,1001.96,-12.8803,15503.2,,1.04887,0.256685,,1.04919,7.9782,fluid
454,15.7632,1.52216,,1002.9,-13.5998,22931.4,,0.941732,0.10635,,1.30973,8.90623,fluid
455,3.66608,1.80714,,1004.18,2.55181,33191.5,,0.437039,-0.224456,,0.591949,9.00674,fluid
456,5.68222,4.10526,,1001.04,0.694811,8157.55,,1.34804,-0.823438,,1.82039,9.55009,fluid
457,4.15175,4.19825,,1001.5,1.47414,11798.3,,0.836244,-0.714928,,1.57851,8.92102,fluid
458,18.1276,2.29048,,1001.8,-13.6316,14203.2,,0.88172,0.341782,,1.13484,7.86031,fluid
459,17.2489,2.49072,,1001.82,-12.2512,14332.3,,1.03113,0.381194,,1.11401,8.28737,fluid
460,17.2023,3.41794,,1001.18,-7.58162,9322.36,,1.2556,0.49673,,0.606715,7.77404,fluid
461,9.6757,4.04887,,1000.87,-0.79635,6852.41,,1.59684,-0.319172,,0.59901,10.149,fluid
462,5.41734,4.56937,,1000.72,0.781304,5685.81,,1.44169,-0.972018,,2.24927,9.83747,fluid
463,10.2127,4.36939,,1000.74,-0.969586,5794.46,,1.55531,-0.289141,,0.397193,10.0018,fluid
464,7.61791,1.23533,,1004.23,-0.364751,33619.2,,0.868295,-0.202645,,1.22299,9.79355,fluid
465,6.45408,2.14707,,1003.3,0.355533,26163.8,,0.933901,-0.249087,,1.04399,10.1493,fluid
466,7.16377,1.14541,,1004.3,0.143621,34183.2,,0.676449,0.0207476,,0.760782,9.7342,fluid
467,11.4621,1.06447,,1003.86,-7.17022,30617.1,,1.06481,0.14273,,1.28406,9.46416,fluid
468,8.6618,1.14754,,1004.24,-1.77497,33668.3,,1.06045,-0.216866,,1.08041,9.97155,fluid
469,13.9131,1.9805,,1002.59,-9.58928,20462.9,,1.26084,0.277331,,1.00301,9.00916,fluid
470,18.6213,2.4467,,1001.81,-13.7117,14260.7,,0.868257,0.360423,,1.00814,7.93882,fluid
471,16.8359,1.9251,,1002.38,-14.1928,18845.5,,0.936603,0.12844,,0.885973,8.41762,fluid
472,18.9964,3.74494,,1000.63,-7.29645,4985.19,,0.556689,0.648216,,1.05979,7.02111,fluid
473,17.5332,3.85513,,1000.66,-5.68287,5208.05,,0.998052,0.900457,,0.417761,7.7905,fluid
474,9.2922,2.61077,,1002.49,-1.99342,19681.8,,1.47329,-0.328311,,0.863962,10.004,fluid
475,3.44846,3.24072,,1002.67,2.14256,21113.5,,0.303123,-0.508814,,1.04292,8.85738,fluid
476,15.8667,2.81544,,1001.62,-8.55436,12757.7,,1.36188,0.324343,,0.870067,8.49322,fluid
477,15.5133,2.38847,,1002.07,-10.7845,16372.5,,1.35715,0.193001,,0.926327,8.61082,fluid
478,16.0359,3.31621,,1001.12,-6.63882,8829.1,,1.4539,0.457836,,0.822851,8.16192,fluid
479,12.0553,4.35964,,1000.7,-1.97454,5512.56,,1.87455,-0.0439447,,0.518701,9.07173,fluid
480,8.43436,2.51596,,1002.74,-0.567026,21643.4,,1.32813,-0.326652,,0.8788,10.033,fluid
481,7.10236,1.62777,,1003.84,0.277341,30473.3,,0.960778,-0.186097,,1.10315,9.87623,fluid
482,7.80581,1.64956,,1003.71,-0.731514,29436,,1.05858,-0.283782,,1.08457,9.76335,fluid
483,9.14121,0.8143,,1004.55,-2.65343,36219.5,,1.05115,-0.138018,,0.966999,9.60217,fluid
484,7.75033,0.699212,,1004.83,-0.600173,38441.2,,0.845699,-0.0881924,,1.12612,9.87007,fluid
485,10.597,1.34142,,1003.68,-5.03223,29236.8,,1.23724,0.131724,,1.34986,9.57477,fluid
486,13.6285,1.52143,,1003.05,-10.343,24163.9,,1.17951,0.216113,,1.06819,9.19276,fluid
487,13.367,1.0297,,1003.61,-10.8141,28646.2,,1.12646,0.0949446,,1.32018,9.46323,fluid
488,11.7269,1.60396,,1003.24,-6.75932,25688.8,,1.3485,0.104045,,1.3133,9.54363,fluid
489,7.66453,2.6619,,1002.62,-0.389781,20721.5,,1.29641,-0.432842,,0.962549,10.1678,fluid
490,4.36249,0.779488,,1005.16,2.0134,41130.6,,0.663196,-0.000978157,,0.807598,9.64097,fluid
491,11.939,2.39095,,1002.46,-6.37404,19434.7,,1.66689,0.0452312,,0.803304,9.53243,fluid
492,14.3788,2.2748,,1002.21,-9.63338,17487.7,,1.53205,0.202094,,0.974868,8.81363,fluid
493,10.9054,2.59518,,1002.2,-3.92524,17418.9,,1.65258,0.0807852,,0.84206,9.49518,fluid
494,4.40861,4.67882,,1000.87,0.741675,6817.42,,1.21901,-0.89933,,1.91875,8.91961,fluid
495,12.8966,3.46102,,1001.36,-3.86837,10740.1,,1.79792,0.133356,,0.660191,9.10906,fluid
496,6.65516,0.223708,,1005.56,0.879663,44353.8,,0.693703,-0.0802263,,0.548346,9.96843,fluid
497,6.77796,0.742123,,1004.82,0.830658,38348,,0.714741,-0.140843,,0.897325,9.87553,fluid
498,5.74377,1.08725,,1004.6,1.67984,36628.2,,0.609251,-0.0927738,,0.978659,9.71198,fluid
499,12.3588,0.589436,,1004.31,-8.98202,34236.1,,1.10109,-0.0343385,,1.00464,9.62523,fluid
500,7.29561,0.641465,,1004.89,-0.286002,38948.9,,0.740075,0.0611494,,0.717473,9.75935,fluid
501,15.4016,1.06476,,1003.31,-14.5132,26224.8,,0.867547,0.13952,,1.27953,9.03862,fluid
502,12.4414,1.15579,,1003.67,-8.8845,29140.3,,1.12201,0.0587726,,1.02726,9.53192,fluid
503,13.9921,0.747232,,1003.9,-12.4226,30933.2,,0.910529,0.0570613,,1.45729,9.40267,fluid
504,13.948,1.26806,,1003.37,-11.4375,26740.8,,1.08737,0.0793442,,1.33752,9.14041,fluid
505,2.0237,2.79237,,1003.17,2.57017,25130.8,,0.110843,-0.36141,,0.331963,8.5583,fluid
506,17.9342,3.26679,,1001.26,-8.50744,9911.45,,1.11457,0.347136,,0.635065,7.55213,fluid
507,3.22166,2.83235,,1003.1,2.24088,24562.7,,0.324968,-0.342057,,0.979054,8.85053,fluid
508,3.30994,4.09751,,1001.69,1.68918,13311.9,,0.649758,-0.698765,,1.18683,8.619,fluid
509,14.3088,1.72206,,1002.87,-10.8084,22719.5,,1.03469,0.101092,,1.09103,9.02717,fluid
510,2.24857,3.2332,,1002.77,2.28993,21933.7,,0.164085,-0.475317,,0.761648,8.50112,fluid
511,6.65321,3.22547,,1002.04,0.703916,16121.5,,1.46078,-0.424572,,1.44192,9.87111,fluid
512,6.63892,1.29513,,1004.22,0.90337,33532.1,,0.641157,-0.0450916,,1.36727,9.60545,fluid
513,6.58412,1.85019,,1003.6,0.525885,28559.6,,0.830141,-0.136291,,1.20827,9.1438,fluid
514,6.24891,1.31359,,1004.29,0.942681,34102,,0.70979,0.0369471,,0.518623,9.52596,fluid
515,10.7513,0.575578,,1004.59,-5.47259,36499.5,,1.13293,-0.110048,,1.14787,9.6241,fluid
516,9.30117,0.191443,,1005.09,-2.88006,40597.4,,1.1181,0.0334058,,0.811557,9.87042,fluid
517,10.9911,1.04249,,1004.05,-5.73029,32202.5,,1.07496,-0.154911,,0.956608,9.7185,fluid
518,14.847,1.16658,,1003.25,-13.2365,25749.8,,0.901458,0.10173,,1.25441,9.08744,fluid
519,13.1059,0.579961,,1004.14,-10.5411,32933.8,,0.991929,0.0994736,,1.08026,9.4769,fluid
520,14.3764,0.973109,,1003.59,-12.5825,28456.5,,1.02672,0.101463,,1.33177,9.41013,fluid
521,15.3085,1.5707,,1002.81,-12.9522,22270.3,,1.03744,0.22688,,1.08162,8.96145,fluid
522,14.6683,1.56366,,1002.84,-12.0196,22518.9,,1.09663,0.283021,,1.24025,9.07622,fluid
523,19.0547,2.9764,,1001.44,-11.1758,11369.2,,0.9251,0.408451,,0.879124,8.27215,fluid
524,4.96815,1.30893,,1004.52,2.08833,35972.3,,0.634462,-0.00917012,,0.515434,9.66427,fluid
525,9.00363,2.91796,,1002.18,-1.43994,17244,,1.46865,-0.337796,,0.709518,10.1364,fluid
526,14.9239,3.35916,,1001.3,-6.12797,10224.7,,1.62534,0.234693,,0.934904,8.55657,fluid
527,14.3607,3.06655,,1001.45,-6.53886,11414.3,,1.70138,0.31981,,0.606903,8.77192,fluid
528,7.18349,0.214303,,1005.4,0.249914,43048.6,,0.726297,0.046289,,0.960141,9.64652,fluid
529,7.80165,0.179841,,1005.31,-0.596747,42317.5,,0.654362,0.0922536,,0.568215,9.75751,fluid
530,8.74318,0.193682,,1005.28,-1.79946,42138.6,,0.972459,-0.055385,,0.883841,9.77454,fluid
531,13.8814,0.188652,,1004.5,-11.9795,35792.5,,1.03204,0.00711268,,0.992512,9.35509,fluid
532,10.3587,0.867405,,1004.24,-5.18956,33720.2,,1.18669,0.0697798,,1.08559,9.89272,fluid
533,11.2932,0.548649,,1004.47,-6.99337,35565.8,,1.12568,0.0253278,,1.08173,9.95538,fluid
534,13.5998,0.527379,,1004.19,-11.6505,33271.4,,1.02117,0.0482762,,0.960817,9.35064,fluid
535,11.839,0.687325,,1004.26,-8.00701,33828.5,,1.11551,0.0320817,,1.12472,9.48798,fluid
536,16.2758,1.70509,,1002.6,-13.8771,20546.5,,0.953233,0.244163,,1.21046,8.72701,fluid
537,16.4858,1.35001,,1002.85,-15.0257,22573.5,,0.797961,0.191895,,1.30591,8.74901,fluid
538,12.7926,0.888184,,1003.94,-9.99973,31318.4,,1.08047,0.0622531,,1.29015,9.54301,fluid
539,18.3679,1.84346,,1002.2,-14.9339,17365.7,,0.711614,0.104527,,1.25862,8.50157,fluid
540,18.4708,2.92835,,1001.51,-11.5032,11940.5,,0.93307,0.376745,,1.02612,8.31088,fluid
541,7.77565,3.13875,,1002.01,-0.0428066,15860.5,,1.68403,-0.338508,,1.15804,10.1323,fluid
542,13.6926,3.00883,,1001.59,-6.28782,12571.8,,1.6224,0.244047,,0.908367,8.99255,fluid
543,15.4701,3.21766,,1001.29,-6.89023,10145.9,,1.79714,0.272325,,0.624251,8.55201,fluid
544,8.68833,0.654719,,1004.74,-2.00858,37730,,0.901595,-0.148192,,0.793648,9.96061,fluid
545,8.24922,0.323056,,1005.19,-1.05397,41360.3,,0.914013,-0.25504,,0.833917,9.80871,fluid
546,11.9025,0.223172,,1004.71,-7.6987,37475.4,,1.07243,0.0715948,,1.15915,9.34134,fluid
547,18.1668,0.390437,,1003.64,-18.7735,28874.6,,0.638869,-0.0111131,,1.1707,9.00738,fluid
548,9.8263,1.10266,,1004.07,-3.63039,32306.4,,1.26806,0.00336235,,0.934137,9.83798,fluid
549,17.3971,0.585996,,1003.51,-17.9265,27828.7,,0.636448,-0.00821554,,1.19291,9.05746,fluid
550,16.6216,0.185398,,1004.02,-16.8955,31961,,0.670103,0.104362,,1.0621,9.34392,fluid
551,17.5373,0.95051,,1003.01,-18.4213,23819.2,,0.774285,0.178715,,1.35444,9.03208,fluid
552,17.6897,1.73743,,1002.39,-14.5608,18877.2,,0.80684,0.182621,,1.20159,8.70178,fluid
553,16.8324,1.12057,,1003.04,-16.2904,24082.6,,0.828217,0.166335,,1.35289,8.86742,fluid
554,17.1927,1.72176,,1002.43,-15.1165,19191.8,,0.927708,0.228787,,1.0248,8.79005,fluid
555,20.8085,2.63046,,1001.3,-13.1779,10242.6,,0.511949,0.329596,,0.736975,7.8517,fluid
556,2.28839,3.77898,,1002.14,1.94994,16864.9,,0.168603,-0.582575,,0.6001,8.35036,fluid
557,6.14539,2.50978,,1002.97,0.707761,23536.7,,0.90618,-0.270494,,1.34486,9.71219,fluid
558,4.05719,3.35698,,1002.36,1.90811,18677.1,,0.592977,-0.440096,,1.08864,9.18004,fluid
559,6.11961,3.35271,,1001.97,0.481941,15552.5,,1.48409,-0.533989,,1.504,9.9037,fluid
560,9.9861,0.165618,,1005.11,-4.14269,40691.1,,0.923667,0.0162119,,1.00669,9.75334,fluid
561,10.6056,0.182643,,1005.02,-5.14829,40015.1,,1.00992,-0.0303223,,0.858945,9.80931,fluid
562,14.4145,0.2045,,1004.36,-13.1154,34690.3,,0.987256,0.0509066,,1.07049,9.4508,fluid
563,19.8596,0.728436,,1002.99,-20.3466,23713.1,,0.483155,0.114662,,1.10241,8.93554,fluid
564,10.039,0.616103,,1004.55,-4.58512,36235.1,,1.22898,0.00408521,,0.895167,9.71577,fluid
565,20.4588,1.5243,,1002.13,-17.3213,16817.1,,0.517758,0.173818,,1.046,8.15431,fluid
566,19.4147,0.866856,,1002.87,-19.7298,22718,,0.522089,0.0850899,,1.09634,8.96667,fluid
567,12.5005,0.194946,,1004.72,-9.20217,37561.6,,1.12412,-0.0272046,,0.886161,9.69499,fluid
568,16.0092,1.07411,,1003.19,-15.187,25264.9,,0.816404,0.110889,,1.28737,9.08943,fluid
569,14.6602,0.546354,,1003.96,-13.7652,31460.2,,0.935382,0.147489,,1.00289,9.37688,fluid
570,19.2985,2.16626,,1001.87,-14.2737,14738.1,,0.66331,0.225105,,1.02673,8.00121,fluid
571,18.8799,1.86158,,1001.98,-15.4796,15656.7,,0.763054,0.31104,,0.826092,8.32023,fluid
572,19.2764,3.67124,,1000.62,-7.07609,4876.21,,0.647419,0.570589,,1.15993,6.98746,fluid
573,4.72351,4.03619,,1001.54,0.488912,12173.9,,1.05658,-0.704094,,1.59873,9.21193,fluid
574,16.7403,2.91709,,1001.31,-9.23953,10293.4,,1.25473,0.402446,,0.970748,8.49481,fluid
575,5.01423,4.38464,,1000.99,0.983293,7796.46,,1.26287,-0.853781,,1.91299,9.40411,fluid
576,9.54119,0.555247,,1004.69,-3.40366,37337.4,,1.1271,0.0849842,,1.13329,9.84791,fluid
577,11.3087,0.161493,,1004.91,-6.83764,39104.1,,1.13139,-0.0360998,,0.830882,9.61969,fluid
578,21.1051,1.40757,,1002.08,-18.3734,16456.7,,0.397379,0.215606,,0.898492,8.19249,fluid
579,16.0966,0.246785,,1004.13,-16.2524,32798,,0.858535,0.00709903,,1.24771,9.2629,fluid
580,22.9458,0.985946,,1002.37,-21.8001,18760.4,,0.122262,0.165259,,0.771998,8.65701,fluid
581,23.3793,1.13022,,1002.14,-22.1718,16938.1,,0.0790949,0.0815513,,0.57774,8.45099,fluid
582,21.1746,0.560005,,1003,-21.3327,23747.7,,0.411138,0.133814,,0.869755,8.75554,fluid
583,19.4336,1.38852,,1002.37,-17.5964,18705.7,,0.57004,0.325062,,1.08714,8.43387,fluid
584,16.3542,0.724728,,1003.46,-16.2396,27464.9,,0.817156,0.0689033,,1.14477,9.143,fluid
585,19.0715,0.53778,,1003.38,-19.5993,26778,,0.527506,0.0279409,,1.04069,9.03455,fluid
586,21.2318,2.39915,,1001.45,-13.8493,11413.9,,0.392276,0.243023,,0.813173,7.78611,fluid
587,19.6664,1.94025,,1001.94,-15.1506,15310.5,,0.5991,0.244684,,0.958248,8.21213,fluid
588,19.6217,2.75958,,1001.14,-11.7442,9012.08,,0.809673,0.55703,,0.963357,7.70919,fluid
589,3.79334,3.76317,,1002.02,1.7521,15969.6,,0.639652,-0.607909,,1.27414,9.0296,fluid
590,4.03009,2.94191,,1002.92,1.78712,23118.1,,0.626996,-0.347056,,1.2326,9.10212,fluid
591,6.55456,4.20356,,1000.92,0.259105,7211.4,,1.74073,-0.679039,,1.70921,10.6164,fluid
592,16.8255,0.640427,,1003.51,-17.1197,27816.8,,0.81612,0.228917,,1.29693,9.20588,fluid
593,15.0803,0.18849,,1004.31,-14.2859,34257.7,,0.83966,0.0118512,,1.07294,9.3264,fluid
594,20.3207,0.999197,,1002.68,-19.5891,21179.4,,0.382166,0.0557613,,0.93228,8.6703,fluid
595,13.1049,0.145007,,1004.68,-10.6133,37282.6,,1.11415,-0.00987904,,1.13448,9.77133,fluid
596,24.3588,1.35358,,1001.94,-20.5847,15301.2,,-0.0136952,0.143405,,0.581887,8.17871,fluid
597,24.015,1.01491,,1002.26,-22.8407,17854.6,,0.0779984,0.109622,,0.556573,8.42971,fluid
598,23.7484,1.47154,,1001.94,-20.717,15324.8,,0.15954,0.135656,,0.52998,7.89406,fluid
599,22.4816,1.13098,,1002.28,-20.2944,17995.2,,0.232685,0.182655,,0.789385,8.6001,fluid
600,19.9054,1.26377,,1002.39,-18.5622,18923.3,,0.495224,0.253592,,0.963181,8.38155,fluid
601,17.2936,1.31093,,1002.83,-16.5055,22380.7,,0.818921,0.174595,,1.0879,8.65165,fluid
602,17.9827,0.904849,,1003.13,-18.4665,24830.7,,0.738997,-0.0935786,,1.26037,8.97405,fluid
603,20.4281,2.19346,,1001.69,-14.8117,13299.6,,0.552993,0.251005,,0.697043,8.06565,fluid
604,4.46889,3.694,,1001.99,1.35334,15675.7,,0.839344,-0.588498,,1.34223,9.19132,fluid
605,15.6721,3.79087,,1000.8,-4.8367,6259.99,,1.72221,0.606578,,0.656963,8.40894,fluid
606,9.52669,3.18895,,1001.89,-1.51724,14952.3,,1.4918,-0.25753,,0.538652,9.93943,fluid
607,17.4448,2.93195,,1001.3,-9.70231,10208.5,,1.16494,0.323444,,0.843628,8.20948,fluid
608,21.7337,1.24144,,1002.23,-19.6889,17657.4,,0.30092,0.147818,,0.856817,8.44481,fluid
609,21.3666,0.937927,,1002.57,-21.0446,20341.9,,0.356455,0.182245,,0.859972,8.89247,fluid
610,20.8014,1.06858,,1002.51,-19.5035,19856.8,,0.43002,0.0965181,,0.913982,8.67063,fluid
611,15.5917,0.234932,,1004.16,-15.429,33065.8,,0.841078,0.0440035,,0.927457,9.24031,fluid
612,23.6974,0.69237,,1002.63,-23.2528,20816.7,,0.0801361,0.0699902,,0.61641,8.64613,fluid
613,24.0844,0.274079,,1003.04,-22.9149,24063.9,,0.0705058,0.0165799,,0.661435,8.58325,fluid
614,21.6597,0.182759,,1003.37,-21.5565,26736.8,,0.0891623,-0.0271622,,0.826025,8.82966,fluid
615,24.6271,0.13708,,1003.15,-25.8413,24923,,-0.00807032,0.0161839,,0.601601,8.43593,fluid
616,20.011,1.76125,,1002.02,-16.1942,15986.3,,0.592515,0.20412,,1.19276,8.27811,fluid
617,15.7546,0.672675,,1003.64,-15.4696,28882.1,,0.833167,0.0543449,,1.18122,9.33547,fluid
618,21.2708,1.82887,,1001.88,-17.0425,14835.9,,0.440933,0.26015,,0.767304,8.07071,fluid
619,15.1139,0.702691,,1003.73,-14.3707,29616.8,,0.985117,0.0501614,,1.49673,9.2327,fluid
620,5.81126,3.63051,,1001.76,0.753535,13911.4,,1.22822,-0.658607,,1.42497,9.56257,fluid
621,12.7677,3.87829,,1000.88,-3.24177,6914.16,,1.85826,0.119411,,0.529515,9.0535,fluid
622,16.5785,3.94304,,1000.68,-4.8984,5337.86,,1.47523,0.849965,,0.391557,8.21725,fluid
623,8.7878,3.31654,,1001.76,-1.099,13878.5,,1.64424,-0.329214,,0.964181,10.3014,fluid
624,21.7869,0.655088,,1002.88,-21.7628,22765,,0.360323,0.0438579,,0.735374,8.64925,fluid
625,22.1871,0.785746,,1002.72,-21.5559,21485.2,,0.194526,0.0621629,,0.826626,8.79426,fluid
626,20.5995,0.568836,,1003.11,-20.9472,24634.3,,0.401399,0.111084,,1.05342,9.10982,fluid
627,19.3943,0.217073,,1003.63,-19.8042,28806.8,,0.460507,0.0472115,,1.05179,8.82329,fluid
628,22.6147,0.536207,,1002.87,-22.3623,22719.1,,0.184991,0.0830795,,0.677063,8.72289,fluid
629,24.8439,0.578465,,1002.65,-26.8252,20979.1,,0.0686457,0.0890969,,0.192121,8.5075,fluid
630,23.5793,0.163563,,1003.19,-22.9407,25256.1,,0.0423304,0.0490255,,0.727483,8.65563,fluid
631,22.1459,1.51712,,1002.01,-18.1364,15831.3,,0.349767,0.198275,,0.808303,8.07322,fluid
632,18.8045,1.01484,,1002.83,-18.9772,22364.1,,0.710102,0.154872,,1.23846,8.71088,fluid
633,18.5143,0.639544,,1003.25,-19.2485,25779.1,,0.609165,0.169341,,1.12196,9.10899,fluid
634,22.9608,2.17833,,1001.44,-15.8414,11360,,0.315212,0.34721,,0.658069,7.68328,fluid
635,19.0009,1.44468,,1002.46,-17.2507,19466.9,,0.577692,0.193475,,1.15673,8.51417,fluid
636,19.6577,3.50611,,1000.83,-8.83099,6511.69,,0.602891,0.515055,,1.01192,7.35002,fluid
637,3.16678,2.40652,,1003.5,2.44462,27782.2,,0.48336,-0.221325,,0.814326,8.76979,fluid
638,10.5055,3.06944,,1001.89,-3.08763,14949.6,,1.71033,-0.08401,,0.623692,9.72593,fluid
639,13.0922,3.00014,,1001.69,-5.62418,13309.3,,1.69661,0.134634,,0.830106,8.99365,fluid
640,23.2097,0.556232,,1002.81,-23.1406,22275.7,,0.137088,0.0820236,,0.672628,8.84663,fluid
641,20.3431,0.23944,,1003.49,-20.8627,27685.1,,0.373796,0.0320032,,0.958235,8.73082,fluid
642,22.2202,0.185552,,1003.26,-21.9695,25875.7,,0.194864,0.000985811,,0.789816,8.74228,fluid
643,17.2096,0.188281,,1003.99,-17.6886,31685.7,,0.621582,0.0533932,,1.12354,9.25815,fluid
644,24.8169,1.73625,,1001.61,-19.3956,12675.3,,0.0447228,0.15188,,0.146108,7.79899,fluid
645,15.2295,2.73491,,1001.67,-9.54703,13153.6,,1.40775,0.339947,,1.06376,8.7515,fluid
646,24.7573,1.13761,,1002.07,-23.5362,16351.6,,0.00239289,0.120621,,0.338566,8.21903,fluid
647,24.3477,0.697692,,1002.47,-23.6456,19541.9,,-0.010722,0.0152032,,0.610091,8.53968,fluid
648,23.235,1.70746,,1001.73,-19.4158,13662.8,,0.278451,0.294924,,0.445306,7.82013,fluid
649,19.1318,2.55734,,1001.33,-12.8921,10455.7,,0.733235,0.49422,,1.12934,7.72509,fluid
650,20.7667,1.91979,,1001.86,-16.2673,14705.4,,0.403402,0.280323,,0.994424,7.97154,fluid
651,20.3154,2.76998,,1001.2,-12.246,9459.25,,0.544913,0.451242,,1.04596,7.80766,fluid
652,11.1566,3.53902,,1001.28,-2.42128,10059.9,,1.77041,-0.0447706,,0.578909,9.56663,fluid
653,12.4367,3.1476,,1001.59,-4.83903,12541.5,,1.76735,0.152894,,0.972748,9.34835,fluid
654,14.2369,4.03938,,1000.67,-3.54132,5281.93,,1.93366,0.383657,,0.603851,8.51988,fluid
655,1.75855,5.43813,,1000.81,0.644368,6352.83,,0.569819,-1.02485,,0.652987,7.17373,fluid
656,22.9044,0.151615,,1003.27,-22.7771,25903.5,,0.0998259,-6.37183e-05,,0.575987,8.6826,fluid
657,22.4511,1.94471,,1001.6,-16.4622,12578.6,,0.315079,0.298623,,0.728296,7.68692,fluid
658,20.9921,0.152834,,1003.49,-21.1144,27688.9,,0.221451,0.0703341,,0.977102,8.83215,fluid
659,19.8851,0.261723,,1003.48,-20.3698,27597.4,,0.410133,0.107093,,0.90273,8.82871,fluid
660,22.159,2.26944,,1001.38,-14.4127,10839.9,,0.284368,0.2975,,0.747697,7.89657,fluid
661,22.6365,2.47946,,1001.19,-13.7227,9364.13,,0.353659,0.220056,,0.484526,7.869,fluid
662,23.3276,2.7107,,1001,-11.6197,7885.68,,0.124569,0.353634,,0.682585,7.42798,fluid
663,18.4161,1.29014,,1002.63,-17.6996,20787.4,,0.610385,0.243684,,1.24191,8.49601,fluid
664,22.7934,1.54377,,1001.94,-18.9174,15328.9,,0.228625,0.137936,,0.774801,8.00323,fluid
665,24.611,2.25377,,1001.07,-14.9179,8389.34,,-0.0441361,0.186071,,0.512034,7.47945,fluid
666,-25.5233,-686.255,,968.775,0,-223258,,-3.70661,-115.803,,0,0,fluid
667,14.8485,2.33225,,1002.25,-10.2692,17789.7,,1.36694,0.256588,,0.945784,8.66719,fluid
668,20.0893,3.32889,,1001.06,-10.4389,8345.98,,0.742707,0.432975,,1.21398,7.6314,fluid
669,6.02686,2.99175,,1002.41,0.87687,19076.5,,1.21704,-0.45573,,1.15612,9.65077,fluid
670,4.10417,0.271747,,1005.69,2.6326,45417.7,,0.781309,-0.0424385,,0.553456,9.29429,fluid
671,9.79946,2.642,,1002.39,-2.21761,18873.1,,1.58687,-0.113538,,0.790937,9.89771,fluid
672,21.8728,2.81382,,1001.08,-10.6091,8486.05,,0.444844,0.234409,,0.824665,7.54922,fluid
673,21.7338,1.78654,,1001.92,-17.1962,15147.4,,0.38341,0.237535,,0.864065,8.05499,fluid
674,7.30309,3.96603,,1000.99,0.35441,7823.47,,1.83263,-0.467359,,1.30528,10.7217,fluid
675,21.6882,2.33469,,1001.28,-13.7824,10119.5,,0.447863,0.328509,,0.811346,7.72697,fluid
676,18.72,0.135524,,1003.76,-19.3913,29820.4,,0.514816,0.103258,,0.969889,8.99524,fluid
677,23.7929,1.91432,,1001.63,-17.802,12876.6,,0.156976,0.288802,,0.737592,7.89484,fluid
678,21.5472,3.29507,,1000.65,-7.14913,5107.5,,0.554697,0.449934,,0.651478,7.40806,fluid
679,24.043,2.43909,,1000.87,-12.2568,6870.23,,0.0809642,0.345985,,0.662518,7.34383,fluid
680,24.3197,1.86847,,1001.55,-16.7055,12211,,0.0603318,0.186745,,0.53341,7.81901,fluid
681,21.1615,2.97998,,1000.88,-9.7143,6937.17,,0.499636,0.35101,,0.843807,7.49812,fluid
682,23.4928,2.25862,,1001.51,-15.6286,11869.7,,0.130695,0.286722,,0.608958,7.94456,fluid
683,14.0469,2.60333,,1001.96,-8.60806,15438.7,,1.44302,0.257663,,1.1675,8.95114,fluid
684,4.80781,2.86821,,1002.69,1.07621,21306.3,,0.768343,-0.230965,,1.00422,9.20159,fluid
685,16.1175,4.01707,,1000.64,-4.38281,5051,,1.6106,0.772934,,0.338678,8.30628,fluid
686,15.7691,2.05664,,1002.32,-12.0736,18338.4,,1.23252,0.210826,,0.918994,8.4974,fluid
687,5.43465,1.43013,,1004.23,1.55447,33626.9,,0.574728,0.0478701,,0.908792,9.41237,fluid
688,18.031,1.46921,,1002.57,-16.0669,20362.1,,0.741406,0.21359,,0.826302,8.46241,fluid
689,18.3645,3.68127,,1000.94,-8.44829,7375.1,,0.90518,0.678196,,0.596453,7.36577,fluid
690,11.9396,3.52457,,1001.27,-3.82775,10006.3,,1.86575,0.0643807,,0.721072,9.22007,fluid
691,17.8317,0.184944,,1003.89,-18.6306,30880.5,,0.539487,0.0665945,,0.957845,9.12543,fluid
692,3.51598,1.26615,,1004.71,2.91731,37456.6,,0.50049,-0.119986,,0.133,9.36781,fluid
693,22.6693,3.07327,,1000.97,-11.1767,7642.26,,0.33395,0.488629,,0.481448,7.56788,fluid
694,23.2683,3.28287,,1000.47,-6.9869,3727.43,,0.212568,0.566969,,0.864103,6.78253,fluid
695,24.264,2.94647,,1000.72,-10.7649,5636.39,,0.0105203,0.444174,,0.82947,7.57561,fluid
696,24.6294,2.69596,,1001.02,-13.9624,8062.1,,-0.0732658,0.273232,,0.188301,7.89581,fluid
697,8.25806,3.37472,,1001.75,-0.677719,13797.8,,1.72916,-0.223525,,0.662042,10.4881,fluid
698,22.2871,3.27705,,1000.61,-8.8634,4781.85,,0.375585,0.585203,,0.644157,7.24048,fluid
699,3.70516,4.38055,,1001.3,1.03373,10242.4,,0.851564,-0.738892,,1.606,8.77212,fluid
700,15.381,4.01562,,1000.62,-3.60772,4876.86,,1.85375,0.571034,,0.494707,8.52978,fluid
701,8.35944,2.94495,,1002.18,-0.64305,17242.9,,1.47413,-0.254682,,0.841282,10.1244,fluid
702,11.0119,3.04533,,1001.95,-3.64578,15387.9,,1.69726,-0.0208878,,0.649891,9.71813,fluid
703,20.1669,3.83988,,1000.49,-5.06338,3859.65,,0.554886,0.478059,,1.0965,6.98489,fluid
704,16.266,2.6555,,1001.57,-10.3227,12377.7,,1.36425,0.461841,,0.867174,8.51077,fluid
705,5.55326,0.219023,,1005.7,2.01176,45542.9,,0.697275,-0.045492,,0.555183,9.73427,fluid
706,47.3925,-2065.92,,997.966,-0.000601738,-15863.8,,4.51721,-200.912,,-3.89427,18.2909,fluid
707,47.2221,-2065.12,,997.969,-0.0252743,-15844.8,,0.329731,-201.804,,0.776569,-3.60307,fluid
708,-160.669,-1704.99,,998.131,0.214499,-14582.1,,-8.73712,-184.555,,4.60249,1.20454,fluid
709,-159.66,-1704.73,,998.056,0.335112,-15164.3,,-9.45516,-181.834,,-2.3022,-0.620486,fluid
710,23.991,3.11068,,1000.59,-9.01966,4631.04,,0.123413,0.492868,,0.863592,7.25152,fluid
711,20.6726,3.42809,,1000.75,-9.41517,5864.29,,0.743289,0.429392,,1.05556,7.46525,fluid
712,22.943,3.35707,,1000.39,-5.30088,3068.01,,0.289894,0.602077,,0.611977,6.70128,fluid
713,23.7662,3.3495,,1000.46,-6.25899,3606.2,,0.218656,0.523674,,0.803978,6.91697,fluid
714,21.9517,3.47323,,1000.49,-5.72797,3881.83,,0.62869,0.548504,,0.46666,7.25919,fluid
715,3.75963,2.19206,,1003.71,2.38969,29441.6,,0.515231,-0.259251,,0.783165,9.29484,fluid
716,10.0098,3.15835,,1001.97,-2.60216,15551.9,,1.53898,-0.180703,,0.744814,9.88973,fluid
717,11.9937,2.99264,,1002.03,-4.79663,16046.7,,1.61124,-0.030226,,0.765197,9.24272,fluid
718,8.36395,4.29948,,1000.78,-0.739325,6174.21,,1.64465,-0.143647,,0.423777,10.4141,fluid
719,11.4807,4.30959,,1000.7,-1.52364,5484.09,,1.79091,-0.137507,,0.0711032,9.36444,fluid
720,-217.073,-2132.93,,979.908,0.127537,-148492,,-11.6232,-202.651,,-40.2121,1.85367,fluid
721,14.729,2.84888,,1001.69,-8.35857,13311.5,,1.55678,0.375282,,0.821639,8.60532,fluid
722,47.22,-2065.12,,997.988,0.022153,-15695.2,,0.326116,-201.826,,1.01023,-3.63592,fluid
723,-166.753,-1429.21,,970.471,0,-212194,,-10.2059,-167.299,,0,0,fluid
724,47.2227,-2065.12,,997.957,0.0382264,-15931.9,,0.314635,-201.797,,0.701229,-3.7639,fluid
725,47.2227,-2065.12,,997.962,-0.0152557,-15899.7,,0.325884,-201.798,,0.708573,-3.64505,fluid
726,47.2228,-2065.12,,997.961,-0.017497,-15906.6,,0.326114,-201.797,,0.697668,-3.64298,fluid
727,-217.286,-2132.92,,979.953,-0.0194078,-148180,,-11.6638,-207.31,,61.4868,0.808764,fluid
728,-217.11,-2132.92,,979.967,-0.0862179,-148081,,-11.8134,-203.485,,-21.2748,-2.66244,fluid
729,-159.66,-1704.73,,998.047,0.313977,-15240.4,,-9.44926,-181.834,,-2.30029,-0.584056,fluid
730,21.071,3.63228,,1000.56,-6.38064,4428.47,,0.701486,0.461453,,1.04886,7.30218,fluid
731,17.0421,3.91946,,1000.65,-5.26241,5082.25,,1.22649,0.919333,,0.451437,8.06474,fluid
732,14.6973,4.07691,,1000.57,-2.97418,4459.42,,1.89535,0.433456,,0.702,8.42252,fluid
733,1.01963,3.25088,,1002.85,2.87964,22546.8,,0.0884719,-0.501469,,0.0724085,8.18738,fluid
734,4.57645,5.22109,,1000.77,0.832032,6063.28,,1.42984,-1.04973,,2.10027,9.12656,fluid
735,12.9463,4.26406,,1000.69,-2.44274,5456.26,,2.08734,0.127039,,0.329265,8.96071,fluid
