h/dp :,2
L2norm Pressure,KE,dp,Nparticles
36435.7,1.10533e+07,0.5,448

t,12.53
ID,x,y,,rho,drhodt,pressure,,u,v,,dudt,dvdt,type
0,-1.25,-0.25,,1005.46,0,43579.8,,0,0,,0,0,boundary
1,-0.75,-0.25,,1005.39,0,43020.3,,0,0,,0,0,boundary
2,-0.25,-0.25,,1005.34,0,42624.1,,0,0,,0,0,boundary
3,0.25,-0.25,,1005.31,0,42370.1,,0,0,,0,0,boundary
4,0.75,-0.25,,1005.32,0,42399,,0,0,,0,0,boundary
5,1.25,-0.25,,1005.33,0,42512.8,,0,0,,0,0,boundary
6,1.75,-0.25,,1005.32,0,42403.3,,0,0,,0,0,boundary
7,2.25,-0.25,,1005.27,0,42027.6,,0,0,,0,0,boundary
8,2.75,-0.25,,1005.23,0,41707.4,,0,0,,0,0,boundary
9,3.25,-0.25,,1005.22,0,41599.8,,0,0,,0,0,boundary
10,3.75,-0.25,,1005.13,0,40898.4,,0,0,,0,0,boundary
11,4.25,-0.25,,1005.06,0,40335.6,,0,0,,0,0,boundary
12,4.75,-0.25,,1005.12,0,40775.4,,0,0,,0,0,boundary
13,5.25,-0.25,,1005.18,0,41286.5,,0,0,,0,0,boundary
14,5.75,-0.25,,1005.18,0,41273.3,,0,0,,0,0,boundary
15,6.25,-0.25,,1005.14,0,41004.4,,0,0,,0,0,boundary
16,6.75,-0.25,,1005.13,0,40877.3,,0,0,,0,0,boundary
17,7.25,-0.25,,1005.15,0,41029.3,,0,0,,0,0,boundary
18,7.75,-0.25,,1005.17,0,41217.5,,0,0,,0,0,boundary
19,8.25,-0.25,,1005.28,0,42128.5,,0,0,,0,0,boundary
20,8.75,-0.25,,1005.54,0,44182,,0,0,,0,0,boundary
21,9.25,-0.25,,1005.8,0,46321.6,,0,0,,0,0,boundary
22,9.75,-0.25,,1005.96,0,47600.5,,0,0,,0,0,boundary
23,10.25,-0.25,,1005.99,0,47849.9,,0,0,,0,0,boundary
24,10.75,-0.25,,1006.08,0,48591.2,,0,0,,0,0,boundary
25,11.25,-0.25,,1006.36,0,50888,,0,0,,0,0,boundary
26,11.75,-0.25,,1006.71,0,53761.3,,0,0,,0,0,boundary
27,12.25,-0.25,,1006.88,0,55111,,0,0,,0,0,boundary
28,12.75,-0.25,,1006.79,0,54378.4,,0,0,,0,0,boundary
29,13.25,-0.25,,1006.57,0,52584.3,,0,0,,0,0,boundary
30,13.75,-0.25,,1006.35,0,50790.7,,0,0,,0,0,boundary
31,14.25,-0.25,,1006.31,0,50489.8,,0,0,,0,0,boundary
32,14.75,-0.25,,1006.46,0,51654.7,,0,0,,0,0,boundary
33,15.25,-0.25,,1006.64,0,53154.6,,0,0,,0,0,boundary
34,15.75,-0.25,,1006.84,0,54802.6,,0,0,,0,0,boundary
35,16.25,-0.25,,1007.03,0,56346.7,,0,0,,0,0,boundary
36,16.75,-0.25,,1007.16,0,57389.9,,0,0,,0,0,boundary
37,17.25,-0.25,,1007.25,0,58117.3,,0,0,,0,0,boundary
38,17.75,-0.25,,1007.35,0,58954.3,,0,0,,0,0,boundary
39,18.25,-0.25,,1007.45,0,59778,,0,0,,0,0,boundary
40,18.75,-0.25,,1007.55,0,60583,,0,0,,0,0,boundary
41,19.25,-0.25,,1007.67,0,61598.8,,0,0,,0,0,boundary
42,19.75,-0.25,,1007.78,0,62529.6,,0,0,,0,0,boundary
43,20.25,-0.25,,1007.86,0,63192.4,,0,0,,0,0,boundary
44,20.75,-0.25,,1007.95,0,63938.7,,0,0,,0,0,boundary
45,21.25,-0.25,,1008.11,0,65227.5,,0,0,,0,0,boundary
46,21.75,-0.25,,1008.23,0,66189.3,,0,0,,0,0,boundary
47,22.25,-0.25,,1008.18,0,65774.3,,0,0,,0,0,boundary
48,22.75,-0.25,,1008.16,0,65668.2,,0,0,,0,0,boundary
49,23.25,-0.25,,1008.28,0,66633.8,,0,0,,0,0,boundary
50,23.75,-0.25,,1008.35,0,67218.3,,0,0,,0,0,boundary
51,24.25,-0.25,,1008.41,0,67711.4,,0,0,,0,0,boundary
52,24.75,-0.25,,1008.52,0,68567.6,,0,0,,0,0,boundary
53,25.25,-0.25,,1008.61,0,69381.6,,0,0,,0,0,boundary
54,25.75,-0.25,,1008.55,0,68853.6,,0,0,,0,0,boundary
55,26.25,-0.25,,1008.4,0,67596.1,,0,0,,0,0,boundary
56,-1.25,-0.75,,1006.16,0,49221.3,,0,0,,0,0,boundary
57,-0.75,-0.75,,1006.13,0,48984.7,,0,0,,0,0,boundary
58,-0.25,-0.75,,1006.09,0,48663.2,,0,0,,0,0,boundary
59,0.25,-0.75,,1006.04,0,48284.5,,0,0,,0,0,boundary
60,0.75,-0.75,,1006.01,0,48065.7,,0,0,,0,0,boundary
61,1.25,-0.75,,1005.99,0,47837.4,,0,0,,0,0,boundary
62,1.75,-0.75,,1005.95,0,47518.8,,0,0,,0,0,boundary
63,2.25,-0.75,,1005.87,0,46924.3,,0,0,,0,0,boundary
64,2.75,-0.75,,1005.78,0,46169.5,,0,0,,0,0,boundary
65,3.25,-0.75,,1005.69,0,45447.6,,0,0,,0,0,boundary
66,3.75,-0.75,,1005.64,0,44988.3,,0,0,,0,0,boundary
67,4.25,-0.75,,1005.64,0,45040.7,,0,0,,0,0,boundary
68,4.75,-0.75,,1005.73,0,45734.7,,0,0,,0,0,boundary
69,5.25,-0.75,,1005.78,0,46137.4,,0,0,,0,0,boundary
70,5.75,-0.75,,1005.73,0,45742,,0,0,,0,0,boundary
71,6.25,-0.75,,1005.65,0,45105.9,,0,0,,0,0,boundary
72,6.75,-0.75,,1005.59,0,44618.7,,0,0,,0,0,boundary
73,7.25,-0.75,,1005.56,0,44402.9,,0,0,,0,0,boundary
74,7.75,-0.75,,1005.57,0,44486.2,,0,0,,0,0,boundary
75,8.25,-0.75,,1005.69,0,45397.9,,0,0,,0,0,boundary
76,8.75,-0.75,,1006,0,47968.8,,0,0,,0,0,boundary
77,9.25,-0.75,,1006.52,0,52152.5,,0,0,,0,0,boundary
78,9.75,-0.75,,1006.88,0,55158.9,,0,0,,0,0,boundary
79,10.25,-0.75,,1006.98,0,55940,,0,0,,0,0,boundary
80,10.75,-0.75,,1007.05,0,56538.5,,0,0,,0,0,boundary
81,11.25,-0.75,,1007.39,0,59282.6,,0,0,,0,0,boundary
82,11.75,-0.75,,1007.75,0,62264.3,,0,0,,0,0,boundary
83,12.25,-0.75,,1007.78,0,62512.6,,0,0,,0,0,boundary
84,12.75,-0.75,,1007.58,0,60877.3,,0,0,,0,0,boundary
85,13.25,-0.75,,1007.24,0,58038.2,,0,0,,0,0,boundary
86,13.75,-0.75,,1006.98,0,55970,,0,0,,0,0,boundary
87,14.25,-0.75,,1006.99,0,56014.5,,0,0,,0,0,boundary
88,14.75,-0.75,,1007.17,0,57511.2,,0,0,,0,0,boundary
89,15.25,-0.75,,1007.36,0,59050.7,,0,0,,0,0,boundary
90,15.75,-0.75,,1007.52,0,60387,,0,0,,0,0,boundary
91,16.25,-0.75,,1007.68,0,61655.6,,0,0,,0,0,boundary
92,16.75,-0.75,,1007.81,0,62724.1,,0,0,,0,0,boundary
93,17.25,-0.75,,1007.93,0,63717.8,,0,0,,0,0,boundary
94,17.75,-0.75,,1008.05,0,64716.1,,0,0,,0,0,boundary
95,18.25,-0.75,,1008.16,0,65615.9,,0,0,,0,0,boundary
96,18.75,-0.75,,1008.26,0,66465.6,,0,0,,0,0,boundary
97,19.25,-0.75,,1008.39,0,67518.3,,0,0,,0,0,boundary
98,19.75,-0.75,,1008.51,0,68521.1,,0,0,,0,0,boundary
99,20.25,-0.75,,1008.6,0,69218.7,,0,0,,0,0,boundary
100,20.75,-0.75,,1008.67,0,69878.5,,0,0,,0,0,boundary
101,21.25,-0.75,,1008.78,0,70739.6,,0,0,,0,0,boundary
102,21.75,-0.75,,1008.88,0,71557.2,,0,0,,0,0,boundary
103,22.25,-0.75,,1008.87,0,71514.7,,0,0,,0,0,boundary
104,22.75,-0.75,,1008.9,0,71760.9,,0,0,,0,0,boundary
105,23.25,-0.75,,1008.99,0,72518,,0,0,,0,0,boundary
106,23.75,-0.75,,1009.04,0,72929.1,,0,0,,0,0,boundary
107,24.25,-0.75,,1009.11,0,73445.7,,0,0,,0,0,boundary
108,24.75,-0.75,,1009.27,0,74816.7,,0,0,,0,0,boundary
109,25.25,-0.75,,1009.32,0,75229.7,,0,0,,0,0,boundary
110,25.75,-0.75,,1009.2,0,74213.3,,0,0,,0,0,boundary
111,26.25,-0.75,,1009.03,0,72836.1,,0,0,,0,0,boundary
112,-1.25,-1.25,,1006.6,0,52800.8,,0,0,,0,0,boundary
113,-0.75,-1.25,,1006.64,0,53163.5,,0,0,,0,0,boundary
114,-0.25,-1.25,,1006.63,0,53045,,0,0,,0,0,boundary
115,0.25,-1.25,,1006.57,0,52596.2,,0,0,,0,0,boundary
116,0.75,-1.25,,1006.53,0,52280.3,,0,0,,0,0,boundary
117,1.25,-1.25,,1006.46,0,51704.1,,0,0,,0,0,boundary
118,1.75,-1.25,,1006.37,0,50991.8,,0,0,,0,0,boundary
119,2.25,-1.25,,1006.31,0,50439.5,,0,0,,0,0,boundary
120,2.75,-1.25,,1006.26,0,50023.9,,0,0,,0,0,boundary
121,3.25,-1.25,,1006.24,0,49917.3,,0,0,,0,0,boundary
122,3.75,-1.25,,1006.28,0,50250.5,,0,0,,0,0,boundary
123,4.25,-1.25,,1006.32,0,50541.6,,0,0,,0,0,boundary
124,4.75,-1.25,,1006.35,0,50829.5,,0,0,,0,0,boundary
125,5.25,-1.25,,1006.51,0,52112.2,,0,0,,0,0,boundary
126,5.75,-1.25,,1006.62,0,53005.7,,0,0,,0,0,boundary
127,6.25,-1.25,,1006.5,0,52023.4,,0,0,,0,0,boundary
128,6.75,-1.25,,1006.22,0,49718,,0,0,,0,0,boundary
129,7.25,-1.25,,1006,0,47955.9,,0,0,,0,0,boundary
130,7.75,-1.25,,1005.99,0,47894,,0,0,,0,0,boundary
131,8.25,-1.25,,1006.2,0,49574.9,,0,0,,0,0,boundary
132,8.75,-1.25,,1006.67,0,53434.5,,0,0,,0,0,boundary
133,9.25,-1.25,,1007.52,0,60328.1,,0,0,,0,0,boundary
134,9.75,-1.25,,1008.34,0,67130.5,,0,0,,0,0,boundary
135,10.25,-1.25,,1008.75,0,70473.2,,0,0,,0,0,boundary
136,10.75,-1.25,,1008.84,0,71225.6,,0,0,,0,0,boundary
137,11.25,-1.25,,1009.06,0,73039.4,,0,0,,0,0,boundary
138,11.75,-1.25,,1009.26,0,74734,,0,0,,0,0,boundary
139,12.25,-1.25,,1009.15,0,73788,,0,0,,0,0,boundary
140,12.75,-1.25,,1008.64,0,69591.2,,0,0,,0,0,boundary
141,13.25,-1.25,,1007.98,0,64135,,0,0,,0,0,boundary
142,13.75,-1.25,,1007.63,0,61252.4,,0,0,,0,0,boundary
143,14.25,-1.25,,1007.73,0,62069.8,,0,0,,0,0,boundary
144,14.75,-1.25,,1007.91,0,63582.8,,0,0,,0,0,boundary
145,15.25,-1.25,,1007.99,0,64264.7,,0,0,,0,0,boundary
146,15.75,-1.25,,1008.11,0,65195,,0,0,,0,0,boundary
147,16.25,-1.25,,1008.33,0,67030.7,,0,0,,0,0,boundary
148,16.75,-1.25,,1008.57,0,68995.6,,0,0,,0,0,boundary
149,17.25,-1.25,,1008.76,0,70612.1,,0,0,,0,0,boundary
150,17.75,-1.25,,1008.88,0,71607.1,,0,0,,0,0,boundary
151,18.25,-1.25,,1008.97,0,72335.9,,0,0,,0,0,boundary
152,18.75,-1.25,,1009.09,0,73295.7,,0,0,,0,0,boundary
153,19.25,-1.25,,1009.21,0,74329.5,,0,0,,0,0,boundary
154,19.75,-1.25,,1009.32,0,75241.5,,0,0,,0,0,boundary
155,20.25,-1.25,,1009.45,0,76314.3,,0,0,,0,0,boundary
156,20.75,-1.25,,1009.58,0,77391.1,,0,0,,0,0,boundary
157,21.25,-1.25,,1009.64,0,77910.6,,0,0,,0,0,boundary
158,21.75,-1.25,,1009.71,0,78473.5,,0,0,,0,0,boundary
159,22.25,-1.25,,1009.73,0,78628.2,,0,0,,0,0,boundary
160,22.75,-1.25,,1009.79,0,79091.1,,0,0,,0,0,boundary
161,23.25,-1.25,,1009.84,0,79536.4,,0,0,,0,0,boundary
162,23.75,-1.25,,1009.85,0,79628.8,,0,0,,0,0,boundary
163,24.25,-1.25,,1009.93,0,80324.8,,0,0,,0,0,boundary
164,24.75,-1.25,,1010.11,0,81794,,0,0,,0,0,boundary
165,25.25,-1.25,,1010.07,0,81441.1,,0,0,,0,0,boundary
166,25.75,-1.25,,1009.92,0,80211.8,,0,0,,0,0,boundary
167,26.25,-1.25,,1009.8,0,79219.6,,0,0,,0,0,boundary
168,-0.25,0.25,,1004.78,0,38051.5,,0,0,,0,0,boundary
169,-0.25,0.75,,1004.23,0,33611.4,,0,0,,0,0,boundary
170,-0.25,1.25,,1003.62,0,28720.5,,0,0,,0,0,boundary
171,-0.25,1.75,,1003.1,0,24559.5,,0,0,,0,0,boundary
172,-0.25,2.25,,1002.51,0,19811.5,,0,0,,0,0,boundary
173,-0.25,2.75,,1001.64,0,12962.1,,0,0,,0,0,boundary
174,-0.25,3.25,,1000.52,0,4056.07,,0,0,,0,0,boundary
175,-0.25,3.75,,1000.89,0,6992.45,,0,0,,0,0,boundary
176,-0.25,4.25,,1000.79,0,6196.32,,0,0,,0,0,boundary
177,-0.25,4.75,,1000.77,0,6074.41,,0,0,,0,0,boundary
178,-0.25,5.25,,1000.75,0,5937.32,,0,0,,0,0,boundary
179,-0.25,5.75,,1000,0,0,,0,0,,0,0,boundary
180,-0.25,6.25,,1000,0,0,,0,0,,0,0,boundary
181,-0.25,6.75,,1000,0,0,,0,0,,0,0,boundary
182,-0.25,7.25,,1000,0,0,,0,0,,0,0,boundary
183,-0.25,7.75,,1000,0,0,,0,0,,0,0,boundary
184,-0.25,8.25,,1000,0,0,,0,0,,0,0,boundary
185,-0.25,8.75,,1000,0,0,,0,0,,0,0,boundary
186,-0.25,9.25,,1000,0,0,,0,0,,0,0,boundary
187,-0.25,9.75,,1000,0,0,,0,0,,0,0,boundary
188,-0.75,0.25,,1004.81,0,38269.8,,0,0,,0,0,boundary
189,-0.75,0.75,,1004.25,0,33788.4,,0,0,,0,0,boundary
190,-0.75,1.25,,1003.62,0,28731.7,,0,0,,0,0,boundary
191,-0.75,1.75,,1003.06,0,24230.1,,0,0,,0,0,boundary
192,-0.75,2.25,,1002.48,0,19592.9,,0,0,,0,0,boundary
193,-0.75,2.75,,1001.7,0,13383.6,,0,0,,0,0,boundary
194,-0.75,3.25,,1000.65,0,5088.74,,0,0,,0,0,boundary
195,-0.75,3.75,,999.536,0,-3640.31,,0,0,,0,0,boundary
196,-0.75,4.25,,1000.75,0,5883.53,,0,0,,0,0,boundary
197,-0.75,4.75,,1000.72,0,5654.4,,0,0,,0,0,boundary
198,-0.75,5.25,,1000.75,0,5919.49,,0,0,,0,0,boundary
199,-0.75,5.75,,1000,0,0,,0,0,,0,0,boundary
200,-0.75,6.25,,1000,0,0,,0,0,,0,0,boundary
201,-0.75,6.75,,1000,0,0,,0,0,,0,0,boundary
202,-0.75,7.25,,1000,0,0,,0,0,,0,0,boundary
203,-0.75,7.75,,1000,0,0,,0,0,,0,0,boundary
204,-0.75,8.25,,1000,0,0,,0,0,,0,0,boundary
205,-0.75,8.75,,1000,0,0,,0,0,,0,0,boundary
206,-0.75,9.25,,1000,0,0,,0,0,,0,0,boundary
207,-0.75,9.75,,1000,0,0,,0,0,,0,0,boundary
208,-1.25,0.25,,1004.85,0,38622.1,,0,0,,0,0,boundary
209,-1.25,0.75,,1004.27,0,33963.1,,0,0,,0,0,boundary
210,-1.25,1.25,,1003.62,0,28687,,0,0,,0,0,boundary
211,-1.25,1.75,,1003,0,23790.8,,0,0,,0,0,boundary
212,-1.25,2.25,,1002.4,0,18988.6,,0,0,,0,0,boundary
213,-1.25,2.75,,1001.61,0,12711.9,,0,0,,0,0,boundary
214,-1.25,3.25,,1000.66,0,5174.21,,0,0,,0,0,boundary
215,-1.25,3.75,,999.569,0,-3376.72,,0,0,,0,0,boundary
216,-1.25,4.25,,1000.68,0,5375.65,,0,0,,0,0,boundary
217,-1.25,4.75,,1000.65,0,5077.29,,0,0,,0,0,boundary
218,-1.25,5.25,,1000.64,0,5000.11,,0,0,,0,0,boundary
219,-1.25,5.75,,1000,0,0,,0,0,,0,0,boundary
220,-1.25,6.25,,1000,0,0,,0,0,,0,0,boundary
221,-1.25,6.75,,1000,0,0,,0,0,,0,0,boundary
222,-1.25,7.25,,1000,0,0,,0,0,,0,0,boundary
223,-1.25,7.75,,1000,0,0,,0,0,,0,0,boundary
224,-1.25,8.25,,1000,0,0,,0,0,,0,0,boundary
225,-1.25,8.75,,1000,0,0,,0,0,,0,0,boundary
226,-1.25,9.25,,1000,0,0,,0,0,,0,0,boundary
227,-1.25,9.75,,1000,0,0,,0,0,,0,0,boundary
228,25.25,0.25,,1007.92,0,63678.2,,0,0,,0,0,boundary
229,25.25,0.75,,1007.15,0,57341.5,,0,0,,0,0,boundary
230,25.25,1.25,,1006.27,0,50101.6,,0,0,,0,0,boundary
231,25.25,1.75,,1005.46,0,43528.1,,0,0,,0,0,boundary
232,25.25,2.25,,1004.86,0,38677,,0,0,,0,0,boundary
233,25.25,2.75,,1004.32,0,34318,,0,0,,0,0,boundary
234,25.25,3.25,,1003.52,0,27895,,0,0,,0,0,boundary
235,25.25,3.75,,1002.67,0,21151.5,,0,0,,0,0,boundary
236,25.25,4.25,,1002.24,0,17659,,0,0,,0,0,boundary
237,25.25,4.75,,1001.58,0,12464.8,,0,0,,0,0,boundary
238,25.25,5.25,,1000.49,0,3868.34,,0,0,,0,0,boundary
239,25.25,5.75,,998.291,0,-13343.5,,0,0,,0,0,boundary
240,25.25,6.25,,999.768,0,-1817.32,,0,0,,0,0,boundary
241,25.25,6.75,,999.554,0,-3492.88,,0,0,,0,0,boundary
242,25.25,7.25,,999.4,0,-4704.23,,0,0,,0,0,boundary
243,25.25,7.75,,1000,0,0,,0,0,,0,0,boundary
244,25.25,8.25,,1000,0,0,,0,0,,0,0,boundary
245,25.25,8.75,,1000,0,0,,0,0,,0,0,boundary
246,25.25,9.25,,1000,0,0,,0,0,,0,0,boundary
247,25.25,9.75,,1000,0,0,,0,0,,0,0,boundary
248,25.75,0.25,,1007.87,0,63219.8,,0,0,,0,0,boundary
249,25.75,0.75,,1007.14,0,57228.5,,0,0,,0,0,boundary
250,25.75,1.25,,1006.33,0,50592.4,,0,0,,0,0,boundary
251,25.75,1.75,,1005.51,0,44003.6,,0,0,,0,0,boundary
252,25.75,2.25,,1004.86,0,38695.6,,0,0,,0,0,boundary
253,25.75,2.75,,1004.24,0,33694.2,,0,0,,0,0,boundary
254,25.75,3.25,,1003.45,0,27381.6,,0,0,,0,0,boundary
255,25.75,3.75,,1002.87,0,22725.9,,0,0,,0,0,boundary
256,25.75,4.25,,1003.2,0,25377.6,,0,0,,0,0,boundary
257,25.75,4.75,,1003.38,0,26811.4,,0,0,,0,0,boundary
258,25.75,5.25,,1002.28,0,17988.7,,0,0,,0,0,boundary
259,25.75,5.75,,999.379,0,-4863.28,,0,0,,0,0,boundary
260,25.75,6.25,,999.931,0,-542.742,,0,0,,0,0,boundary
261,25.75,6.75,,999.773,0,-1780.35,,0,0,,0,0,boundary
262,25.75,7.25,,999.793,0,-1623.54,,0,0,,0,0,boundary
263,25.75,7.75,,1000,0,0,,0,0,,0,0,boundary
264,25.75,8.25,,1000,0,0,,0,0,,0,0,boundary
265,25.75,8.75,,1000,0,0,,0,0,,0,0,boundary
266,25.75,9.25,,1000,0,0,,0,0,,0,0,boundary
267,25.75,9.75,,1000,0,0,,0,0,,0,0,boundary
268,26.25,0.25,,1007.74,0,62150.6,,0,0,,0,0,boundary
269,26.25,0.75,,1007.02,0,56255.4,,0,0,,0,0,boundary
270,26.25,1.25,,1006.3,0,50366,,0,0,,0,0,boundary
271,26.25,1.75,,1005.58,0,44570.9,,0,0,,0,0,boundary
272,26.25,2.25,,1004.88,0,38829.9,,0,0,,0,0,boundary
273,26.25,2.75,,1004.13,0,32802.1,,0,0,,0,0,boundary
274,26.25,3.25,,1003.44,0,27277.2,,0,0,,0,0,boundary
275,26.25,3.75,,1003.49,0,27671.4,,0,0,,0,0,boundary
276,26.25,4.25,,1004.35,0,34618.2,,0,0,,0,0,boundary
277,26.25,4.75,,1004.44,0,35336.6,,0,0,,0,0,boundary
278,26.25,5.25,,1003.37,0,26678.7,,0,0,,0,0,boundary
279,26.25,5.75,,1001.2,0,9451.37,,0,0,,0,0,boundary
280,26.25,6.25,,999.987,0,-104.153,,0,0,,0,0,boundary
281,26.25,6.75,,999.895,0,-822.222,,0,0,,0,0,boundary
282,26.25,7.25,,1000.02,0,144.895,,0,0,,0,0,boundary
283,26.25,7.75,,1000,0,0,,0,0,,0,0,boundary
284,26.25,8.25,,1000,0,0,,0,0,,0,0,boundary
285,26.25,8.75,,1000,0,0,,0,0,,0,0,boundary
286,26.25,9.25,,1000,0,0,,0,0,,0,0,boundary
287,26.25,9.75,,1000,0,0,,0,0,,0,0,boundary
288,0.220047,1.38456,,1003.33,7.37165,26375,,0.110945,0.269033,,0.0584774,11.0401,fluid
289,0.653066,0.885965,,1004.04,8.34543,32119.1,,-0.283003,0.175724,,0.398732,10.5974,fluid
290,0.304275,2.04178,,1002.71,7.03377,21431.9,,-0.0703201,0.121199,,0.0531786,11.2151,fluid
291,0.671763,0.245694,,1004.7,8.11574,37422.7,,-0.0847301,-0.0140414,,0.382105,10.557,fluid
292,0.232151,0.795216,,1004.24,9.8206,33721.1,,-0.15154,0.105627,,0.51996,10.6013,fluid
293,0.566979,1.48247,,1003.09,5.85516,24468,,-0.00304792,0.267104,,0.411754,10.9872,fluid
294,1.51777,2.09873,,1002.68,7.55307,21183.6,,0.300712,0.00176331,,0.547748,11.8457,fluid
295,0.992207,1.59394,,1002.88,5.64519,22774.4,,0.0536061,0.161271,,0.0805842,10.7962,fluid
296,0.761678,2.05423,,1002.45,7.52227,19364.1,,0.122052,0.210625,,0.235016,11.5377,fluid
297,3.43116,1.78338,,1002.96,4.93915,23446.5,,0.238205,-0.0280801,,0.2543,11.4024,fluid
298,0.393221,2.49219,,1002.92,5.11769,23109.5,,-0.0416213,0.339537,,0.444962,11.6709,fluid
299,1.18617,2.35901,,1002.92,8.27196,23098.2,,0.128127,-0.00204139,,0.101471,11.5392,fluid
300,2.05057,2.15825,,1002.58,7.51474,20416.3,,0.338316,-0.00344945,,-0.107128,11.4282,fluid
301,1.13155,2.82228,,1001.57,-0.59038,12353.3,,0.39184,0.0464954,,-0.010357,11.1617,fluid
302,1.93302,2.69453,,1002.57,3.8086,20308,,0.711782,0.000228757,,-0.318035,10.8928,fluid
303,2.46469,2.60332,,1002.52,5.00895,19918.7,,0.876112,-0.0518494,,0.632788,10.8573,fluid
304,0.210761,0.228399,,1004.74,9.61532,37720.3,,0.0376637,0.0340188,,0.444868,10.8959,fluid
305,1.05216,0.412781,,1004.5,8.01338,35796.3,,-0.130386,0.20418,,0.330482,10.6529,fluid
306,1.50875,1.12799,,1003.65,7.05619,28967.5,,-0.194924,0.171973,,0.340538,10.5906,fluid
307,2.0707,0.192092,,1004.74,6.93751,37751.8,,-0.359201,-0.0106934,,0.279748,10.5435,fluid
308,1.58616,0.629135,,1004.2,9.52094,33417.4,,-0.389047,0.0893368,,0.742635,10.5616,fluid
309,1.06789,0.947908,,1003.98,8.06394,31577,,-0.236091,0.0715977,,0.440641,10.8897,fluid
310,2.28705,0.553487,,1004.3,6.97848,34165.8,,-0.419215,0.123745,,-0.048035,10.7079,fluid
311,2.38203,1.94071,,1002.56,5.3779,20281.4,,0.327079,0.0408239,,0.637895,11.2653,fluid
312,1.40378,1.63512,,1002.91,4.95618,23004.6,,0.0170231,0.0858243,,0.381806,10.9309,fluid
313,1.89441,1.60061,,1002.79,4.01338,22086.6,,0.0716938,0.171648,,0.257302,10.8342,fluid
314,3.17023,1.29947,,1003.61,6.12749,28624.4,,-0.184811,-0.127695,,-0.174344,10.8183,fluid
315,3.5581,2.26312,,1002.51,4.26105,19829.9,,0.507504,-0.159254,,0.179273,11.1486,fluid
316,4.73441,2.37736,,1002.44,3.10963,19323.5,,0.745033,-0.151665,,-0.282966,12.76,fluid
317,4.15494,2.17826,,1002.52,4.18669,19917.7,,0.605633,-0.142979,,-0.444374,11.0049,fluid
318,3.18873,2.54758,,1002.32,4.11768,18364,,0.923304,-0.186852,,-0.067047,11.8362,fluid
319,2.97903,3.42663,,1000.68,1.08721,5376.25,,1.0511,-0.219504,,0.397246,11.9207,fluid
320,1.46283,0.163528,,1004.85,7.77428,38594.8,,-0.186322,-0.014726,,0.532118,10.7665,fluid
321,4.20155,0.255901,,1004.44,5.16558,35276.4,,-0.164353,0.198289,,-0.197219,9.64134,fluid
322,5.51613,0.157568,,1004.85,3.31058,38621,,0.307937,-0.0389449,,0.199568,10.4129,fluid
323,1.97221,0.942146,,1003.79,8.04173,30078.7,,-0.229289,0.129152,,0.394016,10.4472,fluid
324,2.65214,1.19752,,1003.53,6.4036,27996.4,,-0.129809,0.0280622,,0.520981,10.383,fluid
325,2.73761,0.188396,,1004.66,6.1264,37105,,-0.443489,0.17805,,0.682556,10.1488,fluid
326,2.84944,1.72276,,1003,4.63578,23739.9,,0.115905,-0.0307134,,0.200987,11.3872,fluid
327,3.55643,1.15603,,1003.82,5.4112,30288.9,,-0.266874,-0.0644901,,0.129182,10.8699,fluid
328,3.77081,0.77285,,1003.88,5.67578,30781.9,,-0.326364,0.0839533,,-0.143138,10.1011,fluid
329,2.26872,1.34165,,1003.37,4.70502,26734.3,,-0.101836,0.0523662,,0.296209,10.642,fluid
330,5.27447,2.28921,,1002.32,3.32632,18313,,0.233049,-0.186119,,-0.29446,11.594,fluid
331,3.98461,1.7695,,1002.89,4.75601,22898,,0.149115,-0.169893,,-0.0742555,11.1455,fluid
332,4.2922,3.1955,,1001.02,1.71932,8052.81,,0.925284,-0.0332509,,-0.591934,12.192,fluid
333,5.31132,2.98409,,1002,2.16634,15820,,0.853739,0.24849,,-0.80116,11.4295,fluid
334,3.74827,3.04736,,1001.29,2.82215,10159.3,,0.931287,-0.210564,,-0.373258,11.8869,fluid
335,5.48105,3.43581,,1000.65,-0.600071,5101.93,,0.725705,0.474495,,-0.349611,11.3916,fluid
336,6.8371,0.241793,,1004.6,1.64345,36594.4,,0.657503,0.155812,,-0.798525,10.0784,fluid
337,7.30276,0.257529,,1004.73,0.839282,37656,,0.442131,0.0384965,,-0.610311,9.88472,fluid
338,7.63531,0.636948,,1004.3,0.715061,34151.7,,0.343718,0.121846,,-1.09573,10.9104,fluid
339,4.75313,0.130793,,1004.71,3.64464,37474.6,,-0.0418527,-0.0512781,,-0.161329,10.2996,fluid
340,7.84328,1.18771,,1003.72,-0.895252,29490.8,,0.135048,0.368584,,-1.71749,10.792,fluid
341,3.33944,0.186717,,1004.89,6.04381,38921.8,,-0.305256,-0.229718,,-0.772279,11.0684,fluid
342,8.06291,0.722342,,1004.32,0.32009,34351.9,,0.20676,0.143513,,-0.699661,9.96443,fluid
343,3.13156,0.727507,,1003.96,8.50763,31471.3,,-0.336549,-0.183806,,0.572786,10.3663,fluid
344,7.20888,1.03698,,1003.82,0.50904,30345.1,,0.239071,0.14869,,0.252189,10.7438,fluid
345,4.53717,1.4227,,1003.18,5.17647,25187.2,,-0.22051,-0.396623,,-0.542674,10.9309,fluid
346,4.70919,2.09263,,1003.02,4.22172,23939.1,,0.334168,-0.254062,,-0.601362,10.8659,fluid
347,4.934,1.66583,,1002.88,3.23837,22797.8,,-0.00285484,-0.146129,,-0.149968,10.7463,fluid
348,1.73221,3.36005,,1000.61,0.643055,4781.45,,0.773087,-0.536082,,-0.029013,11.9639,fluid
349,2.75564,3.3161,,1000.67,0.629983,5261.64,,0.787949,-0.183013,,0.106215,11.7063,fluid
350,0.611984,3.29219,,1000.75,0.528181,5937.32,,0.182714,-0.485728,,-0.111871,12.3013,fluid
351,2.67316,3.05559,,1000.81,1.61695,6369.03,,0.775769,0.00167999,,0.268813,11.0429,fluid
352,8.84018,0.298099,,1005.03,-3.20429,40045.3,,-0.121073,0.0801819,,-0.956108,10.4959,fluid
353,8.41067,0.20958,,1004.87,-2.02955,38784.6,,0.195045,0.208367,,-1.20131,11.0292,fluid
354,6.98784,0.730961,,1004.21,1.04026,33461.7,,0.423374,0.14796,,-1.2584,10.3988,fluid
355,7.84793,0.140085,,1004.75,-0.242643,37805,,0.425555,0.0818476,,-0.803248,10.4586,fluid
356,6.50637,1.23148,,1003.73,2.81956,29601.8,,0.0701834,-0.0437267,,-0.614803,10.3358,fluid
357,6.30708,0.157485,,1004.79,1.71659,38104.7,,0.552949,-0.102823,,-0.172812,10.4942,fluid
358,11.2864,0.225644,,1005.9,-6.79372,47111.8,,-0.0908819,0.00637862,,-2.16301,10.1605,fluid
359,3.70245,0.301015,,1004.55,5.68249,36210.9,,-0.306833,-0.3094,,0.971945,10.4767,fluid
360,2.68737,0.67292,,1004.22,7.40946,33515.5,,-0.335327,-0.0721922,,0.926656,11.0093,fluid
361,6.43718,2.30669,,1002.17,1.99754,17180.4,,-0.220495,-0.296766,,-0.940873,10.8731,fluid
362,4.05577,1.3203,,1003.68,5.78119,29227,,-0.265525,-0.340527,,0.311945,11.2164,fluid
363,5.38955,0.948701,,1004.02,4.57305,31970.7,,0.0427761,-0.31201,,-0.186954,9.97784,fluid
364,7.40874,3.22023,,1000.65,-0.91626,5112.35,,0.719673,0.115708,,-0.203828,11.2862,fluid
365,1.41884,3.34757,,1000.64,1.92787,5019.28,,0.569074,-0.635928,,-0.166222,12.0257,fluid
366,6.33973,3.28752,,1001.15,1.55082,9041.26,,0.570608,0.115762,,0.0109206,11.6548,fluid
367,16.172,4.38403,,1001.16,-5.85563,9166.45,,-0.583672,1.55287,,-4.53487,12.7772,fluid
368,12.9239,1.16612,,1005.57,-10.4318,44467.2,,-0.70275,0.659513,,-2.05358,11.0833,fluid
369,14.5284,2.24315,,1003.21,-7.08324,25473.7,,-0.743942,0.790112,,-1.88583,12.0819,fluid
370,8.39945,0.907278,,1004.18,-0.439425,33205.3,,0.10852,0.418763,,-0.356431,10.4466,fluid
371,9.90988,0.177749,,1005.58,-5.10455,44496.3,,-0.0682998,0.267481,,-2.54513,12.117,fluid
372,14.0863,1.65752,,1004.09,-9.81771,32530.5,,-1.03175,0.757316,,-2.54865,11.3847,fluid
373,13.4757,1.53761,,1004.12,-9.3178,32749.9,,-0.952787,0.935303,,-0.792715,12.066,fluid
374,13.4836,0.868746,,1004.83,-10.3731,38479.2,,-1.07193,0.810244,,-2.50002,10.6568,fluid
375,8.63867,3.13807,,1001.13,-0.676535,8925.22,,0.472065,0.347012,,-0.545325,12.7953,fluid
376,5.97432,0.448505,,1004.46,3.4334,35450.8,,0.436815,-0.234635,,-0.902526,10.5982,fluid
377,6.05945,2.54429,,1002.09,1.41881,16536.1,,-0.321518,-0.168123,,0.238174,11.4314,fluid
378,10.5719,3.05979,,1001.84,0.117919,14485.5,,0.146802,0.312221,,-1.34054,11.5183,fluid
379,5.22211,1.33968,,1003.62,2.99139,28722.2,,0.0608217,-0.595731,,-0.341716,11.1449,fluid
380,5.69693,2.52153,,1001.67,1.39781,13193.5,,0.381316,0.336647,,-0.597434,11.0728,fluid
381,3.80731,3.23386,,1000.77,0.535259,6085.97,,0.941302,-0.115205,,-0.190585,12.3499,fluid
382,5.83871,3.36663,,1000.81,-0.00241945,6403.1,,0.521621,0.414789,,-0.18768,11.3499,fluid
383,11.1789,3.64062,,1000.49,-3.86759,3850.09,,-0.270626,0.984785,,-1.51931,13.0209,fluid
384,15.935,3.31198,,1001.48,-4.33353,11657,,-0.343345,0.801192,,-2.74807,12.2073,fluid
385,14.2571,1.15389,,1004.77,-8.85487,37942.8,,-1.34785,0.434928,,-1.87182,11.2736,fluid
386,13.5908,0.253759,,1005.64,-9.4245,45053.8,,-1.09043,0.233763,,-2.10185,9.83444,fluid
387,17.2233,3.06061,,1003.25,-7.40583,25763.7,,-1.00702,0.475289,,-2.05021,10.583,fluid
388,14.4557,0.795477,,1005.32,-7.95948,42430.7,,-1.50511,0.0232748,,-2.20398,10.1072,fluid
389,16.3675,3.04934,,1003.18,-7.91097,25174.1,,-0.709707,0.880296,,-2.93546,11.3062,fluid
390,15.0817,2.20033,,1003.75,-7.50838,29736.3,,-1.30279,0.552625,,-2.15573,12.078,fluid
391,12.2511,1.01648,,1005.8,-9.51493,46344.5,,-0.218844,0.494113,,-2.74671,11.4741,fluid
392,13.7691,1.19235,,1004.56,-8.79561,36288.2,,-1.0767,0.719874,,-1.48859,11.151,fluid
393,14.4811,1.82157,,1003.81,-8.92462,30269.1,,-1.3629,0.506838,,-1.61325,11.4417,fluid
394,7.95369,3.04238,,1001.49,-0.275531,11753.9,,0.193103,0.288086,,-0.643919,12.1589,fluid
395,4.73734,0.975926,,1003.73,5.09427,29582.6,,-0.059056,-0.0550964,,-0.0478859,10.5148,fluid
396,5.56501,1.9185,,1002.89,4.46621,22901.5,,-0.211192,-0.522578,,-0.451855,10.8507,fluid
397,10.9365,3.20198,,1001.84,0.455059,14533.2,,0.146683,0.710415,,-0.844707,13.5453,fluid
398,5.04774,3.39969,,1000.74,0.0829531,5831.19,,0.670772,0.355826,,-0.412838,11.6791,fluid
399,2.27843,3.44247,,1000.6,-0.154239,4708.27,,0.923045,-0.325814,,-0.219827,11.6586,fluid
400,13.9086,0.596001,,1005.26,-9.40038,41956.7,,-1.24166,0.284076,,-1.46498,11.0251,fluid
401,12.4435,-35.1984,,971.109,0,-208004,,0.0507704,-25.2335,,0,0,fluid
402,10.705,2.38101,,1002.23,-2.0074,17647.6,,-0.613776,0.180431,,-1.21597,12.5224,fluid
403,16.0977,2.29342,,1003.67,-7.15795,29133,,-1.2418,0.17912,,-1.98,11.3675,fluid
404,11.4892,2.17298,,1003.02,-1.7738,23921.8,,-1.05751,-0.199356,,-0.723108,12.1492,fluid
405,8.91919,1.28971,,1004.39,-1.93034,34902.4,,-0.57829,0.345729,,-1.73008,11.5841,fluid
406,14.9819,0.644217,,1005.62,-10.3868,44866.2,,-1.68758,0.262395,,-2.03419,10.5361,fluid
407,12.4553,3.39371,,1001.32,-1.69791,10429.6,,-0.790542,0.415676,,-0.770451,12.9813,fluid
408,14.1535,0.200234,,1005.69,-10.9213,45436.5,,-1.5787,0.144577,,-1.61396,10.7458,fluid
409,15.8085,2.80217,,1003.19,-6.62543,25284.9,,-0.631565,0.52886,,-2.03545,11.6929,fluid
410,12.5066,3.62373,,1000.68,-1.43931,5338.59,,-0.280494,0.506698,,-0.52716,13.0298,fluid
411,7.32548,2.20091,,1003.19,2.36526,25254.5,,-0.549128,0.374761,,-0.051368,10.74,fluid
412,9.38028,3.39726,,1000.63,-1.49052,4958.15,,0.498452,0.64578,,-0.730018,12.6369,fluid
413,14.007,3.73545,,1000.86,-3.51467,6769.19,,-0.177305,0.741478,,-2.0675,13.7218,fluid
414,11.6155,3.53892,,1000.74,-4.9208,5856.98,,-0.277004,1.06513,,-1.10563,12.9123,fluid
415,4.05188,2.61019,,1001.66,2.84909,13100,,1.02422,-0.240887,,-0.244162,11.1825,fluid
416,14.8875,1.12749,,1004.97,-10.382,39588.1,,-1.61025,0.362483,,-1.92911,10.8218,fluid
417,11.9846,2.64508,,1002.28,-5.33304,18002.1,,-1.05148,0.423517,,-1.71763,12.6841,fluid
418,14.8127,1.53555,,1004.31,-9.37611,34268,,-1.3305,0.338266,,-1.83906,11.7091,fluid
419,17.3334,2.40146,,1003.43,-2.72858,27212.7,,-1.36288,-0.104557,,-2.53915,12.384,fluid
420,16.8044,2.28237,,1003.6,-4.82514,28586,,-1.32238,-0.212464,,-2.40684,11.718,fluid
421,16.5028,2.56913,,1003.15,-7.94638,24920.8,,-1.26255,0.246527,,-2.33652,10.708,fluid
422,16.9649,3.02399,,1003.47,-9.14853,27487.9,,-1.33305,0.199801,,-3.46112,11.0983,fluid
423,15.6316,3.92991,,1001.67,-0.491736,13141.7,,0.0266758,0.835137,,-2.07469,11.4338,fluid
424,10.6293,1.66105,,1004.03,-3.70967,31979.2,,-0.321029,-0.0772858,,-1.31736,10.8397,fluid
425,9.05025,3.14908,,1001.06,-0.33354,8311.96,,0.410686,0.403769,,-0.848166,12.1957,fluid
426,17.578,3.16861,,1002.96,-7.61767,23443.1,,-1.16967,0.421385,,-1.31011,9.68722,fluid
427,9.77729,3.27007,,1000.8,-2.76099,6323.85,,0.405699,0.784695,,-1.12873,12.8403,fluid
428,3.4126,3.25658,,1000.88,1.64574,6916.24,,0.993252,-0.170542,,-0.435624,12.4034,fluid
429,11.6579,2.65042,,1001.87,-1.61501,14720.6,,-0.850935,0.157624,,-2.47898,12.2037,fluid
430,16.6926,4.59911,,1000.66,-4.6725,5207.04,,-1.4933,1.39163,,-2.04016,11.8359,fluid
431,6.85199,3.66279,,1000.72,0.163191,5641.92,,0.712346,-0.0459891,,-0.03807,11.59,fluid
432,15.6041,2.34215,,1003.5,-8.98181,27728,,-1.15911,0.451786,,-2.12994,11.6549,fluid
433,14.6201,0.242385,,1005.87,-10.9316,46877.2,,-1.4327,-0.00252105,,-1.70291,10.9519,fluid
434,15.6985,1.76522,,1004.35,-9.09735,34551.4,,-1.7143,0.229115,,-2.19848,11.3914,fluid
435,19.5061,3.85356,,1003.56,-2.72521,28252.7,,-1.62665,0.234745,,-0.897824,15.8,fluid
436,18.4437,3.11502,,1002.22,-10.7064,17538.9,,-1.30662,-0.111181,,-1.27202,9.597,fluid
437,17.9559,3.47798,,1002.52,-4.00672,19940.1,,-1.2221,1.14452,,-1.90159,11.5494,fluid
438,9.6359,1.5784,,1003.79,-3.94273,30072.2,,-0.517315,0.0585772,,-0.991001,11.1419,fluid
439,17.0401,4.41833,,1001.6,-2.4361,12618.7,,-1.45283,1.0219,,-1.82494,10.7042,fluid
440,18.1067,2.92792,,1002.36,-2.85701,18648.1,,-1.25772,-0.410915,,-1.84198,9.83234,fluid
441,11.9883,1.93658,,1003.7,-5.95593,29382,,-0.761724,0.251296,,-2.34663,11.8611,fluid
442,7.45526,1.56276,,1003.59,0.805127,28455,,-0.343534,0.282734,,-0.348393,10.8666,fluid
443,8.64636,2.6789,,1001.51,-1.07336,11913.8,,0.40079,0.213466,,-0.875742,11.5109,fluid
444,8.155,3.04458,,1001.46,0.539302,11493.6,,0.537289,0.277466,,-0.092915,12.2977,fluid
445,0.620379,3.17067,,1000.88,4.17539,6945.73,,0.0689711,-0.467141,,-0.179995,11.9847,fluid
446,0.198038,3.03694,,1000.82,1.99388,6482.9,,-0.409738,0.280125,,0.2893,11.2959,fluid
447,1.03973,3.28598,,1000.66,2.6138,5189.11,,0.309919,-0.62888,,0.0304687,12.238,fluid
448,15.288,1.8089,,1004.05,-8.45673,32153.8,,-1.40846,0.57601,,-2.53725,10.9523,fluid
449,15.7387,1.05367,,1005.08,-9.86931,40494,,-1.63043,0.062236,,-1.93056,10.9999,fluid
450,16.4665,1.83286,,1004.41,-9.18204,35067.8,,-1.73003,0.22174,,-2.18704,12.1877,fluid
451,17.5764,2.18501,,1004.08,-8.71231,32415.7,,-1.59243,0.320879,,-2.20449,12.0123,fluid
452,16.043,1.65842,,1004.51,-9.34578,35836.8,,-1.73648,0.339266,,-1.87308,11.2279,fluid
453,18.0966,4.20749,,1002.5,-2.6777,19803.1,,-1.43193,-0.0915383,,-2.44415,10.6795,fluid
454,18.4069,3.66745,,1002.62,-6.00463,20695.1,,-1.66591,1.05817,,-2.11892,10.9182,fluid
455,5.78793,1.30038,,1003.93,3.2178,31222.6,,-0.00595765,-0.556225,,0.322631,11.6759,fluid
456,9.23214,2.40027,,1002.64,-1.37671,20875,,0.290413,0.327695,,-0.243945,12.2786,fluid
457,7.97851,2.30428,,1002.42,0.898962,19149.6,,-0.21948,0.297949,,-0.530342,11.9595,fluid
458,19.0909,3.70194,,1002.64,-5.24629,20918.5,,-1.60383,0.465448,,-1.54635,12.566,fluid
459,16.7469,3.57457,,1001.17,-3.85647,9219.75,,-0.461967,0.244758,,-2.57798,12.29,fluid
460,14.9332,3.93007,,1000.93,-2.7467,7317.99,,-0.0909159,0.848886,,-3.79683,12.9615,fluid
461,6.81492,3.24749,,1001.13,1.17266,8912.82,,0.412428,-0.0925867,,-0.613072,11.6819,fluid
462,4.70276,3.02275,,1001.55,4.10455,12203.8,,0.860399,0.00891898,,-0.509662,11.5837,fluid
463,7.48859,3.57376,,1000.71,0.0418309,5573.97,,1.2823,0.07596,,0.175475,12.2564,fluid
464,17.0099,1.92668,,1004.34,-9.62638,34535.8,,-1.59329,0.217741,,-1.932,11.0379,fluid
465,15.4816,0.609,,1005.77,-10.943,46096.3,,-1.78516,0.148512,,-1.73704,10.6698,fluid
466,17.3714,1.55607,,1004.92,-10.5491,39149.5,,-1.67514,-0.149573,,-1.77354,10.8165,fluid
467,18.8043,2.7919,,1003.49,-0.190642,27690.2,,-1.76969,-0.145335,,-1.29582,12.5586,fluid
468,17.8003,1.83147,,1004.58,-11.6135,36475.1,,-1.6237,0.000339956,,-2.1362,9.53864,fluid
469,18.0001,2.4169,,1004.03,-4.61147,32010.9,,-1.79945,0.580778,,-2.12134,12.8052,fluid
470,17.8289,4.51615,,1001.14,-4.11502,8953.79,,-1.47153,0.880438,,-1.9103,11.78,fluid
471,17.0959,3.72984,,1001.49,1.53241,11776.5,,-0.290891,0.288276,,-2.78522,11.7515,fluid
472,17.6614,4.64029,,1000.65,-3.05854,5137.05,,-1.43005,1.01932,,-1.69619,11.8087,fluid
473,15.8835,4.26851,,1001.1,-4.69657,8685.49,,-0.805973,1.2538,,-4.12754,12.5408,fluid
474,12.8382,0.247891,,1006.31,-10.5648,50489.4,,-0.721192,0.0689371,,-2.9486,10.8771,fluid
475,9.168,1.50914,,1003.99,-2.24806,31676.9,,-0.440895,0.479049,,-0.84022,12.0056,fluid
476,14.4876,2.74743,,1003.02,-5.66713,23941.5,,-0.427026,0.955063,,-2.04878,11.8788,fluid
477,14.498,3.17118,,1002.32,-7.06445,18340.1,,-0.357619,0.87819,,-1.86489,11.9128,fluid
478,13.8777,2.86717,,1003.09,-7.52755,24478.1,,-0.833083,1.01589,,-1.98448,12.3556,fluid
479,8.97295,3.62816,,1000.72,-0.278112,5667.03,,0.676417,0.529761,,-0.852632,12.8509,fluid
480,15.3549,1.20665,,1004.78,-9.98862,38026,,-1.67368,0.128597,,-1.7677,11.5555,fluid
481,16.2118,1.15002,,1005.18,-9.88201,41281.3,,-1.7344,0.133376,,-2.32022,10.9347,fluid
482,16.6734,1.44137,,1004.91,-10.9602,39127,,-1.86067,0.0459553,,-1.85404,10.6629,fluid
483,18.1962,1.92248,,1004.56,-11.352,36265.9,,-1.67943,0.183723,,-1.14857,10.5214,fluid
484,17.7753,1.19709,,1005.59,-8.23434,44624.1,,-1.90655,0.111724,,-1.39121,11.7905,fluid
485,18.9048,2.25482,,1004.46,-9.8292,35446.8,,-1.63458,0.311858,,-1.54353,10.3086,fluid
486,18.7019,3.57607,,1002.32,-6.72798,18309.6,,-1.81857,0.701498,,-0.881037,9.83205,fluid
487,19.8569,2.60759,,1004.47,-4.58148,35591.4,,-1.78332,-0.178382,,-1.78379,13.0555,fluid
488,18.5087,2.37689,,1004.59,-5.25706,36547.8,,-1.73508,0.335572,,-3.0407,11.9448,fluid
489,9.23952,0.319933,,1005.39,-1.38305,43028.4,,0.225877,-0.330321,,0.485451,9.58841,fluid
490,5.32216,0.515622,,1004.52,5.38278,35948.4,,-0.0256868,-0.514491,,-0.246981,10.8855,fluid
491,12.6326,0.70242,,1006.25,-8.10644,49951.7,,-0.403271,0.645296,,-2.01841,10.8087,fluid
492,15.0217,2.69955,,1003.33,-7.44134,26387,,-0.660225,0.918812,,-2.36599,11.7875,fluid
493,11.9289,0.611915,,1005.99,-8.60721,47874.8,,-0.217896,0.207027,,-1.27063,10.7252,fluid
494,6.65474,2.46261,,1001.97,0.560011,15531.3,,-0.465744,0.0931144,,0.0803894,11.7542,fluid
495,12.503,1.74316,,1004.56,-8.66148,36246.7,,-0.690862,0.859524,,-0.788151,12.4406,fluid
496,15.1706,0.176291,,1006.06,-10.4541,48403.8,,-1.58976,0.057686,,-1.12431,10.3963,fluid
497,15.789,0.247293,,1006.17,-10.4179,49290.3,,-1.74646,0.0807434,,-2.06893,9.56549,fluid
498,16.0988,0.592398,,1005.91,-10.3842,47249.7,,-1.84215,-0.0290489,,-1.9176,10.7582,fluid
499,19.5627,2.14966,,1004.53,-10.524,36066.9,,-1.60736,-0.123221,,-1.44195,10.0346,fluid
500,17.3513,0.82774,,1005.98,-10.1385,47797.9,,-1.93134,-0.0503972,,-2.01958,10.6215,fluid
501,20.6563,2.69819,,1004.43,-5.06477,35212.5,,-1.69184,-0.25406,,-1.38528,12.3976,fluid
502,19.2364,2.49457,,1004.44,-6.12451,35330.1,,-1.55165,0.127157,,-1.04381,12.6573,fluid
503,20.0323,2.17619,,1004.51,-10.397,35867.1,,-1.63738,-0.349923,,-1.19036,9.56173,fluid
504,19.2038,3.31191,,1002.18,-10.6388,17200.6,,-1.7455,-0.0717673,,-1.62342,8.71954,fluid
505,5.91544,1.88355,,1002.77,3.34744,21946.4,,-0.299178,-0.371254,,0.716512,10.7128,fluid
506,16.3918,4.24704,,1002.37,-0.56297,18755.5,,-0.576182,1.33621,,-3.75437,11.6209,fluid
507,8.89279,0.858789,,1004.21,-1.94097,33455.8,,-0.0391314,0.459967,,-1.57271,10.1698,fluid
508,8.43953,1.84489,,1003.58,-2.30972,28403.3,,-0.402367,0.617913,,-0.219082,10.7986,fluid
509,16.3419,3.35104,,1002.32,-4.80978,18374.2,,-0.455219,0.387765,,-2.84224,13.907,fluid
510,6.92565,1.95173,,1003.17,0.68591,25130.2,,-0.170369,0.273404,,-0.41987,10.7779,fluid
511,10.9995,1.28168,,1004.89,-5.78417,38938.4,,-0.857471,0.0156906,,-2.54081,11.238,fluid
512,17.0728,1.18987,,1005.39,-10.3894,43019.8,,-1.77098,0.130129,,-2.13548,10.8104,fluid
513,16.8985,0.595148,,1006.03,-10.433,48165.4,,-1.8267,0.105453,,-1.98012,10.5937,fluid
514,16.5494,0.828591,,1005.69,-9.7513,45404.4,,-1.92632,0.159806,,-1.97265,10.7763,fluid
515,19.3242,0.763633,,1006.35,-11.0848,50755.5,,-1.85164,-0.0937457,,-1.38791,10.4405,fluid
516,17.8085,0.71726,,1006.13,-10.6391,49034,,-1.80412,0.066371,,-1.80191,10.1144,fluid
517,19.2976,1.78174,,1004.67,-8.9681,37147,,-1.83889,-0.288328,,-1.63087,9.9886,fluid
518,20.5697,2.08882,,1004.37,-9.62402,34735.6,,-1.60438,-0.487994,,-0.649804,9.75856,fluid
519,20.0257,1.66959,,1005.09,-7.51436,40584.2,,-1.6309,-0.305582,,-1.30398,11.514,fluid
520,20.0444,3.16296,,1002.82,-7.88802,22289,,-1.81241,-0.652294,,-1.25437,10.1702,fluid
521,19.6152,3.58219,,1002.52,-4.81003,19960.2,,-1.9782,0.305056,,-0.0984747,10.4835,fluid
522,17.6571,3.43141,,1002.69,-8.89929,21311.4,,-1.33516,1.06511,,-2.68715,13.3786,fluid
523,18.5367,4.80548,,1000.97,-4.14191,7662.91,,-1.59433,1.17579,,-2.48775,11.3399,fluid
524,5.99545,0.985684,,1004.11,4.1375,32619.6,,0.0418602,-0.397466,,0.318474,10.472,fluid
525,10.6656,0.363332,,1005.24,-6.22302,41798.6,,0.126928,0.042244,,-1.10174,8.43847,fluid
526,13.3119,3.23615,,1001.19,-5.48329,9408.4,,-0.748228,0.956876,,-1.63708,12.534,fluid
527,12.9945,2.79235,,1002.9,-6.09763,22968.4,,-1.19713,0.781875,,-1.58448,12.9219,fluid
528,16.3716,0.188114,,1006.55,-11.8094,52456.3,,-1.6152,0.0440162,,-1.63074,10.9946,fluid
529,16.9918,0.184558,,1006.65,-11.4374,53242.7,,-1.91022,-0.0959974,,-1.36384,10.7288,fluid
530,17.5261,0.279657,,1006.59,-11.8758,52761.9,,-1.79903,0.233809,,-1.70013,10.0069,fluid
531,20.3151,0.833878,,1006.47,-11.3551,51756,,-1.87736,-0.134319,,-0.506882,9.87747,fluid
532,19.1728,1.23939,,1006,-7.85362,47945.6,,-1.93398,0.114344,,-1.13369,11.5065,fluid
533,19.8255,0.749872,,1006.47,-12.5015,51779.2,,-1.91668,-0.138187,,-1.95118,9.95626,fluid
534,20.5396,1.51411,,1005.62,-7.45584,44848.7,,-1.70063,-0.406207,,-1.80945,11.7559,fluid
535,19.6079,1.36363,,1005.63,-7.90084,44912,,-1.99057,-0.162257,,-1.7637,11.3279,fluid
536,20.3424,2.52385,,1004.37,-6.52591,34733.2,,-1.6694,-0.0594581,,-1.26199,12.25,fluid
537,20.0566,3.8024,,1002.08,-2.75798,16444.8,,-2.24712,0.22777,,-1.18572,12.8434,fluid
538,19.4924,2.9615,,1002.69,-2.58139,21292.7,,-1.71133,-0.497615,,-1.32277,11.1233,fluid
539,20.5797,3.86646,,1001.96,-6.55355,15506.7,,-2.13959,-0.0105159,,-0.446446,11.2833,fluid
540,17.4181,4.49653,,1001.25,-3.74283,9874.24,,-1.33465,1.02882,,-1.66269,11.3004,fluid
541,11.1131,1.89604,,1003.81,-6.09166,30282.1,,-0.793968,-0.0703672,,-1.08534,11.0635,fluid
542,13.0893,1.54439,,1004.75,-12.59,37812.3,,-0.680456,0.941569,,-2.92522,12.6911,fluid
543,13.4023,2.58406,,1003.61,-8.48503,28603.8,,-0.462861,0.95108,,-1.55376,12.9382,fluid
544,18.2177,0.833398,,1006.17,-10.457,49357.1,,-1.73904,0.163019,,-1.54014,10.7892,fluid
545,18.2945,1.40628,,1005.31,-8.45599,42345.5,,-1.84111,0.0617794,,-2.56731,10.6306,fluid
546,19.3436,0.299311,,1007.04,-10.5566,56421.1,,-1.82584,-0.0569584,,-0.695135,10.2035,fluid
547,21.9028,1.18719,,1006.36,-11.0174,50906.1,,-1.26274,-0.386081,,-1.03926,9.38615,fluid
548,18.7335,1.7873,,1004.58,-10.8574,36411.8,,-1.74224,-0.219445,,-1.18107,10.035,fluid
549,21.8163,1.58663,,1005.71,-10.0521,45613.8,,-1.551,-0.482378,,-1.34005,11.3849,fluid
550,21.304,1.40318,,1005.95,-10.9834,47541.5,,-1.4048,-0.206357,,-1.14899,10.0503,fluid
551,21.3419,2.56644,,1003.98,-10.979,31640.5,,-1.43224,-0.529393,,-0.748117,11.0126,fluid
552,20.3084,3.41992,,1002.63,-12.117,20796,,-1.83706,-0.386589,,-0.831371,10.132,fluid
553,21.0571,2.87124,,1003.96,-6.06546,31475.6,,-1.80754,-0.543144,,-1.27353,12.3061,fluid
554,18.6529,4.18592,,1001.83,2.36887,14435.6,,-1.18687,-0.216362,,0.0533742,11.6311,fluid
555,21.0719,4.78782,,1001.31,-3.93924,10302.3,,-2.45449,-0.593801,,0.633613,12.2869,fluid
556,8.23822,1.44051,,1003.95,-2.83615,31346.2,,-0.497927,0.554672,,-0.299189,11.0279,fluid
557,12.1643,0.231018,,1006.44,-8.47148,51550,,-0.0187813,-0.0219695,,-1.80233,11.6761,fluid
558,10.1829,1.70876,,1003.39,-4.82898,26904.5,,-0.765891,-0.159539,,-1.26793,11.1842,fluid
559,10.1182,1.12421,,1004.92,-4.18183,39171.3,,-0.419625,0.0834706,,-0.808122,11.9127,fluid
560,18.4895,0.375364,,1006.66,-11.2796,53303.3,,-1.98566,-0.0464235,,-1.64397,9.84503,fluid
561,18.7601,0.823046,,1006.23,-12.0734,49785.8,,-2.03776,-0.179031,,-1.144,9.57436,fluid
562,20.297,0.274847,,1007.18,-11.3555,57553.8,,-1.61499,-0.0517383,,-0.769905,10.2413,fluid
563,22.329,1.52066,,1005.76,-10.7486,46011.6,,-1.03431,-0.526044,,-0.199383,9.77185,fluid
564,18.7118,1.24106,,1005.82,-9.78489,46512.6,,-1.80937,0.181004,,-1.74913,11.7863,fluid
565,22.6494,3.78799,,1002.9,-3.24867,22921.5,,-1.56916,-1.57069,,-0.401607,11.4717,fluid
566,22.6726,2.48257,,1004.54,-10.2923,36122.1,,-1.23697,-0.943005,,-1.36754,11.2551,fluid
567,20.0476,1.2074,,1006.02,-11.3679,48131.5,,-1.81375,-0.0131179,,-1.24735,11.0091,fluid
568,20.7434,3.36468,,1002.8,-4.70687,22160,,-1.9807,-0.744975,,-0.445844,10.8314,fluid
569,20.7725,1.16068,,1006.26,-9.06219,50049.4,,-1.61564,-0.345739,,-1.08727,10.1641,fluid
570,19.4807,4.46878,,1001.3,7.36579,10238.9,,-2.21255,-0.465841,,-0.638173,9.49899,fluid
571,21.6722,3.97484,,1002.7,-3.93355,21354.4,,-2.3815,-1.21889,,-0.521954,12.8864,fluid
572,18.3024,4.76071,,1000.73,-2.93753,5726.57,,-1.57247,1.02882,,-2.38398,11.5969,fluid
573,9.13963,2.10709,,1003.45,-0.969224,27354.1,,-0.282258,0.34324,,-1.08549,10.6996,fluid
574,14.5862,3.71247,,1001.24,-1.18736,9766.59,,-0.131895,0.673322,,-2.82732,13.2358,fluid
575,7.06445,2.95682,,1001.02,0.601041,8009.79,,-0.0340635,-0.0957144,,-0.758947,10.6287,fluid
576,18.0413,0.165876,,1006.95,-10.6207,55671.1,,-1.98959,-0.14636,,-1.11592,11.1685,fluid
577,18.9124,0.20882,,1007.01,-10.9159,56190.6,,-1.87872,0.00364591,,-1.55478,10.6256,fluid
578,23.2547,2.52947,,1004.51,-9.00199,35882.7,,-0.850375,-0.886588,,-0.596362,11.3056,fluid
579,21.236,0.910602,,1006.33,-12.0565,50666.8,,-1.66551,-0.130926,,-1.19855,11.3048,fluid
580,23.5676,1.76082,,1005.67,-9.83987,45261.1,,-0.674112,-0.683036,,-0.644044,11.5551,fluid
581,23.8488,3.18209,,1003.37,-6.44992,26713.4,,-0.72574,-1.52879,,0.306001,11.1957,fluid
582,22.6143,2.09352,,1004.92,-10.9432,39210.5,,-1.25063,-0.917924,,-0.789458,11.0901,fluid
583,22.4077,3.33364,,1003.04,-5.43263,24076.1,,-1.60052,-1.15338,,-1.05513,11.7253,fluid
584,21.5053,1.90034,,1005.13,-8.45889,40921.6,,-1.59838,-0.42406,,-1.22053,11.9061,fluid
585,22.2362,1.94555,,1005.32,-8.47989,42384.4,,-1.42089,-0.70941,,-1.82867,12.0279,fluid
586,21.1072,3.95577,,1002.32,-4.74778,18320.9,,-2.32239,-0.569305,,-1.4705,12.8645,fluid
587,21.8929,4.31066,,1002.07,-1.21575,16363.5,,-2.49394,-1.24041,,-1.15925,13.2153,fluid
588,19.1075,4.95515,,1000.78,-7.90748,6105.51,,-2.55357,1.23036,,-0.245177,10.1068,fluid
589,9.73777,2.05741,,1002.85,-2.34263,22598.1,,-0.356416,0.32532,,-1.17003,12.0287,fluid
590,10.3263,2.18466,,1002.62,-2.64372,20752.7,,-0.251838,0.0827184,,-1.04277,12.2885,fluid
591,7.43159,2.62259,,1002.37,-1.72408,18694.4,,-0.0331982,0.442054,,0.00916574,10.8672,fluid
592,21.7114,0.683631,,1007.05,-10.9077,56510.5,,-1.16075,-0.278692,,-0.514285,11.1234,fluid
593,20.7522,0.565265,,1006.93,-10.1559,55541.3,,-1.57718,-0.0762257,,-1.72352,10.8648,fluid
594,22.9143,2.9463,,1003.77,-9.42396,29900.5,,-1.25575,-1.32119,,-0.731764,11.4181,fluid
595,19.8559,0.22133,,1007.21,-11.0209,57831.4,,-1.87758,0.00728813,,-1.49725,10.6069,fluid
596,24.1909,2.15006,,1005.11,-11.4981,40697.8,,-0.129812,-0.712477,,-0.569875,11.2261,fluid
597,23.9739,1.5473,,1005.88,-11.9208,46932.1,,-0.393559,-0.529958,,-0.984948,10.1114,fluid
598,24.0249,2.50946,,1004.42,-8.04299,35142.7,,-0.613122,-1.11271,,-0.856025,11.5421,fluid
599,23.5504,2.24023,,1004.96,-6.84448,39523.3,,-0.91608,-0.976161,,0.177913,11.2761,fluid
600,23.1007,3.29745,,1003.31,-5.93896,26236.3,,-1.30465,-1.21036,,-1.51028,11.5897,fluid
601,21.2953,3.81829,,1002.29,-5.09712,18081.3,,-2.32767,-0.630705,,-1.1285,11.4117,fluid
602,21.8839,2.70327,,1004.14,-7.84168,32897.2,,-1.54984,-0.848428,,-0.278155,10.7025,fluid
603,20.4944,4.05214,,1002.69,-4.39251,21274.3,,-2.30072,-0.489326,,-1.55357,14.1882,fluid
604,9.99764,2.38734,,1002.1,-1.26983,16574,,0.202471,0.203079,,-1.48549,12.5568,fluid
605,13.4556,3.70054,,1001.05,-2.86911,8250.18,,-0.372284,0.650894,,-2.35471,13.9031,fluid
606,10.106,3.06271,,1001.99,0.695842,15721.3,,-0.0649269,0.483147,,-1.01445,12.3433,fluid
607,15.3683,3.87217,,1001.41,-0.614826,11104.9,,-0.209342,0.775872,,-3.18303,11.536,fluid
608,23.6026,2.88126,,1003.94,-4.45803,31295.1,,-0.588787,-1.20036,,-0.506867,10.7991,fluid
609,22.957,1.48153,,1006.04,-10.8683,48244.9,,-0.76178,-0.708799,,-0.903659,11.4647,fluid
610,23.0592,1.95544,,1005.31,-11.5254,42347.5,,-0.776043,-0.358644,,-0.516749,10.69,fluid
611,20.9172,0.163232,,1007.43,-11.5968,59601.9,,-1.83373,0.149032,,-0.602497,10.5075,fluid
612,24.4933,1.20611,,1006.54,-10.171,52332.3,,-0.336462,-0.733977,,-1.70098,11.9164,fluid
613,24.8706,1.54818,,1005.62,-9.18175,44838.1,,-0.120967,-0.965206,,-0.00745285,11.6226,fluid
614,23.5796,0.525929,,1007.34,-12.317,58919.7,,-0.874587,-0.137446,,-0.561114,10.1494,fluid
615,24.7531,2.11409,,1005,-10.7641,39809,,-0.112421,-1.24055,,0.0669948,11.1658,fluid
616,22.2515,3.80838,,1002.44,-3.67268,19257.8,,-2.02801,-1.4271,,-1.37858,11.8986,fluid
617,21.1075,2.24739,,1004.22,-11.2041,33549.9,,-1.6857,-0.472619,,-1.42965,10.2133,fluid
618,23.3721,3.52424,,1003.32,-4.21499,26330.5,,-1.16137,-1.64865,,-0.810138,11.9232,fluid
619,20.9693,1.72556,,1005.18,-8.34506,41267,,-1.68179,-0.48439,,-1.46724,11.6378,fluid
620,9.52108,2.94395,,1001.92,-1.17778,15117,,0.468242,0.233629,,-0.974587,11.1279,fluid
621,10.6187,3.29077,,1000.88,-4.42082,6887.62,,0.0489987,0.769541,,-1.52216,13.5358,fluid
622,14.4907,3.97416,,1000.71,-2.07284,5577.29,,-0.069961,0.767823,,-3.13431,13.5627,fluid
623,12.2551,2.40166,,1003.24,-7.08977,25655.6,,-1.03774,0.327221,,-1.28698,12.159,fluid
624,23.4033,0.877097,,1006.97,-11.4122,55864.8,,-0.822747,-0.439533,,-1.64374,10.8567,fluid
625,23.4415,1.2913,,1006.39,-11.95,51151.3,,-0.947165,-0.322746,,-0.331124,10.8461,fluid
626,22.7348,1.17193,,1006.5,-10.8784,52024.5,,-0.934847,-0.292122,,-1.43581,10.1336,fluid
627,22.3096,0.807646,,1006.79,-12.5919,54381.8,,-1.23177,0.012658,,-0.748304,11.8802,fluid
628,23.9563,1.00086,,1006.58,-12.4576,52703.1,,-0.543251,-0.0724826,,0.0238647,9.9962,fluid
629,24.3266,1.7313,,1005.69,-10.8791,45398.5,,-0.333099,-0.768093,,0.3452,11.2536,fluid
630,24.7099,0.546043,,1007.43,-11.416,59586.3,,-0.231176,-0.386244,,0.330028,10.3818,fluid
631,24.299,3.44457,,1002.81,-15.1267,22227.1,,-0.263663,-1.68252,,0.372429,10.3114,fluid
632,22.4513,2.87066,,1003.88,-8.89499,30811.9,,-1.33788,-0.936068,,-1.84806,11.2067,fluid
633,21.8765,2.33783,,1004.49,-5.34376,35707.1,,-1.17268,-0.89389,,-0.638129,10.0922,fluid
634,23.1851,3.92996,,1002.73,-0.293408,21617.2,,-1.28943,-1.59888,,-1.00483,13.3322,fluid
635,21.8264,3.50894,,1002.73,-7.08167,21574.7,,-1.73339,-1.13738,,-0.812869,11.6768,fluid
636,19.4668,4.96291,,1000.92,-7.62018,7201.79,,-2.55313,0.871177,,-0.398625,10.9408,fluid
637,6.9331,1.40757,,1003.57,0.299267,28320.2,,-0.123113,0.133945,,-0.505523,10.7574,fluid
638,11.6358,1.51119,,1004.27,-6.65105,33967,,-0.708805,-0.10094,,-1.02947,11.9081,fluid
639,12.7333,2.2764,,1004.14,-6.17746,32898.2,,-0.589862,0.815333,,-1.63499,12.1197,fluid
640,24.1434,0.479074,,1007.2,-12.3072,57741,,-0.642822,-0.041179,,-0.774214,10.9386,fluid
641,22.8409,0.710643,,1007.05,-10.6369,56475.2,,-1.01412,-0.416315,,-0.0231372,10.3621,fluid
642,23.7798,0.162636,,1007.82,-12.9793,62803.2,,-0.544449,-0.0828204,,-0.213868,10.4453,fluid
643,21.3218,0.478526,,1006.95,-13.1261,55695.5,,-1.37702,-0.226159,,-1.18163,9.03762,fluid
644,24.7246,3.03184,,1004.26,-2.57669,33846.5,,0.0074174,-1.40694,,0.663287,13.0323,fluid
645,14.0487,2.384,,1003.06,-7.8636,24253.3,,-0.74955,1.08828,,-1.61526,12.1325,fluid
646,24.7712,2.56989,,1004.39,-8.84527,34937.1,,-0.156666,-1.32245,,-0.104823,11.3635,fluid
647,24.6405,0.89855,,1007.01,-11.0549,56218.3,,-0.343188,-0.598848,,-0.203824,11.1937,fluid
648,24.2923,2.82606,,1003.95,-8.56515,31381.7,,-0.42296,-1.2841,,-0.523383,11.7719,fluid
649,18.8478,4.88601,,1000.8,-6.34259,6261.06,,-1.9315,1.33628,,-1.55103,9.92702,fluid
650,22.5957,4.31378,,1002.85,-9.27654,22552.4,,-1.98203,-1.68172,,-1.06206,12.8852,fluid
651,20.2412,4.81301,,1001.52,-2.35079,11996.9,,-2.84333,-0.0883004,,0.0248753,12.2179,fluid
652,12.514,3.01288,,1001.81,-4.94373,14312.1,,-1.17139,0.222237,,-1.38488,12.0656,fluid
653,12.2279,1.38136,,1005.02,-10.6919,40025,,-0.677484,0.556461,,-2.60998,12.5996,fluid
654,11.9319,3.66461,,1000.69,-2.41891,5389.78,,-0.445867,0.878398,,-1.05287,12.6333,fluid
655,1.83066,3.19003,,1000.5,4.24427,3948.14,,0.683633,-0.398488,,0.0586293,11.2054,fluid
656,24.6365,0.138814,,1007.96,-13.2568,63995.7,,-0.421421,0.00533981,,-1.44351,11.4251,fluid
657,23.1038,4.67137,,1000.96,8.27752,7592.39,,-2.42443,-2.33398,,0.0413286,14.3535,fluid
658,23.1157,0.273021,,1007.78,-11.1701,62505.7,,-0.887394,-0.132001,,-0.679496,9.89824,fluid
659,22.6033,0.173768,,1007.41,-13.0415,59479.3,,-0.916654,0.222105,,-0.863901,10.2867,fluid
660,23.1478,4.39384,,1001.27,4.03253,10021.9,,-1.4796,-1.95611,,-0.44983,13.2342,fluid
661,22.3814,4.87187,,1000.07,2.41929,558.973,,-2.40894,-1.84852,,-0.513286,11.2559,fluid
662,24.0765,4.68128,,1003.71,-7.2708,29455.1,,-1.46423,-2.58267,,-4.11018,11.5409,fluid
663,21.8581,3.01832,,1003.74,-8.51066,29679.9,,-1.57499,-0.778805,,-0.957253,12.3202,fluid
664,24.0668,4.05567,,1003.25,1.40773,25744.7,,-1.02011,-2.79327,,-0.314445,9.92183,fluid
665,24.7098,3.57254,,1003.19,-3.56082,25256.3,,0.194488,-1.70693,,2.88475,13.2292,fluid
666,17.8441,-2.79397,,971.098,-25.2283,-208079,,-3.70648,-1.31689,,-0.000614463,3.93903,fluid
667,15.4223,2.99217,,1002.94,-6.89353,23294.1,,-0.39256,0.513418,,-2.10532,12.0551,fluid
668,19.7488,4.92421,,1001.02,-7.77408,8022.58,,-2.48574,0.557465,,-0.363535,11.2351,fluid
669,9.43064,0.732975,,1005.37,-4.03727,42813.2,,-0.52589,-0.031231,,-0.728288,10.4312,fluid
670,4.24624,0.800726,,1004.35,5.68242,34588,,-0.210509,-0.316216,,0.308638,10.7336,fluid
671,13.1453,0.459523,,1005.96,-9.29658,47608.2,,-0.790793,0.303042,,-1.1876,11.5116,fluid
672,20.8291,4.81954,,1001.05,-4.13922,8269.24,,-2.65737,-0.433177,,-0.0321263,11.9953,fluid
673,23.713,3.77852,,1002.42,-3.92371,19099.7,,-1.2479,-1.88492,,-1.83614,10.9085,fluid
674,8.56639,2.19904,,1003.04,-2.68893,24084.6,,-0.125348,0.496587,,-0.832366,11.7129,fluid
675,21.9525,4.76812,,1000.93,0.950678,7296.21,,-2.99084,-1.49396,,-0.379275,13.7841,fluid
676,22.238,0.471628,,1007.21,-13.0642,57786.3,,-1.56178,-0.344032,,-1.06388,8.86157,fluid
677,24.5089,4.62083,,1002.93,-5.3998,23233.9,,0.404621,-2.76862,,7.68513,9.91792,fluid
678,20.5252,4.85275,,1000.94,-4.01707,7407.68,,-2.71318,-0.241791,,0.00162593,11.86,fluid
679,24.3236,5.13301,,1003.12,-39.2705,24746.7,,0.308799,-2.55684,,2.06434,13.7656,fluid
680,24.5941,3.83342,,1001.65,-2.77288,12999.6,,0.365235,-2.08106,,3.40559,11.8885,fluid
681,22.8056,4.92063,,1000.92,-1.78369,7212.26,,-2.78471,-2.38876,,-0.0257906,15.1664,fluid
682,24.1056,4.24144,,1003.37,3.97985,26734.6,,-0.993741,-2.8394,,0.126204,11.509,fluid
683,13.7286,2.09932,,1003.54,-8.5073,28064.5,,-0.5494,1.1186,,-1.95106,11.257,fluid
684,9.74102,0.941752,,1005.01,-4.09857,39943.1,,-0.456023,-0.00287494,,-1.19911,10.9719,fluid
685,13.5677,3.87207,,1000.78,-1.99342,6153.76,,-0.184279,0.69957,,-1.95302,13.8993,fluid
686,15.1466,3.27029,,1001.92,-6.9131,15167.7,,-0.123502,0.577654,,-2.56575,11.8737,fluid
687,10.2017,0.414625,,1005.58,-5.85547,44528.3,,-0.0814528,0.0709661,,-0.982028,10.5153,fluid
688,21.3269,3.26228,,1003.06,-5.71117,24219.9,,-1.85194,-0.809257,,-1.2868,11.7353,fluid
689,17.0398,4.53518,,1000.93,-4.15635,7349.3,,-1.44954,1.19562,,-1.49815,11.5779,fluid
690,11.4395,3.19108,,1002.63,0.0143704,20840.5,,-0.0733399,0.728672,,-1.68404,12.823,fluid
691,21.7741,0.148755,,1007.89,-10.1611,63390.5,,-1.44497,0.102361,,-0.79682,10.967,fluid
692,4.76617,0.533085,,1004.33,4.4409,34459.2,,-0.205841,-0.0540575,,-0.0107686,10.9446,fluid
693,24.2549,5.51821,,999.266,1.9888,-5744.91,,0.146788,-4.19646,,1.26438,9.74375,fluid
694,23.9344,5.52194,,999.892,5.9585,-849.865,,-0.878341,-4.80955,,-1.35315,9.6517,fluid
695,24.4331,5.56346,,1000,8.54993,21.9024,,0.803329,-4.14732,,1.99839,11.6965,fluid
696,24.8154,5.56472,,998.992,33.9355,-7888.47,,0.637527,-3.21915,,0.738786,9.46456,fluid
697,11.0844,2.35229,,1002.33,-5.32547,18437.6,,-0.482252,0.544223,,-1.40705,13.1734,fluid
698,21.4572,4.87917,,1001.08,-5.88196,8519.39,,-2.58006,-0.878015,,1.09192,13.4577,fluid
699,7.83343,1.88611,,1003.22,-0.423839,25505.5,,-0.480148,0.434906,,-0.826625,11.2819,fluid
700,13.0284,3.69207,,1001.04,-1.15972,8167.26,,-0.0766416,0.544951,,-2.1729,14.4468,fluid
701,10.4682,0.903895,,1005.46,-4.2535,43538.5,,-0.767923,-0.214636,,0.159545,11.7151,fluid
702,11.5723,0.608047,,1006.11,-8.90782,48847.6,,0.0126442,0.197548,,-2.68049,10.6111,fluid
703,18.8207,5.32655,,1000.5,1.22941,3943.87,,-2.04837,1.22652,,-1.82453,10.2402,fluid
704,13.9844,3.46339,,1001.25,-2.0358,9823.68,,-0.386679,0.814408,,-2.11141,12.3876,fluid
705,6.41978,0.712558,,1004.15,2.90461,33013.4,,0.475214,-0.100148,,0.305354,10.7807,fluid
706,35.9484,-377.235,,997.866,-0.630359,-16638.2,,0.519434,-83.3396,,-18.6539,-2.64831,fluid
707,35.1426,-377.346,,998.014,0.575567,-15493.9,,1.07628,-87.6062,,3.9373,0.0575878,fluid
708,-52.8922,-238.298,,994.72,-6.57925,-40785.7,,-8.98569,-69.7905,,10.8076,1.59682,fluid
709,-51.8199,-238.124,,996.218,-6.26628,-29347.2,,-9.40505,-66.9302,,-6.96066,-2.19093,fluid
710,23.6359,5.11343,,999.399,28.1574,-4705.61,,-1.28228,-4.42915,,-3.20703,11.8469,fluid
711,19.9687,4.91767,,1001.06,-7.08195,8347.45,,-2.66814,0.339351,,0.153187,11.8067,fluid
712,22.9288,4.9925,,1001.17,-2.35435,9247.26,,-2.66411,-2.70268,,0.455577,16.9019,fluid
713,23.8865,5.57394,,1000.19,6.43737,1526.58,,-0.978754,-4.8816,,-2.12074,9.81936,fluid
714,22.0531,5.04589,,1000.65,0.698697,5074.49,,-2.81264,-1.62096,,-0.00561408,13.5019,fluid
715,6.405,1.71291,,1003.2,2.38793,25328.2,,-0.325191,-0.352025,,-0.801414,10.8714,fluid
716,11.0031,0.643979,,1005.61,-5.80615,44738.9,,0.0949268,0.0316687,,-2.18677,10.7373,fluid
717,11.3568,1.15772,,1005.24,-7.51455,41793.3,,-0.386796,-0.251952,,-0.417562,11.4917,fluid
718,6.0943,3.35884,,1000.91,0.470806,7181.6,,0.50879,0.276345,,-0.0841084,11.5766,fluid
719,8.18325,3.48219,,1000.62,-0.480461,4871.99,,0.794519,0.412876,,-0.0815547,12.6133,fluid
720,-80.3348,-411.891,,979.832,1.76275,-149015,,-12.5252,-91.2447,,33.3899,-18.9309,fluid
721,13.2074,2.1204,,1003.6,-6.65637,28564.1,,-0.852206,1.2207,,-1.64731,11.5139,fluid
722,35.1628,-377.321,,997.828,-0.262988,-16933.7,,0.818396,-87.4206,,2.13829,-2.60164,fluid
723,-47.3437,-143.263,,970.471,0,-212194,,-10.2059,-52.5216,,0,0,fluid
724,35.1447,-377.374,,998.296,0.543244,-13304.6,,1.35842,-87.5619,,3.41545,2.82733,fluid
725,35.135,-377.356,,998.094,1.45474,-14873.9,,1.1825,-87.6562,,4.57417,1.17524,fluid
726,35.1348,-377.357,,998.094,0.59342,-14871.6,,1.18466,-87.6862,,4.58866,1.18979,fluid
727,-80.1388,-411.952,,980.016,1.93837,-147742,,-11.163,-86.9544,,-59.6105,11.7586,fluid
728,-80.3202,-411.938,,980.074,1.44178,-147336,,-11.4122,-90.9163,,26.2206,7.17226,fluid
729,-51.8709,-238.16,,996.155,-9.04328,-29827.3,,-9.25081,-67.1712,,-3.84692,0.594106,fluid
730,21.198,5.14288,,1000.59,-2.93202,4602.15,,-2.79145,-0.662359,,1.11451,12.526,fluid
731,15.261,4.16544,,1000.61,-3.02669,4778.9,,-0.322654,0.979111,,-4.11635,12.4718,fluid
732,12.1754,3.71843,,1000.66,-1.44384,5227.07,,-0.434998,0.718285,,-0.786276,12.831,fluid
733,2.93254,2.18169,,1002.56,6.18349,20231.1,,0.500304,0.058411,,-0.0711279,11.3467,fluid
734,4.57563,3.61793,,1000.8,0.654967,6276.66,,0.926794,0.162055,,-1.06017,12.1272,fluid
735,10.1149,3.55467,,1000.47,-2.13679,3725.8,,0.247034,0.803298,,-1.1234,12.9107,fluid
