h/dp :,2
L2norm Pressure,KE,dp,Nparticles
39046.8,2.41511e+07,0.5,448

t,16.46
ID,x,y,,rho,drhodt,pressure,,u,v,,dudt,dvdt,type
0,-1.25,-0.25,,1006.02,0,48066.3,,0,0,,0,0,boundary
1,-0.75,-0.25,,1005.91,0,47230.4,,0,0,,0,0,boundary
2,-0.25,-0.25,,1005.86,0,46815.6,,0,0,,0,0,boundary
3,0.25,-0.25,,1005.94,0,47438.8,,0,0,,0,0,boundary
4,0.75,-0.25,,1006.02,0,48073.8,,0,0,,0,0,boundary
5,1.25,-0.25,,1005.99,0,47901.2,,0,0,,0,0,boundary
6,1.75,-0.25,,1005.91,0,47235.6,,0,0,,0,0,boundary
7,2.25,-0.25,,1005.9,0,47125.7,,0,0,,0,0,boundary
8,2.75,-0.25,,1005.92,0,47282.1,,0,0,,0,0,boundary
9,3.25,-0.25,,1005.89,0,47044.8,,0,0,,0,0,boundary
10,3.75,-0.25,,1005.85,0,46694.5,,0,0,,0,0,boundary
11,4.25,-0.25,,1005.83,0,46574.8,,0,0,,0,0,boundary
12,4.75,-0.25,,1005.83,0,46575.1,,0,0,,0,0,boundary
13,5.25,-0.25,,1005.78,0,46136.9,,0,0,,0,0,boundary
14,5.75,-0.25,,1005.68,0,45302.9,,0,0,,0,0,boundary
15,6.25,-0.25,,1005.64,0,45029.1,,0,0,,0,0,boundary
16,6.75,-0.25,,1005.69,0,45453.4,,0,0,,0,0,boundary
17,7.25,-0.25,,1005.84,0,46679.4,,0,0,,0,0,boundary
18,7.75,-0.25,,1006.02,0,48119.5,,0,0,,0,0,boundary
19,8.25,-0.25,,1006.08,0,48591.8,,0,0,,0,0,boundary
20,8.75,-0.25,,1005.94,0,47483.3,,0,0,,0,0,boundary
21,9.25,-0.25,,1005.72,0,45688.3,,0,0,,0,0,boundary
22,9.75,-0.25,,1005.56,0,44406.1,,0,0,,0,0,boundary
23,10.25,-0.25,,1005.46,0,43543.5,,0,0,,0,0,boundary
24,10.75,-0.25,,1005.37,0,42792.7,,0,0,,0,0,boundary
25,11.25,-0.25,,1005.31,0,42306.6,,0,0,,0,0,boundary
26,11.75,-0.25,,1005.29,0,42176.5,,0,0,,0,0,boundary
27,12.25,-0.25,,1005.26,0,41949.1,,0,0,,0,0,boundary
28,12.75,-0.25,,1005.22,0,41599.6,,0,0,,0,0,boundary
29,13.25,-0.25,,1005.19,0,41374.1,,0,0,,0,0,boundary
30,13.75,-0.25,,1005.18,0,41328.6,,0,0,,0,0,boundary
31,14.25,-0.25,,1005.18,0,41301.9,,0,0,,0,0,boundary
32,14.75,-0.25,,1005.17,0,41236.8,,0,0,,0,0,boundary
33,15.25,-0.25,,1005.15,0,41067.2,,0,0,,0,0,boundary
34,15.75,-0.25,,1005.11,0,40745,,0,0,,0,0,boundary
35,16.25,-0.25,,1005.07,0,40422.5,,0,0,,0,0,boundary
36,16.75,-0.25,,1005.05,0,40247.5,,0,0,,0,0,boundary
37,17.25,-0.25,,1005.03,0,40094.6,,0,0,,0,0,boundary
38,17.75,-0.25,,1005.02,0,40015.4,,0,0,,0,0,boundary
39,18.25,-0.25,,1005.02,0,40034.4,,0,0,,0,0,boundary
40,18.75,-0.25,,1005.01,0,39915.5,,0,0,,0,0,boundary
41,19.25,-0.25,,1004.98,0,39708.3,,0,0,,0,0,boundary
42,19.75,-0.25,,1004.96,0,39507.3,,0,0,,0,0,boundary
43,20.25,-0.25,,1004.93,0,39256,,0,0,,0,0,boundary
44,20.75,-0.25,,1004.88,0,38897,,0,0,,0,0,boundary
45,21.25,-0.25,,1004.84,0,38500.7,,0,0,,0,0,boundary
46,21.75,-0.25,,1004.76,0,37909.6,,0,0,,0,0,boundary
47,22.25,-0.25,,1004.7,0,37376.1,,0,0,,0,0,boundary
48,22.75,-0.25,,1004.7,0,37408.4,,0,0,,0,0,boundary
49,23.25,-0.25,,1004.7,0,37386,,0,0,,0,0,boundary
50,23.75,-0.25,,1004.66,0,37090.5,,0,0,,0,0,boundary
51,24.25,-0.25,,1004.6,0,36614.3,,0,0,,0,0,boundary
52,24.75,-0.25,,1004.55,0,36205.4,,0,0,,0,0,boundary
53,25.25,-0.25,,1004.51,0,35891.6,,0,0,,0,0,boundary
54,25.75,-0.25,,1004.43,0,35267.7,,0,0,,0,0,boundary
55,26.25,-0.25,,1004.34,0,34476.2,,0,0,,0,0,boundary
56,-1.25,-0.75,,1006.38,0,51007.9,,0,0,,0,0,boundary
57,-0.75,-0.75,,1006.39,0,51106.2,,0,0,,0,0,boundary
58,-0.25,-0.75,,1006.36,0,50855.3,,0,0,,0,0,boundary
59,0.25,-0.75,,1006.43,0,51406.5,,0,0,,0,0,boundary
60,0.75,-0.75,,1006.5,0,51979.4,,0,0,,0,0,boundary
61,1.25,-0.75,,1006.47,0,51760.9,,0,0,,0,0,boundary
62,1.75,-0.75,,1006.35,0,50811.1,,0,0,,0,0,boundary
63,2.25,-0.75,,1006.3,0,50424.9,,0,0,,0,0,boundary
64,2.75,-0.75,,1006.3,0,50425.6,,0,0,,0,0,boundary
65,3.25,-0.75,,1006.25,0,50005.8,,0,0,,0,0,boundary
66,3.75,-0.75,,1006.23,0,49812.6,,0,0,,0,0,boundary
67,4.25,-0.75,,1006.26,0,50042.9,,0,0,,0,0,boundary
68,4.75,-0.75,,1006.26,0,50086.7,,0,0,,0,0,boundary
69,5.25,-0.75,,1006.25,0,49953.4,,0,0,,0,0,boundary
70,5.75,-0.75,,1006.14,0,49109.7,,0,0,,0,0,boundary
71,6.25,-0.75,,1006.08,0,48592.1,,0,0,,0,0,boundary
72,6.75,-0.75,,1006.17,0,49305.8,,0,0,,0,0,boundary
73,7.25,-0.75,,1006.37,0,50941.3,,0,0,,0,0,boundary
74,7.75,-0.75,,1006.62,0,53036.3,,0,0,,0,0,boundary
75,8.25,-0.75,,1006.71,0,53700.2,,0,0,,0,0,boundary
76,8.75,-0.75,,1006.51,0,52124.1,,0,0,,0,0,boundary
77,9.25,-0.75,,1006.27,0,50146.3,,0,0,,0,0,boundary
78,9.75,-0.75,,1006.11,0,48814.2,,0,0,,0,0,boundary
79,10.25,-0.75,,1006,0,47928.6,,0,0,,0,0,boundary
80,10.75,-0.75,,1005.91,0,47212.1,,0,0,,0,0,boundary
81,11.25,-0.75,,1005.85,0,46751.5,,0,0,,0,0,boundary
82,11.75,-0.75,,1005.83,0,46578.9,,0,0,,0,0,boundary
83,12.25,-0.75,,1005.8,0,46358.6,,0,0,,0,0,boundary
84,12.75,-0.75,,1005.74,0,45798.7,,0,0,,0,0,boundary
85,13.25,-0.75,,1005.68,0,45382.7,,0,0,,0,0,boundary
86,13.75,-0.75,,1005.69,0,45422.7,,0,0,,0,0,boundary
87,14.25,-0.75,,1005.71,0,45585,,0,0,,0,0,boundary
88,14.75,-0.75,,1005.72,0,45660.8,,0,0,,0,0,boundary
89,15.25,-0.75,,1005.71,0,45579.6,,0,0,,0,0,boundary
90,15.75,-0.75,,1005.67,0,45296.9,,0,0,,0,0,boundary
91,16.25,-0.75,,1005.64,0,44988.5,,0,0,,0,0,boundary
92,16.75,-0.75,,1005.61,0,44809.4,,0,0,,0,0,boundary
93,17.25,-0.75,,1005.6,0,44697.3,,0,0,,0,0,boundary
94,17.75,-0.75,,1005.6,0,44663.3,,0,0,,0,0,boundary
95,18.25,-0.75,,1005.6,0,44682.9,,0,0,,0,0,boundary
96,18.75,-0.75,,1005.57,0,44415.1,,0,0,,0,0,boundary
97,19.25,-0.75,,1005.53,0,44147,,0,0,,0,0,boundary
98,19.75,-0.75,,1005.51,0,43969.1,,0,0,,0,0,boundary
99,20.25,-0.75,,1005.47,0,43671,,0,0,,0,0,boundary
100,20.75,-0.75,,1005.44,0,43405.4,,0,0,,0,0,boundary
101,21.25,-0.75,,1005.44,0,43405.2,,0,0,,0,0,boundary
102,21.75,-0.75,,1005.45,0,43493.8,,0,0,,0,0,boundary
103,22.25,-0.75,,1005.43,0,43338.3,,0,0,,0,0,boundary
104,22.75,-0.75,,1005.4,0,43090.5,,0,0,,0,0,boundary
105,23.25,-0.75,,1005.33,0,42518.3,,0,0,,0,0,boundary
106,23.75,-0.75,,1005.23,0,41687.8,,0,0,,0,0,boundary
107,24.25,-0.75,,1005.13,0,40849,,0,0,,0,0,boundary
108,24.75,-0.75,,1005.05,0,40227.2,,0,0,,0,0,boundary
109,25.25,-0.75,,1005.03,0,40091.8,,0,0,,0,0,boundary
110,25.75,-0.75,,1004.98,0,39687.7,,0,0,,0,0,boundary
111,26.25,-0.75,,1004.92,0,39205.9,,0,0,,0,0,boundary
112,-1.25,-1.25,,1006.64,0,53155.4,,0,0,,0,0,boundary
113,-0.75,-1.25,,1006.86,0,54926.3,,0,0,,0,0,boundary
114,-0.25,-1.25,,1006.87,0,55066.5,,0,0,,0,0,boundary
115,0.25,-1.25,,1006.94,0,55632.3,,0,0,,0,0,boundary
116,0.75,-1.25,,1006.99,0,55992.1,,0,0,,0,0,boundary
117,1.25,-1.25,,1006.9,0,55308.5,,0,0,,0,0,boundary
118,1.75,-1.25,,1006.77,0,54249.4,,0,0,,0,0,boundary
119,2.25,-1.25,,1006.75,0,54070.3,,0,0,,0,0,boundary
120,2.75,-1.25,,1006.77,0,54191,,0,0,,0,0,boundary
121,3.25,-1.25,,1006.76,0,54181.4,,0,0,,0,0,boundary
122,3.75,-1.25,,1006.79,0,54346.6,,0,0,,0,0,boundary
123,4.25,-1.25,,1006.81,0,54521.5,,0,0,,0,0,boundary
124,4.75,-1.25,,1006.79,0,54360.8,,0,0,,0,0,boundary
125,5.25,-1.25,,1006.75,0,54084.4,,0,0,,0,0,boundary
126,5.75,-1.25,,1006.66,0,53352.4,,0,0,,0,0,boundary
127,6.25,-1.25,,1006.62,0,52989.6,,0,0,,0,0,boundary
128,6.75,-1.25,,1006.72,0,53838.9,,0,0,,0,0,boundary
129,7.25,-1.25,,1006.97,0,55894.5,,0,0,,0,0,boundary
130,7.75,-1.25,,1007.21,0,57785.4,,0,0,,0,0,boundary
131,8.25,-1.25,,1007.18,0,57559.5,,0,0,,0,0,boundary
132,8.75,-1.25,,1006.91,0,55334.6,,0,0,,0,0,boundary
133,9.25,-1.25,,1006.64,0,53165.7,,0,0,,0,0,boundary
134,9.75,-1.25,,1006.49,0,51924.3,,0,0,,0,0,boundary
135,10.25,-1.25,,1006.41,0,51281.9,,0,0,,0,0,boundary
136,10.75,-1.25,,1006.36,0,50873.8,,0,0,,0,0,boundary
137,11.25,-1.25,,1006.33,0,50654.9,,0,0,,0,0,boundary
138,11.75,-1.25,,1006.31,0,50467.4,,0,0,,0,0,boundary
139,12.25,-1.25,,1006.28,0,50250.1,,0,0,,0,0,boundary
140,12.75,-1.25,,1006.16,0,49256.4,,0,0,,0,0,boundary
141,13.25,-1.25,,1006.05,0,48366.8,,0,0,,0,0,boundary
142,13.75,-1.25,,1006.04,0,48234.4,,0,0,,0,0,boundary
143,14.25,-1.25,,1006.06,0,48418.9,,0,0,,0,0,boundary
144,14.75,-1.25,,1006.08,0,48585,,0,0,,0,0,boundary
145,15.25,-1.25,,1006.13,0,48975.2,,0,0,,0,0,boundary
146,15.75,-1.25,,1006.16,0,49269,,0,0,,0,0,boundary
147,16.25,-1.25,,1006.14,0,49079.9,,0,0,,0,0,boundary
148,16.75,-1.25,,1006.11,0,48830.4,,0,0,,0,0,boundary
149,17.25,-1.25,,1006.09,0,48662.2,,0,0,,0,0,boundary
150,17.75,-1.25,,1006.08,0,48612.4,,0,0,,0,0,boundary
151,18.25,-1.25,,1006.07,0,48515.1,,0,0,,0,0,boundary
152,18.75,-1.25,,1006.06,0,48435.2,,0,0,,0,0,boundary
153,19.25,-1.25,,1006.07,0,48548.1,,0,0,,0,0,boundary
154,19.75,-1.25,,1006.1,0,48789.7,,0,0,,0,0,boundary
155,20.25,-1.25,,1006.08,0,48579.9,,0,0,,0,0,boundary
156,20.75,-1.25,,1006,0,47983.5,,0,0,,0,0,boundary
157,21.25,-1.25,,1006.01,0,48002.5,,0,0,,0,0,boundary
158,21.75,-1.25,,1006.09,0,48656.9,,0,0,,0,0,boundary
159,22.25,-1.25,,1006.12,0,48911.3,,0,0,,0,0,boundary
160,22.75,-1.25,,1006.01,0,48053,,0,0,,0,0,boundary
161,23.25,-1.25,,1005.87,0,46886.7,,0,0,,0,0,boundary
162,23.75,-1.25,,1005.72,0,45651.2,,0,0,,0,0,boundary
163,24.25,-1.25,,1005.57,0,44422.6,,0,0,,0,0,boundary
164,24.75,-1.25,,1005.46,0,43565.3,,0,0,,0,0,boundary
165,25.25,-1.25,,1005.48,0,43756.8,,0,0,,0,0,boundary
166,25.75,-1.25,,1005.5,0,43909.7,,0,0,,0,0,boundary
167,26.25,-1.25,,1005.5,0,43913.8,,0,0,,0,0,boundary
168,-0.25,0.25,,1005.34,0,42580,,0,0,,0,0,boundary
169,-0.25,0.75,,1004.84,0,38500,,0,0,,0,0,boundary
170,-0.25,1.25,,1004.32,0,34372.5,,0,0,,0,0,boundary
171,-0.25,1.75,,1003.85,0,30533.4,,0,0,,0,0,boundary
172,-0.25,2.25,,1003.43,0,27169.4,,0,0,,0,0,boundary
173,-0.25,2.75,,1003.03,0,23960.1,,0,0,,0,0,boundary
174,-0.25,3.25,,1002.58,0,20419,,0,0,,0,0,boundary
175,-0.25,3.75,,1002.12,0,16733.3,,0,0,,0,0,boundary
176,-0.25,4.25,,1001.79,0,14151.6,,0,0,,0,0,boundary
177,-0.25,4.75,,1001.63,0,12826.1,,0,0,,0,0,boundary
178,-0.25,5.25,,1001.43,0,11264.7,,0,0,,0,0,boundary
179,-0.25,5.75,,1000.77,0,6069.76,,0,0,,0,0,boundary
180,-0.25,6.25,,1000.59,0,4657.17,,0,0,,0,0,boundary
181,-0.25,6.75,,1000.41,0,3230.84,,0,0,,0,0,boundary
182,-0.25,7.25,,1000.33,0,2612.8,,0,0,,0,0,boundary
183,-0.25,7.75,,1000.33,0,2600.77,,0,0,,0,0,boundary
184,-0.25,8.25,,1000,0,0,,0,0,,0,0,boundary
185,-0.25,8.75,,1000,0,0,,0,0,,0,0,boundary
186,-0.25,9.25,,1000,0,0,,0,0,,0,0,boundary
187,-0.25,9.75,,1000,0,0,,0,0,,0,0,boundary
188,-0.75,0.25,,1005.39,0,42955.7,,0,0,,0,0,boundary
189,-0.75,0.75,,1004.86,0,38693.7,,0,0,,0,0,boundary
190,-0.75,1.25,,1004.33,0,34400,,0,0,,0,0,boundary
191,-0.75,1.75,,1003.8,0,30133.3,,0,0,,0,0,boundary
192,-0.75,2.25,,1003.37,0,26678.8,,0,0,,0,0,boundary
193,-0.75,2.75,,1002.95,0,23392.8,,0,0,,0,0,boundary
194,-0.75,3.25,,1002.51,0,19817.1,,0,0,,0,0,boundary
195,-0.75,3.75,,1002.09,0,16471.3,,0,0,,0,0,boundary
196,-0.75,4.25,,1001.81,0,14300.8,,0,0,,0,0,boundary
197,-0.75,4.75,,1001.68,0,13282.2,,0,0,,0,0,boundary
198,-0.75,5.25,,1001.42,0,11161.2,,0,0,,0,0,boundary
199,-0.75,5.75,,1000.78,0,6167.55,,0,0,,0,0,boundary
200,-0.75,6.25,,1000.06,0,470.37,,0,0,,0,0,boundary
201,-0.75,6.75,,1000.39,0,3036.6,,0,0,,0,0,boundary
202,-0.75,7.25,,1000.33,0,2626.1,,0,0,,0,0,boundary
203,-0.75,7.75,,1000.34,0,2651.48,,0,0,,0,0,boundary
204,-0.75,8.25,,1000,0,0,,0,0,,0,0,boundary
205,-0.75,8.75,,1000,0,0,,0,0,,0,0,boundary
206,-0.75,9.25,,1000,0,0,,0,0,,0,0,boundary
207,-0.75,9.75,,1000,0,0,,0,0,,0,0,boundary
208,-1.25,0.25,,1005.51,0,43973,,0,0,,0,0,boundary
209,-1.25,0.75,,1004.9,0,38990.9,,0,0,,0,0,boundary
210,-1.25,1.25,,1004.24,0,33676.7,,0,0,,0,0,boundary
211,-1.25,1.75,,1003.58,0,28401,,0,0,,0,0,boundary
212,-1.25,2.25,,1003.09,0,24436.9,,0,0,,0,0,boundary
213,-1.25,2.75,,1002.73,0,21632.2,,0,0,,0,0,boundary
214,-1.25,3.25,,1002.39,0,18858.8,,0,0,,0,0,boundary
215,-1.25,3.75,,1002.04,0,16129.3,,0,0,,0,0,boundary
216,-1.25,4.25,,1001.76,0,13895,,0,0,,0,0,boundary
217,-1.25,4.75,,1001.6,0,12611.5,,0,0,,0,0,boundary
218,-1.25,5.25,,1001.35,0,10656.9,,0,0,,0,0,boundary
219,-1.25,5.75,,1001.03,0,8144.75,,0,0,,0,0,boundary
220,-1.25,6.25,,1000.48,0,3778.53,,0,0,,0,0,boundary
221,-1.25,6.75,,1000.36,0,2844.95,,0,0,,0,0,boundary
222,-1.25,7.25,,1000.33,0,2610.27,,0,0,,0,0,boundary
223,-1.25,7.75,,1000.33,0,2611.01,,0,0,,0,0,boundary
224,-1.25,8.25,,1000,0,0,,0,0,,0,0,boundary
225,-1.25,8.75,,1000,0,0,,0,0,,0,0,boundary
226,-1.25,9.25,,1000,0,0,,0,0,,0,0,boundary
227,-1.25,9.75,,1000,0,0,,0,0,,0,0,boundary
228,25.25,0.25,,1003.9,0,30944.6,,0,0,,0,0,boundary
229,25.25,0.75,,1003.32,0,26347.1,,0,0,,0,0,boundary
230,25.25,1.25,,1002.84,0,22468.7,,0,0,,0,0,boundary
231,25.25,1.75,,1002.29,0,18122.1,,0,0,,0,0,boundary
232,25.25,2.25,,1001.63,0,12872.6,,0,0,,0,0,boundary
233,25.25,2.75,,1000.99,0,7783.9,,0,0,,0,0,boundary
234,25.25,3.25,,1000.37,0,2882.25,,0,0,,0,0,boundary
235,25.25,3.75,,1000.73,0,5755.85,,0,0,,0,0,boundary
236,25.25,4.25,,1000.66,0,5202.62,,0,0,,0,0,boundary
237,25.25,4.75,,1000.62,0,4913.14,,0,0,,0,0,boundary
238,25.25,5.25,,1000,0,0,,0,0,,0,0,boundary
239,25.25,5.75,,1000,0,0,,0,0,,0,0,boundary
240,25.25,6.25,,1000,0,0,,0,0,,0,0,boundary
241,25.25,6.75,,1000,0,0,,0,0,,0,0,boundary
242,25.25,7.25,,1000,0,0,,0,0,,0,0,boundary
243,25.25,7.75,,1000,0,0,,0,0,,0,0,boundary
244,25.25,8.25,,1000,0,0,,0,0,,0,0,boundary
245,25.25,8.75,,1000,0,0,,0,0,,0,0,boundary
246,25.25,9.25,,1000,0,0,,0,0,,0,0,boundary
247,25.25,9.75,,1000,0,0,,0,0,,0,0,boundary
248,25.75,0.25,,1003.81,0,30276.6,,0,0,,0,0,boundary
249,25.75,0.75,,1003.22,0,25540.8,,0,0,,0,0,boundary
250,25.75,1.25,,1002.74,0,21657.2,,0,0,,0,0,boundary
251,25.75,1.75,,1002.23,0,17651.8,,0,0,,0,0,boundary
252,25.75,2.25,,1001.61,0,12677.8,,0,0,,0,0,boundary
253,25.75,2.75,,1000.95,0,7477.36,,0,0,,0,0,boundary
254,25.75,3.25,,1000.31,0,2402.19,,0,0,,0,0,boundary
255,25.75,3.75,,1000.7,0,5488.09,,0,0,,0,0,boundary
256,25.75,4.25,,1000.61,0,4798.45,,0,0,,0,0,boundary
257,25.75,4.75,,1000.54,0,4275.71,,0,0,,0,0,boundary
258,25.75,5.25,,1000,0,0,,0,0,,0,0,boundary
259,25.75,5.75,,1000,0,0,,0,0,,0,0,boundary
260,25.75,6.25,,1000,0,0,,0,0,,0,0,boundary
261,25.75,6.75,,1000,0,0,,0,0,,0,0,boundary
262,25.75,7.25,,1000,0,0,,0,0,,0,0,boundary
263,25.75,7.75,,1000,0,0,,0,0,,0,0,boundary
264,25.75,8.25,,1000,0,0,,0,0,,0,0,boundary
265,25.75,8.75,,1000,0,0,,0,0,,0,0,boundary
266,25.75,9.25,,1000,0,0,,0,0,,0,0,boundary
267,25.75,9.75,,1000,0,0,,0,0,,0,0,boundary
268,26.25,0.25,,1003.72,0,29498.2,,0,0,,0,0,boundary
269,26.25,0.75,,1003.12,0,24696.7,,0,0,,0,0,boundary
270,26.25,1.25,,1002.62,0,20718,,0,0,,0,0,boundary
271,26.25,1.75,,1002.12,0,16747.5,,0,0,,0,0,boundary
272,26.25,2.25,,1001.55,0,12256.9,,0,0,,0,0,boundary
273,26.25,2.75,,1000.91,0,7161.51,,0,0,,0,0,boundary
274,26.25,3.25,,1000.21,0,1632.9,,0,0,,0,0,boundary
275,26.25,3.75,,1000.67,0,5257.32,,0,0,,0,0,boundary
276,26.25,4.25,,1000.58,0,4563.5,,0,0,,0,0,boundary
277,26.25,4.75,,1000.53,0,4145.93,,0,0,,0,0,boundary
278,26.25,5.25,,1000.49,0,3865.17,,0,0,,0,0,boundary
279,26.25,5.75,,1000,0,0,,0,0,,0,0,boundary
280,26.25,6.25,,1000,0,0,,0,0,,0,0,boundary
281,26.25,6.75,,1000,0,0,,0,0,,0,0,boundary
282,26.25,7.25,,1000,0,0,,0,0,,0,0,boundary
283,26.25,7.75,,1000,0,0,,0,0,,0,0,boundary
284,26.25,8.25,,1000,0,0,,0,0,,0,0,boundary
285,26.25,8.75,,1000,0,0,,0,0,,0,0,boundary
286,26.25,9.25,,1000,0,0,,0,0,,0,0,boundary
287,26.25,9.75,,1000,0,0,,0,0,,0,0,boundary
288,0.259057,2.63022,,1003.17,-3.65973,25091.3,,0.151727,-1.01232,,-0.0618546,7.81343,fluid
289,0.237965,2.06661,,1003.55,-3.3102,28143.1,,0.168501,-0.664362,,-0.156383,8.12718,fluid
290,0.258075,3.63835,,1002.32,-2.09071,18338.5,,0.00738145,-1.34111,,-0.433018,7.9643,fluid
291,0.221489,0.192182,,1005.47,-5.88137,43654.8,,-0.110561,0.0826964,,-0.408747,9.04994,fluid
292,0.146606,1.46533,,1004.1,-4.67961,32601.3,,0.165279,-0.429621,,0.407772,8.23051,fluid
293,0.298088,3.09518,,1002.72,-3.0471,21510,,0.140669,-1.16253,,-0.10483,7.77438,fluid
294,1.11693,4.63161,,1001.49,-0.792114,11714.7,,0.790938,-1.83839,,0.90845,7.54968,fluid
295,0.707525,3.31194,,1002.51,-2.01014,19831,,0.160485,-0.94684,,0.0302773,6.82591,fluid
296,0.457414,4.07889,,1001.71,-2.39987,13523.6,,-0.068877,-1.28596,,-0.65014,6.88311,fluid
297,1.79713,2.66486,,1003.32,-1.49619,26337.3,,0.511169,-0.639217,,0.952407,7.70331,fluid
298,0.342974,4.44635,,1001.5,-1.70277,11798.7,,0.127493,-1.33877,,-0.378069,6.48192,fluid
299,1.02639,4.2815,,1001.58,-3.17532,12442.8,,0.348658,-1.51392,,0.0825819,6.63286,fluid
300,1.45456,3.98065,,1002.13,-1.45395,16827.7,,0.59795,-1.44426,,0.528088,7.67268,fluid
301,1.03942,5.46546,,1001.2,0.788788,9477.23,,0.418055,-1.77623,,0.239065,5.31342,fluid
302,1.62348,4.53092,,1001.03,1.04796,8083.22,,0.661628,-1.40251,,-0.177612,6.52249,fluid
303,2.04457,4.46577,,1001.55,0.401901,12204.2,,0.800085,-1.07997,,0.288191,6.32579,fluid
304,0.417738,0.573037,,1005.02,-5.51165,39990.9,,0.262436,-0.25806,,-0.495544,8.86964,fluid
305,0.264953,0.947619,,1004.74,-4.59211,37734.1,,-0.0924107,-0.179895,,-0.693996,8.94755,fluid
306,0.646127,2.46265,,1003.38,-2.56866,26811.4,,0.280063,-1.031,,0.330262,7.88733,fluid
307,0.90617,0.156341,,1005.69,-4.21332,45389.6,,0.249611,-0.0983163,,-0.468872,9.06992,fluid
308,0.744561,1.44678,,1004.37,-3.67156,34732.7,,0.463678,-0.679136,,-0.176622,8.13972,fluid
309,0.645537,1.83394,,1003.82,-2.99002,30302.9,,0.235087,-0.805624,,-0.282686,8.80864,fluid
310,0.841938,1.02428,,1004.76,-3.79527,37906.6,,0.150822,-0.476779,,0.10804,8.95693,fluid
311,2.04565,3.92912,,1002.12,-1.73437,16719.8,,0.962327,-1.08707,,0.227573,7.47584,fluid
312,0.877567,3.7082,,1002.32,-3.54637,18305.2,,0.211592,-1.11377,,-0.195558,7.29,fluid
313,1.33793,3.51865,,1002.45,-1.16398,19397.6,,0.450512,-0.959738,,0.164842,6.63911,fluid
314,1.27061,2.59179,,1003.14,-3.43693,24872.8,,0.497422,-0.476361,,0.0816029,7.1332,fluid
315,2.507,4.2796,,1001.58,0.548772,12420.9,,1.07416,-1.05551,,1.19677,7.13098,fluid
316,2.97037,4.43059,,1001.67,0.668769,13168.2,,1.28051,-1.05425,,0.964503,7.49554,fluid
317,2.28895,3.1987,,1002.81,-0.466142,22259.8,,0.742307,-0.965165,,0.522516,7.65072,fluid
318,2.30228,4.96605,,1001.78,-1.36271,14010.9,,1.2165,-1.53443,,2.19413,7.10542,fluid
319,2.18256,5.91482,,1000.42,1.40549,3267.72,,1.64118,-2.43477,,1.7366,7.1907,fluid
320,0.982978,0.618408,,1005.18,-4.06389,41275.5,,0.607456,-0.356582,,0.101685,9.38271,fluid
321,2.99558,0.186661,,1005.59,1.99453,44612.5,,1.12694,-0.156592,,0.806809,9.2827,fluid
322,4.6407,0.265468,,1005.36,9.22622,42754.2,,1.39635,-0.167423,,0.528207,9.38109,fluid
323,1.10036,2.14758,,1003.39,-2.67514,26914.4,,0.493491,-0.534265,,0.276891,8.2936,fluid
324,1.23767,1.74836,,1003.97,-3.98895,31532.4,,0.37983,-0.57817,,0.387637,8.5045,fluid
325,1.40764,0.354816,,1005.41,-3.43841,43138.4,,0.391406,-0.16776,,0.119695,9.204,fluid
326,1.58329,3.05187,,1002.85,-0.66878,22553.6,,0.60221,-0.990759,,0.10452,7.98805,fluid
327,1.80129,2.24112,,1003.74,0.267096,29697.8,,0.449713,-0.752202,,-0.0948863,8.12972,fluid
328,2.02801,0.510163,,1005.25,-1.64762,41824.5,,0.911057,-0.131509,,0.45698,9.70477,fluid
329,0.988902,2.89898,,1002.87,-2.81082,22747.3,,0.0819556,-0.987788,,-0.197562,8.02552,fluid
330,2.84294,2.50179,,1003.61,1.26699,28658.7,,0.820168,-0.497687,,0.526543,7.86294,fluid
331,2.36755,2.70762,,1003.28,-0.336247,26029.7,,0.671999,-0.725459,,0.088725,7.96509,fluid
332,3.5652,5.22983,,1000.53,0.97011,4151.15,,2.05287,-1.55466,,1.84685,7.79065,fluid
333,3.94926,4.55733,,1001.23,1.35635,9673.87,,1.88559,-1.12474,,2.00085,8.37978,fluid
334,2.85605,4.96052,,1000.92,0.55875,7260.64,,1.59427,-1.26915,,1.61916,7.27054,fluid
335,4.43697,5.17695,,1000.7,2.11396,5513.06,,2.47456,-1.41904,,1.54092,9.04972,fluid
336,6.1626,0.49792,,1004.92,14.5043,39193.2,,1.71975,0.0599228,,0.389693,9.496,fluid
337,6.90121,0.179622,,1005.33,16.2986,42495.7,,1.60019,-0.0320253,,0.609839,9.6448,fluid
338,5.75636,0.753442,,1004.96,13.4452,39511.4,,1.52916,-0.238728,,0.898873,9.875,fluid
339,3.63567,0.190834,,1005.51,4.66597,43960.6,,1.47625,-0.0653199,,-0.00431263,9.21725,fluid
340,3.96291,1.85113,,1004,6.6343,31790.3,,0.883693,-0.533517,,0.382805,9.20042,fluid
341,1.88036,0.120863,,1005.48,-2.30175,43738.1,,0.773259,0.0431449,,0.341529,9.0575,fluid
342,5.8935,1.24084,,1004.42,14.2159,35140.7,,1.37999,-0.152545,,0.920029,8.93142,fluid
343,1.36529,1.20063,,1004.4,-2.55564,34994.8,,0.381595,-0.364291,,0.13952,8.59538,fluid
344,4.33323,1.59783,,1004.31,7.18339,34244.1,,1.24633,-0.228648,,0.839721,8.9877,fluid
345,1.65545,1.62031,,1004.31,-2.54611,34271.2,,0.519462,-0.685861,,0.39827,8.44048,fluid
346,2.45323,2.19868,,1003.61,1.04853,28638.7,,0.591227,-0.595109,,0.455554,8.27061,fluid
347,2.08421,1.86417,,1004.25,-0.565611,33816.7,,0.346028,-0.576884,,0.537846,8.82124,fluid
348,1.18466,6.07748,,1000.34,0.30633,2673.96,,0.558723,-2.57582,,0.623827,6.30686,fluid
349,2.00846,5.70455,,999.885,3.23087,-899.899,,1.49714,-2.30423,,1.02484,6.24217,fluid
350,0.808906,5.96746,,1000.29,1.01268,2313.62,,0.536284,-2.42437,,-0.560313,6.31578,fluid
351,1.91568,5.10617,,1002.16,-2.2014,17066.7,,0.602644,-1.6045,,0.0376377,6.69097,fluid
352,6.86014,0.862642,,1004.79,15.5646,38137.4,,1.41289,0.0945179,,1.47037,9.5728,fluid
353,6.60625,0.41921,,1005.22,15.1637,41598.3,,1.61175,-0.100194,,0.0867603,9.82908,fluid
354,5.27319,1.0544,,1004.73,11.7637,37636.8,,1.51674,-0.129607,,0.515448,9.38592,fluid
355,7.35587,0.391053,,1005.11,17.8965,40684.7,,1.53141,0.380682,,-0.228947,10.4284,fluid
356,4.56175,1.0642,,1004.65,8.61908,36999.2,,1.28179,-0.279783,,0.944971,8.78723,fluid
357,5.9309,0.131402,,1005.26,13.717,41917.2,,1.68337,-0.0449844,,0.300954,9.6986,fluid
358,7.94093,0.864547,,1004.92,16.9779,39168.6,,1.18894,0.383934,,0.893218,9.88132,fluid
359,2.55584,0.28455,,1005.54,0.797271,44220.7,,0.966855,-0.167222,,-0.487181,9.05608,fluid
360,1.58922,0.841163,,1004.79,-1.66806,38171,,0.660338,-0.49083,,0.00078993,9.20407,fluid
361,3.16822,1.69831,,1004.29,2.28972,34082.5,,0.750787,-0.48124,,0.810955,8.64129,fluid
362,2.05004,1.09937,,1004.78,-0.357528,38035.8,,0.705124,-0.478609,,-0.356319,8.86191,fluid
363,4.05516,0.708905,,1005.14,7.07802,40989.7,,1.33464,-0.137993,,0.809803,9.37077,fluid
364,6.22413,4.49805,,1000.51,3.91537,4007.15,,2.68375,-0.51427,,2.22061,8.1557,fluid
365,0.997581,6.04993,,1000.36,0.895583,2801.65,,0.401701,-2.55938,,-0.0634287,6.50826,fluid
366,5.40994,4.71903,,1000.78,2.37965,6172.33,,2.56795,-0.857904,,1.37948,8.89334,fluid
367,14.4352,3.47104,,1000.72,-0.356079,5680.26,,1.18731,0.745539,,0.135365,11.2798,fluid
368,9.57031,2.70619,,1002.24,10.1509,17685,,1.84017,0.130886,,1.12388,10.4084,fluid
369,11.5281,2.24566,,1002.55,6.94222,20130.3,,1.51209,0.271467,,0.777455,10.5791,fluid
370,4.84586,1.46484,,1004.24,9.63585,33707.1,,1.24939,-0.155341,,0.737718,9.2125,fluid
371,6.74738,1.41263,,1004.45,15.1691,35354.2,,1.31707,0.110633,,0.725976,9.25784,fluid
372,10.2604,2.3959,,1002.43,9.2851,19212.4,,1.56532,0.40012,,1.49832,10.6684,fluid
373,10.9548,2.4943,,1002.02,8.4727,15925.5,,1.63577,-0.0134437,,0.404016,10.5086,fluid
374,9.1283,2.31978,,1002.68,11.7186,21186.4,,1.74947,0.272403,,1.47592,9.97146,fluid
375,6.09716,4.01564,,1001.94,5.26642,15299.6,,2.14331,-0.671663,,1.69381,9.3492,fluid
376,5.24529,0.159141,,1005.49,11.3092,43806.6,,1.43687,-0.0399348,,0.304364,9.42493,fluid
377,2.78445,3.14559,,1002.89,0.306931,22916.7,,0.717644,-0.506363,,0.699472,8.32112,fluid
378,6.92871,3.73125,,1001.44,4.23359,11344.6,,1.69631,-0.229084,,1.59212,9.21651,fluid
379,3.54582,0.584303,,1005.07,4.304,40392.1,,1.19655,-0.0278637,,0.176862,9.97895,fluid
380,3.00029,3.82597,,1002.08,2.34143,16429.3,,0.970667,-0.897786,,0.783402,7.34546,fluid
381,3.14663,5.43094,,1000.69,1.05502,5458.6,,1.97447,-1.71816,,1.39212,8.04065,fluid
382,4.66536,5.01234,,1000.75,2.13486,5868.21,,2.50137,-1.25293,,1.66506,8.97012,fluid
383,8.93298,4.09279,,1000.72,3.18851,5640.39,,2.83368,0.171487,,1.90538,10.7567,fluid
384,14.5802,2.42712,,1001.78,-2.4824,14060.7,,0.944005,0.423721,,0.347838,10.9693,fluid
385,9.26201,1.78795,,1003.09,13.1001,24508.9,,1.22488,0.218093,,1.18794,10.1071,fluid
386,8.55563,0.286788,,1005.32,18.7235,42456,,0.942798,-0.206224,,0.452464,10.0439,fluid
387,14.8063,1.82374,,1002.77,-2.05352,21927,,0.5756,0.132844,,0.41585,9.75867,fluid
388,8.24545,1.28921,,1004.07,15.6744,32356,,0.990028,0.310691,,1.17503,9.80173,fluid
389,13.7685,1.95705,,1002.63,1.63613,20797,,0.780081,0.218561,,0.637826,10.1925,fluid
390,11.9443,2.17385,,1002.48,5.76799,19586.2,,1.30221,0.417323,,1.05603,11.0114,fluid
391,7.84393,3.09198,,1002.09,8.74194,16499.7,,1.62403,0.399827,,1.938,9.42554,fluid
392,9.85045,2.51165,,1002.38,10.2644,18781.6,,1.75146,0.416327,,1.30695,10.2609,fluid
393,10.4243,2.04564,,1002.85,10.5051,22559.6,,1.15256,0.177854,,0.826173,10.1337,fluid
394,5.2769,3.96773,,1001.87,5.33429,14764.4,,2.08944,-0.407988,,1.75262,8.91674,fluid
395,2.29453,1.42756,,1004.6,-0.670948,36585.1,,0.725055,-0.412505,,0.924536,8.59877,fluid
396,2.89882,1.14018,,1004.74,2.31859,37692.7,,0.732355,-0.255327,,0.0586757,8.88987,fluid
397,8.47278,3.69682,,1001.2,5.77702,9445.72,,2.46137,-0.0108648,,2.39648,10.3041,fluid
398,3.97238,5.31402,,1000.58,2.15936,4556.39,,2.34765,-1.66369,,2.17917,8.218,fluid
399,1.52204,6.14459,,1000.32,0.357192,2519.99,,0.991928,-2.68688,,1.50919,6.0063,fluid
400,8.79489,1.94677,,1002.95,12.839,23342.9,,1.28343,0.339189,,1.13704,9.9857,fluid
401,12.643,-210.123,,971.109,0,-208004,,0.0507704,-63.7868,,0,0,fluid
402,5.62374,2.45144,,1003.41,9.85796,27050.4,,0.956034,-0.334872,,1.51702,8.83425,fluid
403,11.1476,1.84115,,1002.86,9.87777,22651.4,,1.07607,0.291815,,1.21933,10.2092,fluid
404,6.23986,2.16147,,1003.63,13.2589,28794.5,,0.942246,0.00658573,,1.2821,9.00948,fluid
405,3.68778,2.88047,,1002.91,3.37615,23060.7,,0.682799,-0.659722,,0.750824,8.27694,fluid
406,8.58672,0.845816,,1004.28,17.2915,34017.2,,0.755722,0.232959,,0.903352,9.9737,fluid
407,9.34194,3.63051,,1000.84,4.57632,6624.99,,2.53648,0.295824,,1.9781,10.2544,fluid
408,9.08211,0.207881,,1005.12,17.7357,40808.8,,0.92825,0.150499,,1.26353,10.1963,fluid
409,12.7196,1.4741,,1003.17,5.86791,25144.9,,0.718751,0.187024,,0.734817,10.7401,fluid
410,10.6351,3.57074,,1000.71,2.90497,5562.82,,2.36902,0.399007,,1.54484,11.3677,fluid
411,3.2646,3.38514,,1002.37,2.45808,18745.3,,0.963984,-0.663713,,0.814026,7.95313,fluid
412,6.96411,4.37214,,1000.82,4.1162,6457.32,,2.7266,-0.0770694,,2.57982,9.65589,fluid
413,12.6331,3.3692,,1000.8,1.43777,6260.91,,1.6563,0.832853,,0.644135,10.9096,fluid
414,9.25476,3.87444,,1000.67,2.75562,5261.77,,2.61378,0.301666,,2.01912,10.5728,fluid
415,2.49339,3.73841,,1002.43,0.235798,19171.6,,0.822948,-0.766377,,1.37283,7.15173,fluid
416,8.66001,1.43456,,1003.65,14.2919,28928.3,,1.10898,0.468484,,1.11824,9.96282,fluid
417,7.35168,3.63748,,1001.31,6.67439,10293.3,,2.0563,0.100052,,2.58851,9.8891,fluid
418,9.75201,2.00195,,1002.84,12.3056,22443.8,,1.29839,0.030292,,0.935298,10.2646,fluid
419,12.138,1.10272,,1003.63,8.73382,28795.3,,0.39322,0.073806,,0.743983,10.3117,fluid
420,12.2038,1.64119,,1002.97,6.88007,23526.5,,0.721653,0.198904,,0.857918,9.86091,fluid
421,11.6458,1.6547,,1003.12,8.32354,24707.5,,0.82332,0.153559,,0.705451,10.0737,fluid
422,13.3274,1.59116,,1002.99,3.91445,23683.3,,0.519854,0.0698839,,0.408313,9.99938,fluid
423,15.3033,2.60886,,1001.46,-1.91282,11477.9,,0.89876,0.169711,,-0.162079,10.0311,fluid
424,5.65474,1.89603,,1004.01,10.671,31885.8,,1.11963,-0.222623,,0.557132,9.49788,fluid
425,6.25397,3.67068,,1001.92,7.58593,15141.3,,1.88094,-0.474221,,1.9626,8.79516,fluid
426,15.3059,2.01465,,1002.39,-3.79184,18883.8,,0.471675,0.289567,,0.237454,10.1568,fluid
427,7.15185,4.11219,,1001.01,5.31125,7923.17,,2.48349,-0.0123623,,2.95318,9.8267,fluid
428,2.57674,5.53976,,1000.14,3.3003,1134.15,,1.6421,-1.89589,,1.31482,6.81818,fluid
429,6.20187,2.60115,,1003.04,11.6611,24052.4,,1.0023,-0.259303,,1.14802,8.84703,fluid
430,15.3034,3.56488,,1000.56,-1.64111,4423.58,,0.630598,0.677143,,-0.480464,10.4243,fluid
431,5.76721,5.07911,,1000.54,1.91464,4280.2,,2.67935,-0.842838,,1.52854,8.54352,fluid
432,12.4057,2.03621,,1002.59,6.2511,20472.7,,1.16381,0.287793,,0.753032,10.4407,fluid
433,9.76449,0.18881,,1004.99,16.2065,39743.7,,0.840465,0.0598116,,0.358296,9.79226,fluid
434,9.69181,1.52392,,1003.41,13.5413,27000.6,,0.870997,0.0453817,,0.684844,10.0936,fluid
435,18.3915,2.65486,,1001.56,-10.9308,12329.3,,0.292842,0.250944,,-0.0654726,10.0243,fluid
436,15.4361,1.56569,,1002.81,-4.89684,22211.7,,0.255483,0.123043,,0.0980363,9.92395,fluid
437,16.0695,1.8246,,1002.62,-6.72358,20733.4,,0.276965,-0.0779882,,0.0271758,9.81896,fluid
438,4.05629,2.37625,,1003.41,5.18255,27008.1,,0.721599,-0.539733,,1.22269,8.32074,fluid
439,15.1135,3.11524,,1001.51,-0.660197,11897.1,,1.12474,0.494236,,-0.157121,9.89447,fluid
440,14.0568,1.35553,,1003.07,0.823772,24302.9,,0.199386,0.032823,,0.594756,10.2695,fluid
441,6.74504,2.57434,,1002.9,11.6534,22919.8,,1.54252,-0.0869689,,1.10601,9.0572,fluid
442,3.63056,2.32244,,1003.66,5.3204,29030.9,,0.807849,-0.449841,,0.420841,8.21125,fluid
443,5.16393,3.57296,,1001.93,5.38086,15253.4,,1.66346,-0.498998,,1.19335,8.22516,fluid
444,5.66948,3.5672,,1002.1,7.84852,16586.3,,1.67506,-0.399333,,1.53007,8.8923,fluid
445,0.377553,5.14179,,1001.71,-4.36846,13474.5,,0.0815628,-1.66639,,0.215978,6.62203,fluid
446,0.780934,4.79401,,1001.79,1.02722,14105.3,,0.247611,-1.8555,,0.0562826,7.25018,fluid
447,0.495066,5.50069,,1000.82,-4.25441,6426.61,,-0.0281626,-2.16015,,0.126641,7.75798,fluid
448,10.7664,1.85386,,1003.05,10.5412,24188.6,,1.12049,0.116848,,0.779249,10.1475,fluid
449,9.34874,0.940223,,1004.04,14.8471,32106.2,,0.659689,0.0768984,,0.883309,10.1641,fluid
450,11.0669,1.31958,,1003.35,11.3899,26581.8,,0.665416,0.0270659,,1.00715,10.5926,fluid
451,13.2327,1.08319,,1003.53,4.15918,28017.2,,0.207962,0.126538,,0.486154,10.5259,fluid
452,10.1485,1.49463,,1003.33,12.8298,26365.2,,0.829596,0.100028,,1.12893,10.28,fluid
453,16.8233,2.86673,,1001.61,-6.4031,12689.8,,0.685606,-0.19567,,-0.170299,9.05299,fluid
454,16.6156,2.38272,,1001.64,-7.11406,12951,,0.353341,0.236479,,-0.235192,9.82208,fluid
455,3.41371,1.08452,,1004.89,4.78771,38913.7,,1.03267,-0.177879,,0.476979,8.40523,fluid
456,5.09754,3.06267,,1002.46,7.71662,19488.4,,1.13905,-0.409122,,1.57185,8.72292,fluid
457,4.33198,3.77855,,1001.91,4.51991,15091.9,,1.35432,-0.814102,,1.01726,8.27038,fluid
458,17.5146,2.57241,,1001.24,-9.52333,9757.67,,0.555505,0.273814,,0.109292,9.29535,fluid
459,15.5839,2.44484,,1001.64,-4.28769,12964.6,,0.758628,0.33527,,0.316872,10.6495,fluid
460,13.8895,3.29176,,1001.09,1.15499,8588.41,,1.42779,0.635382,,-0.343846,11.1586,fluid
461,5.69404,4.47836,,1001.12,2.92101,8836.84,,2.44115,-0.706131,,1.64963,8.65392,fluid
462,3.49582,4.88774,,1001.12,0.141651,8839.59,,1.82066,-1.18111,,1.75654,7.58734,fluid
463,6.27123,4.89434,,1000.62,2.83805,4847.38,,2.93414,-0.652963,,2.35623,8.7708,fluid
464,11.6855,1.21984,,1003.43,9.7873,27205.9,,0.72882,0.26194,,0.380466,10.0477,fluid
465,9.03971,0.627204,,1004.45,16.5304,35397.7,,0.661189,0.0784874,,0.683968,9.94765,fluid
466,11.8477,0.671453,,1004.1,9.74834,32554.5,,0.429727,0.0417691,,0.935505,10.1919,fluid
467,15.9555,1.364,,1003.06,-7.41979,24231.9,,0.141955,0.0141842,,0.18149,9.90517,fluid
468,12.6716,1.06169,,1003.62,6.05073,28707.2,,0.294618,0.142245,,0.74316,10.3066,fluid
469,14.1472,1.81631,,1002.7,0.437867,21376,,0.748051,0.318941,,0.576268,10.0011,fluid
470,16.5359,3.17081,,1001.34,-3.26722,10545.1,,0.440582,0.258014,,-0.150185,9.89425,fluid
471,16.156,2.52155,,1001.61,-4.62745,12728,,0.742568,0.14059,,-0.475602,10.3972,fluid
472,16.1907,3.48208,,1000.63,-3.18891,4986.9,,0.790067,0.541068,,-0.0135062,10.175,fluid
473,14.0478,3.45073,,1000.76,0.18685,5973.85,,1.21221,0.722324,,0.141411,11.3123,fluid
474,7.83657,1.4466,,1004.06,14.9763,32217.5,,1.1726,0.63219,,0.908068,10.0015,fluid
475,4.19316,2.9139,,1002.93,4.6889,23231.8,,1.02906,-0.480251,,0.661208,8.24222,fluid
476,12.7405,2.45432,,1001.89,3.61536,14879.3,,1.44866,0.395304,,0.239978,11.2765,fluid
477,13.6203,2.54482,,1001.64,2.16141,12970.4,,1.18428,0.266214,,0.448969,10.6571,fluid
478,12.2241,3.14584,,1001.43,3.72957,11272.9,,1.83827,0.614125,,0.676287,10.8353,fluid
479,7.73947,4.41701,,1000.87,3.9627,6844.93,,2.84753,-0.0717259,,2.13192,10.5752,fluid
480,9.06622,1.29907,,1003.65,14.5073,28953.3,,0.783811,0.183853,,1.24768,10.0242,fluid
481,9.81712,1.0377,,1003.88,14.0883,30830.4,,0.787994,0.108956,,1.25531,10.384,fluid
482,10.4826,1.29636,,1003.44,12.5366,27300.3,,0.810269,0.26785,,1.11399,10.048,fluid
483,13.6503,1.16013,,1003.35,2.19464,26569.1,,0.374454,0.278842,,0.873448,10.434,fluid
484,12.4318,0.663009,,1004.18,7.52787,33208.7,,0.396137,0.0869993,,0.563547,10.0014,fluid
485,15.0037,1.13923,,1003.25,-3.29669,25740.8,,0.161623,0.118505,,0.581422,10.1069,fluid
486,16.4801,1.92271,,1002.48,-7.91235,19626.8,,0.275813,-0.0588006,,-0.108596,9.77071,fluid
487,17.2966,1.16218,,1003.21,-14.1668,25428,,0.0746704,-0.0221054,,0.114426,9.5176,fluid
488,14.6785,1.39903,,1002.91,-1.98759,23030,,0.0505593,0.0985842,,0.0404607,10.1403,fluid
489,7.44787,0.947238,,1004.7,17.3725,37402.8,,1.34191,0.505092,,0.471303,9.2587,fluid
490,4.19724,0.233082,,1005.46,7.07855,43538.9,,1.31805,0.0930299,,0.456713,9.33914,fluid
491,9.07147,2.85714,,1002.21,8.93947,17447.2,,1.91466,0.302457,,1.37081,9.74268,fluid
492,12.9515,2.09402,,1002.89,3.66957,22886.1,,1.01836,0.331281,,0.252124,10.1719,fluid
493,8.626,2.4864,,1002.73,11.8069,21632.6,,1.78309,0.438798,,1.35002,9.6619,fluid
494,3.36162,4.2568,,1001.95,1.14752,15404.6,,1.38797,-0.963869,,1.28037,7.69542,fluid
495,9.05966,3.33022,,1001.27,5.11874,9966.66,,2.03895,0.18538,,1.3923,9.9812,fluid
496,10.3809,0.18202,,1004.92,14.9832,39149.3,,0.644495,-0.148801,,0.831674,10.6394,fluid
497,10.905,0.233982,,1004.72,13.3192,37566.7,,0.697562,0.0916987,,0.527502,10.0112,fluid
498,9.72751,0.546904,,1004.51,15.2878,35886.7,,0.576218,0.07118,,0.594617,9.89824,fluid
499,16.7275,0.851958,,1003.61,-12.0271,28623.3,,-0.0319204,-0.164699,,0.0975679,9.65662,fluid
500,11.3762,0.712413,,1004.11,10.9399,32643.3,,0.359327,0.228451,,1.2153,9.88378,fluid
501,18.5941,1.39697,,1002.92,-19.2804,23107.4,,0.0266978,0.18135,,-0.0210927,9.33663,fluid
502,16.4335,1.16905,,1003.26,-10.1791,25854.3,,0.164663,0.236087,,0.308988,10.1231,fluid
503,17.7442,1.2572,,1003.11,-16.1036,24653.4,,0.00116692,0.0890855,,0.185012,9.2071,fluid
504,16.8817,1.83197,,1002.5,-10.1729,19802.5,,0.380036,0.174913,,0.105708,9.58787,fluid
505,2.7265,1.66839,,1004.34,0.728288,34473.8,,0.563384,-0.385699,,0.169613,8.79934,fluid
506,14.9011,3.26427,,1000.98,-0.941443,7744.84,,1.12407,0.703755,,-0.859155,10.7387,fluid
507,4.61945,2.03543,,1003.8,8.58879,30163.2,,0.698977,-0.304281,,1.04044,8.30782,fluid
508,3.87114,3.35074,,1002.44,3.67137,19291,,0.978385,-0.657329,,1.05381,8.09311,fluid
509,14.6719,2.18752,,1002.38,-1.70854,18789.5,,0.708133,0.278804,,0.503337,10.3834,fluid
510,3.18805,2.12007,,1003.99,3.69506,31674,,0.777814,-0.61881,,0.825096,9.09812,fluid
511,6.56567,1.73628,,1004.03,14.6771,32004.3,,1.30758,0.0394276,,0.880784,9.92447,fluid
512,11.0197,0.903567,,1004.04,11.6152,32100.2,,0.526557,0.0689627,,0.866868,10.2843,fluid
513,10.6345,0.750299,,1004.12,13.1772,32702.1,,0.444271,0.114381,,0.678939,9.58032,fluid
514,10.231,0.716123,,1004.24,14.7448,33703.9,,0.591565,0.0176571,,0.819819,9.91585,fluid
515,15.5305,0.618508,,1003.98,-6.62908,31578.6,,0.00234508,0.162928,,0.417326,9.76349,fluid
516,13.0562,0.241426,,1004.57,5.86176,36391.3,,0.26089,-0.0956967,,0.289148,9.973,fluid
517,15.4884,1.0821,,1003.36,-5.65809,26627.2,,0.0371917,0.224599,,0.4548,10.0218,fluid
518,18.1576,1.09097,,1003.25,-18.712,25771.8,,0.0317942,0.13061,,0.325776,9.65191,fluid
519,17.1917,0.708737,,1003.81,-14.7156,30251.9,,0.0466496,0.0258004,,0.285301,9.9632,fluid
520,17.6256,1.66382,,1002.68,-13.4107,21208.7,,0.0782607,0.148677,,0.339266,9.78261,fluid
521,17.3622,1.98675,,1002.47,-10.3345,19501.4,,0.15352,0.137131,,0.244651,9.89669,fluid
522,15.8223,2.18546,,1001.98,-5.18026,15650.1,,0.413229,0.332034,,0.422105,10.2502,fluid
523,17.1214,3.32401,,1000.92,-4.65158,7215.63,,0.459776,0.397742,,-0.800202,10.1339,fluid
524,4.79129,0.666936,,1004.9,9.60012,39000.4,,1.70058,-0.0325647,,0.194922,9.75034,fluid
525,7.51713,1.76154,,1003.69,15.0346,29254,,1.29511,0.759798,,1.0978,9.15229,fluid
526,10.8774,3.30401,,1001.06,4.80714,8312.69,,2.24207,0.347798,,0.996923,11.0617,fluid
527,10.2872,3.32124,,1001.43,5.17715,11300.2,,2.23478,0.189601,,1.13415,10.502,fluid
528,11.4149,0.223484,,1004.7,11.8205,37433.9,,0.461445,0.0362696,,0.493758,9.61863,fluid
529,11.9784,0.204002,,1004.76,9.67149,37927.6,,0.373835,-0.00602617,,0.463511,10.0361,fluid
530,12.5207,0.21431,,1004.67,7.81997,37158.3,,0.232339,0.0650266,,0.886387,9.91933,fluid
531,17.4344,0.310298,,1004.29,-16.517,34126.8,,-0.00867244,-0.0915366,,0.15402,9.50403,fluid
532,15.0228,0.63772,,1003.96,-3.99161,31454.1,,0.0316917,0.00460234,,0.124931,10.0211,fluid
533,16.1383,0.44053,,1004.19,-9.85884,33302.4,,-0.153939,0.0522403,,0.345463,9.70438,fluid
534,17.8507,0.686659,,1003.82,-18.575,30349.8,,-0.0460209,0.0893475,,0.0362238,10.0608,fluid
535,16.0515,0.900806,,1003.56,-8.6419,28239.8,,0.100466,-0.0483238,,0.17025,9.93663,fluid
536,18.2056,1.6797,,1002.58,-15.4921,20442.7,,0.00369589,0.11423,,0.132387,9.70116,fluid
537,17.9458,2.18439,,1002.12,-11.4744,16745.1,,0.180417,0.0942521,,0.0308267,9.34232,fluid
538,16.9088,1.392,,1002.92,-11.5695,23141.2,,-0.00337139,-0.185283,,-0.0283166,9.5853,fluid
539,19.0679,2.50448,,1001.31,-12.7119,10293.7,,0.0618014,0.415514,,-0.060856,8.87121,fluid
540,15.8423,3.31413,,1001.35,-2.88827,10622.6,,0.87718,0.475306,,-0.15576,10.1152,fluid
541,6.9313,2.11538,,1003.53,13.7575,27994.3,,1.2526,0.124552,,0.966782,9.08434,fluid
542,10.4614,2.79318,,1001.51,6.70779,11909.1,,1.90725,-0.00342446,,1.22341,10.4538,fluid
543,11.8708,3.13647,,1001.6,4.88131,12583.7,,2.03143,0.450082,,0.104186,11.153,fluid
544,13.7168,0.671407,,1003.92,1.70386,31143.7,,0.0549193,0.260305,,0.307472,9.75751,fluid
545,13.0636,0.685182,,1003.98,5.08037,31576,,0.298037,0.0114493,,0.513641,9.79553,fluid
546,15.7449,0.177853,,1004.56,-7.4997,36278,,-0.0721133,0.0413274,,0.206504,9.79913,fluid
547,20.4111,0.572044,,1003.84,-30.9502,30460.6,,-0.117944,-0.0161108,,0.354004,9.41138,fluid
548,14.4911,0.950329,,1003.61,-1.11767,28603.2,,0.260121,-0.00874816,,0.481975,10.0448,fluid
549,20.0885,1.25921,,1003.15,-26.8088,24985.7,,-0.0416733,0.238663,,0.183771,9.2258,fluid
550,19.4698,0.951672,,1003.43,-26.731,27171,,-0.0288554,0.100585,,0.196521,9.37737,fluid
551,20.1119,1.83776,,1002.3,-19.8857,18194.9,,-0.028602,0.0328372,,0.289247,9.38632,fluid
552,18.4357,2.29635,,1001.83,-12.1958,14445.2,,0.177328,0.173169,,0.140497,9.14887,fluid
553,19.1846,1.62397,,1002.75,-18.776,21786.7,,-0.0520596,0.153555,,0.656029,9.92586,fluid
554,17.1356,2.43294,,1001.76,-8.19683,13871.4,,0.396222,0.0779898,,0.0611507,9.55213,fluid
555,19.8522,3.4682,,1001.47,-13.0427,11617.4,,-0.0175918,0.323266,,0.13827,8.33219,fluid
556,3.18553,2.85257,,1003.29,2.7675,26064.8,,0.655378,-0.845197,,1.16973,8.17557,fluid
557,8.15513,0.39534,,1005.43,18.9443,43307.6,,1.0477,0.137044,,0.809425,9.60797,fluid
558,4.65806,2.42852,,1003.32,7.12687,26353.8,,1.00381,-0.270749,,0.981102,8.6076,fluid
559,6.00074,1.6502,,1004.05,12.6875,32169.5,,1.39552,0.0219082,,1.45601,8.84445,fluid
560,14.1155,0.20215,,1004.6,0.780604,36597,,-0.0508732,0.0734761,,0.760892,9.99804,fluid
561,14.5922,0.326952,,1004.39,-1.4786,34933.5,,0.014476,-0.0991797,,0.123155,9.81518,fluid
562,17.8932,0.224005,,1004.39,-19.1145,34936.2,,0.0100209,0.0352317,,0.514775,9.316,fluid
563,21.6808,0.950554,,1003.35,-35.9543,26567.4,,-0.0490461,0.00898124,,0.294352,9.27313,fluid
564,14.1708,0.756336,,1003.83,0.201849,30381.3,,0.261785,0.0341532,,0.161774,9.80256,fluid
565,21.5962,2.51799,,1001.56,-20.1227,12297.3,,-0.174664,0.152614,,0.564271,8.58613,fluid
566,21.2291,1.06093,,1003.16,-33.4427,25001.6,,-0.161134,-0.029821,,0.480521,9.29238,fluid
567,16.5015,0.288159,,1004.35,-11.392,34594.4,,-0.0719747,-0.118746,,0.241158,9.66782,fluid
568,18.7393,1.89681,,1002.38,-15.385,18795.3,,0.161386,-0.103223,,0.157623,9.73971,fluid
569,18.5115,0.832138,,1003.55,-21.01,28166.4,,-0.0506889,-0.0623623,,0.527637,9.62989,fluid
570,17.9148,2.59277,,1001.5,-11.0327,11853.3,,0.476001,0.293632,,-0.0793885,9.78235,fluid
571,19.8454,2.57555,,1001.41,-15.1778,11094,,0.0868498,0.274071,,0.0855846,9.20697,fluid
572,16.4346,3.42979,,1000.64,-3.29556,5058.1,,0.711028,0.494404,,0.149471,10.2666,fluid
573,4.56403,3.49579,,1002.41,5.58326,19075.3,,1.34079,-0.730923,,1.39399,8.32626,fluid
574,13.3723,2.91886,,1001.34,1.43795,10530.2,,1.43474,0.329943,,0.663553,10.2297,fluid
575,3.97361,4.1453,,1001.87,3.06959,14727.1,,1.63266,-1.06815,,1.53887,8.19501,fluid
576,13.5603,0.210189,,1004.62,2.97509,36741.2,,0.23235,0.0379436,,0.484164,10.2598,fluid
577,15.0784,0.176846,,1004.61,-4.42155,36697.9,,0.0642888,0.0077042,,0.501225,9.98107,fluid
578,22.3188,2.25119,,1001.64,-21.4728,12896.1,,-0.213524,0.0302553,,0.681122,8.7225,fluid
579,19.2593,0.251007,,1004.35,-25.7265,34619.9,,-0.015132,0.0453448,,0.562504,9.70377,fluid
580,23.2793,1.36326,,1002.65,-36.8453,20930.4,,-0.0242967,-0.0437336,,0.757559,8.97289,fluid
581,23.4754,1.76915,,1002.37,-32.0295,18731.6,,-0.0366703,0.0765388,,0.387975,9.46805,fluid
582,21.9418,1.32959,,1002.87,-32.7927,22682,,-0.0969261,0.135294,,0.574394,9.45749,fluid
583,21.1672,2.09621,,1001.97,-20.7808,15541.5,,-0.117864,-0.0843512,,0.336124,8.79633,fluid
584,19.6642,1.45763,,1002.91,-22.0123,23017.7,,-0.101243,0.160606,,0.155993,9.63124,fluid
585,20.9014,0.784375,,1003.5,-33.4134,27725.3,,-0.12686,-0.143546,,0.623706,9.16241,fluid
586,19.4094,2.70175,,1001.6,-14.1345,12625.5,,0.0635435,0.189244,,0.224019,9.6987,fluid
587,20.516,2.70202,,1001.69,-16.7623,13309.6,,-0.123606,0.17163,,0.322174,9.76044,fluid
588,17.8835,3.40225,,1001.36,-8.09559,10729.2,,0.259708,0.461378,,-1.05983,9.62241,fluid
589,4.64999,2.9388,,1003.09,6.84587,24448.8,,0.902102,-0.416104,,1.24405,8.29154,fluid
590,5.14466,2.10102,,1003.64,10.3859,28877.2,,0.965815,-0.389183,,0.829068,8.6451,fluid
591,4.63812,4.43435,,1001.14,2.92333,8978.04,,1.94538,-0.975755,,1.20784,8.44137,fluid
592,19.9048,0.80671,,1003.55,-29.1406,28147.7,,0.00797862,0.0948579,,0.66612,9.35117,fluid
593,18.3658,0.340401,,1004.32,-21.2076,34363.5,,-0.0513189,0.165806,,0.120999,9.49106,fluid
594,21.3521,1.50136,,1002.72,-27.9541,21498.3,,-0.171787,0.0407532,,0.644895,9.30985,fluid
595,16.9323,0.22261,,1004.46,-13.792,35512.2,,-0.0573335,0.0611814,,0.422703,9.6998,fluid
596,24.502,1.64965,,1002.43,-36.0009,19210.3,,0.137184,-0.0192396,,-0.316054,9.678,fluid
597,23.9217,1.51659,,1002.46,-35.9627,19474.2,,0.151429,0.150313,,0.18666,9.08774,fluid
598,24.0859,1.95681,,1001.94,-31.1038,15341.7,,-0.0405702,0.142858,,0.436592,9.43026,fluid
599,22.9082,1.69301,,1002.36,-31.3943,18633.7,,0.139955,0.27608,,0.470053,9.27949,fluid
600,21.6209,1.85827,,1002.21,-23.7492,17458.5,,-0.140638,0.0294184,,0.760808,9.31238,fluid
601,19.3543,2.21753,,1001.89,-16.0825,14951,,0.040419,0.125732,,-0.150031,8.66514,fluid
602,20.4978,1.58652,,1002.68,-23.7358,21216,,-0.0417507,0.100117,,0.559368,9.5329,fluid
603,18.8311,2.64919,,1001.47,-11.3558,11583.7,,0.190748,0.30105,,-0.211807,9.74233,fluid
604,5.29731,2.64856,,1003.07,8.94614,24346.1,,0.912102,-0.320953,,0.910567,8.8153,fluid
605,11.6088,3.42598,,1000.81,2.90041,6407.8,,2.06529,0.577745,,0.779443,12.0007,fluid
606,6.62064,3.30974,,1001.93,9.10035,15225.2,,1.89497,-0.240909,,1.67588,9.19496,fluid
607,14.3812,2.93221,,1001.51,-0.695297,11925.6,,0.996894,0.319111,,0.125676,10.3417,fluid
608,22.7557,2.05363,,1002.07,-24.6506,16341.8,,-0.068735,-0.176278,,0.680094,9.5773,fluid
609,22.4359,1.47112,,1002.51,-32.6439,19821.7,,-0.0747483,0.0851633,,0.506378,9.27127,fluid
610,22.0961,1.83311,,1002.09,-25.4335,16472,,-0.167533,0.0415593,,0.496816,9.22154,fluid
611,18.7867,0.230757,,1004.37,-23.4189,34739.9,,-0.0871027,0.0227211,,0.245114,9.8062,fluid
612,24.1555,1.15109,,1002.85,-39.7364,22587.9,,-0.0830261,0.171032,,0.350421,9.22516,fluid
613,24.7043,0.168521,,1004.06,-48.8819,32268.5,,-0.236837,0.0329284,,0.517014,9.4498,fluid
614,22.8613,0.188525,,1004.18,-43.2305,33225.1,,-0.130425,-0.0276776,,0.726335,9.43253,fluid
615,24.8045,0.647409,,1003.45,-46.5797,27380.5,,0.017161,-0.0604315,,0.0895194,9.3571,fluid
616,20.8893,2.52491,,1001.46,-17.6528,11509.2,,-0.0547851,0.22618,,0.259514,8.75455,fluid
617,19.0513,1.25834,,1003.05,-22.3978,24170.3,,-0.0563162,0.0608817,,0.119713,9.24292,fluid
618,21.8937,2.4808,,1001.55,-20.0972,12185.4,,-0.274065,0.127383,,0.982462,8.65937,fluid
619,19.0165,0.75386,,1003.6,-23.9297,28566.2,,0.0415128,-0.101731,,0.13296,9.46217,fluid
620,5.76692,3.12546,,1002.62,8.57998,20747,,1.41132,-0.525745,,0.82667,8.79057,fluid
621,8.20989,3.92915,,1001,4.63592,7879.95,,2.45838,0.0108504,,1.97298,10.3959,fluid
622,13.0088,3.53819,,1000.65,0.972099,5135.64,,1.49705,0.801475,,0.645062,11.071,fluid
623,7.00365,2.93352,,1002.72,10.4245,21540.8,,1.19655,-0.0372851,,1.7507,9.54659,fluid
624,22.3557,0.946211,,1003.47,-37.7824,27550,,-0.0599337,0.0867258,,0.533337,9.54661,fluid
625,22.8528,1.11343,,1003.03,-38.3452,24011.3,,-0.104856,0.0288947,,0.445809,9.34569,fluid
626,21.9326,0.600454,,1003.87,-37.4781,30714.1,,-0.0454851,0.0645306,,0.667036,9.04229,fluid
627,21.2113,0.370871,,1004.08,-34.5746,32398,,0.0624308,-0.0462043,,0.405459,9.4066,fluid
628,23.1482,0.723529,,1003.56,-41.9354,28268.9,,0.0282297,0.072357,,0.326945,9.77028,fluid
629,24.6298,0.998299,,1002.89,-43.5547,22862.4,,0.0333713,-0.0907584,,-0.0784487,9.46498,fluid
630,24.2262,0.306003,,1003.91,-46.2941,31032.7,,-0.0635106,0.150482,,0.246155,9.3571,fluid
631,23.5691,2.13097,,1001.87,-26.0388,14742.2,,-0.181179,-0.0657659,,0.354212,9.82292,fluid
632,20.9035,1.60931,,1002.66,-24.5333,21072.7,,-0.0399228,0.0759486,,0.416106,9.38973,fluid
633,20.5544,1.08512,,1003.21,-30.6541,25465.5,,-0.0741156,0.0830262,,0.478098,9.35601,fluid
634,22.3695,2.64808,,1001.55,-19.1032,12231.9,,-0.122725,-0.108603,,0.8711,9.34591,fluid
635,20.2015,2.52914,,1001.21,-15.1582,9564.95,,-0.0411259,0.397393,,-0.0276836,8.58421,fluid
636,18.1313,3.51952,,1000.96,-7.91592,7591,,0.208901,0.466016,,-0.857857,9.23287,fluid
637,3.60809,1.48038,,1004.65,5.06579,36985.9,,0.915597,-0.584292,,1.14138,9.40635,fluid
638,7.4031,2.57964,,1003.04,11.9564,24037.7,,1.5228,0.397065,,1.72223,9.97703,fluid
639,9.6932,3.23281,,1001.13,6.48725,8933.17,,2.20597,0.25263,,1.86691,9.79332,fluid
640,23.6119,0.952907,,1003.22,-40.126,25539.1,,0.0510445,-0.0281146,,0.502525,9.61069,fluid
641,22.1894,0.169553,,1004.1,-40.1756,32566.6,,0.0302326,0.128665,,0.466357,9.86355,fluid
642,23.3713,0.38072,,1003.95,-43.8405,31392.5,,-0.0673889,0.0648655,,0.368717,8.8681,fluid
643,19.6759,0.3748,,1004.19,-27.8738,33267.2,,-0.0705216,0.112299,,0.223031,9.37032,fluid
644,24.8445,2.26943,,1001.56,-26.8914,12312.2,,-0.116435,0.0511616,,-0.176642,9.53432,fluid
645,12.2717,2.58209,,1001.45,5.15832,11463.1,,1.49341,0.115479,,0.250611,10.6268,fluid
646,24.8503,1.52968,,1002.7,-39.2081,21328.7,,0.0441288,0.252787,,-0.168051,9.17424,fluid
647,24.0655,0.723116,,1003.38,-42.7173,26764.6,,-0.035018,0.205227,,0.395115,9.39708,fluid
648,23.9172,2.59751,,1001.34,-18.1806,10563.8,,-0.197079,0.060786,,0.154561,9.17235,fluid
649,17.4626,3.28313,,1001.44,-6.1539,11334.6,,0.555473,0.37559,,-0.76953,9.9158,fluid
650,21.2432,2.66159,,1001.28,-17.7513,10077.9,,-0.159564,0.308615,,0.31781,8.58145,fluid
651,18.8809,3.55748,,1001.26,-7.61478,9887.69,,0.318183,0.280083,,-0.313607,8.85017,fluid
652,7.4393,3.30618,,1001.97,8.54391,15563.9,,1.73181,0.0645142,,1.91477,9.40014,fluid
653,8.52412,2.99633,,1002.19,9.56006,17331,,2.08667,0.337007,,1.65954,10.102,fluid
654,9.89286,3.77927,,1000.71,2.84213,5617.42,,2.50769,0.362354,,1.48825,10.9993,fluid
655,1.65876,5.39332,,1000.93,-9.07042,7308.03,,0.849452,-1.58299,,0.241816,6.74221,fluid
656,23.745,0.235797,,1004.06,-44.096,32222.6,,-0.124397,-0.107122,,0.570871,9.15694,fluid
657,21.2899,3.23789,,1001.59,-11.3504,12504.8,,-0.473267,0.0275243,,0.871529,8.76222,fluid
658,22.5735,0.551242,,1003.87,-40.5441,30758.3,,0.0200177,0.230373,,0.488497,9.10235,fluid
659,21.5792,0.254395,,1004.22,-36.4714,33565.7,,-0.0188085,0.103708,,0.686228,9.10109,fluid
660,21.874,3.25351,,1001.04,-12.4579,8223.91,,-0.167713,-0.0381934,,1.08617,8.65211,fluid
661,20.8403,3.58428,,1000.98,-12.4881,7681.32,,-0.0362364,0.545853,,1.17852,8.88347,fluid
662,22.4866,3.30279,,1000.83,-12.0405,6527.84,,-0.118027,-0.0819998,,1.45735,9.19109,fluid
663,20.5492,2.25051,,1001.75,-18.65,13833.8,,-0.0975992,0.135006,,0.374182,8.26963,fluid
664,23.2668,2.55438,,1001.25,-19.4918,9848.24,,-0.123223,0.207421,,0.935642,8.93416,fluid
665,24.8692,2.91515,,1000.82,-14.7049,6437.01,,-0.0919325,-0.0242513,,-0.428354,9.1384,fluid
666,3.27711,-82.597,,968.775,0,-223258,,-3.70661,-39.579,,0,0,fluid
667,13.3058,2.11295,,1002.54,2.36132,20047.7,,0.931732,0.497178,,1.00159,10.6394,fluid
668,18.4119,3.58089,,1000.9,-7.20651,7114.39,,0.207243,0.404805,,-0.634904,8.96868,fluid
669,6.3709,0.999398,,1004.58,14.5276,36459.4,,1.46575,0.160688,,0.337143,9.90881,fluid
670,2.43494,0.801186,,1005.05,0.828469,40276.9,,1.02911,-0.29148,,1.03026,9.46726,fluid
671,8.29045,1.89993,,1003.26,14.1473,25873.1,,1.25011,0.4648,,1.1506,9.80495,fluid
672,19.4659,3.53511,,1001.24,-11.6939,9754.7,,0.274453,0.346039,,-0.648672,8.574,fluid
673,22.9393,2.50606,,1001.44,-20.0985,11335.8,,-0.118001,0.0911129,,0.619988,8.90263,fluid
674,4.77252,4.13348,,1001.59,3.73686,12552.4,,2.02324,-0.95036,,1.45867,8.31327,fluid
675,20.126,3.40647,,1002,-10.9827,15780.6,,0.306569,0.172454,,1.29203,8.11578,fluid
676,20.757,0.194214,,1004.33,-32.586,34398.2,,-0.0993811,0.061241,,0.63476,9.62978,fluid
677,24.1012,2.83813,,1001.08,-16.3197,8526.34,,0.0857439,0.149158,,0.664869,10.4387,fluid
678,19.1872,3.63904,,1000.66,-9.248,5155.59,,0.286374,0.38505,,-0.432433,8.32953,fluid
679,24.5679,3.08299,,1000.69,-12.632,5462.3,,-0.189229,0.100434,,-0.00620114,9.94193,fluid
680,24.3938,2.28555,,1001.66,-25.4963,13062.1,,-0.152908,0.171665,,0.662879,9.39703,fluid
681,21.1027,3.61469,,1000.46,-10.1818,3638.57,,-0.0929545,0.451332,,1.43586,8.24434,fluid
682,22.938,3.12263,,1000.94,-12.9795,7388.81,,-0.237316,-0.0670187,,1.1581,9.52949,fluid
683,11.4236,2.54094,,1001.78,6.44608,14049.1,,1.59355,0.22229,,0.897889,11.119,fluid
684,5.29496,1.51387,,1004.31,11.1186,34304.3,,1.22951,-0.258173,,0.963053,9.4214,fluid
685,12.2842,3.56863,,1000.57,0.873138,4480.67,,1.9167,0.826584,,0.150752,11.3564,fluid
686,14.0566,2.46109,,1001.93,0.967993,15209.4,,1.20965,0.276475,,-0.0375593,10.56,fluid
687,7.70624,0.298341,,1005.51,18.3787,44000.7,,1.16846,0.123065,,1.12201,9.18091,fluid
688,19.754,2.08766,,1002.01,-17.8992,15833,,-0.00246176,0.075585,,0.220503,8.79811,fluid
689,15.6361,3.46211,,1000.74,-2.70516,5848.54,,0.794505,0.602144,,-0.282116,10.1784,fluid
690,8.09461,3.42522,,1001.07,6.42071,8387.26,,1.84811,0.0928064,,2.03738,9.85224,fluid
691,20.1086,0.1861,,1004.43,-29.7429,35224.8,,-0.120158,0.0154498,,0.566412,9.88086,fluid
692,2.99215,0.671913,,1005.12,2.47676,40790.4,,1.21678,-0.343256,,0.540193,9.82881,fluid
693,23.0959,3.27874,,1000.49,-9.65059,3869.93,,-0.144816,-0.0405376,,1.32332,9.12556,fluid
694,23.5181,3.32128,,1000.49,-8.51444,3865.17,,-0.0027079,0.0176374,,1.19565,9.54442,fluid
695,23.6131,3.21012,,1000.63,-11.724,4914.4,,0.0892069,0.0374971,,1.19129,9.89923,fluid
696,24.209,3.11586,,1000.48,-11.2733,3792.71,,-0.0669423,0.187049,,0.531379,9.90292,fluid
697,6.20948,3.02202,,1002.35,9.23117,18543.7,,1.22844,-0.296127,,1.6505,9.16012,fluid
698,20.4313,3.73095,,1000.22,-10.5021,1720.92,,0.227749,0.665039,,1.04319,7.52282,fluid
699,3.62797,3.77871,,1002.09,2.6772,16516,,1.24356,-0.706899,,1.04358,7.6101,fluid
700,11.2752,3.54053,,1000.67,2.37986,5255.02,,2.17343,0.501387,,1.03116,11.8732,fluid
701,7.19325,1.33286,,1004.29,16.0498,34142.6,,1.27894,0.293755,,1.20519,9.79837,fluid
702,8.0242,2.25374,,1003.02,13.2322,23948.9,,1.63173,0.565774,,1.53807,9.38992,fluid
703,17.3651,3.76645,,1000.46,-3.28391,3645.45,,0.216735,0.493374,,-1.29628,9.85642,fluid
704,12.9532,3.02003,,1001.36,1.50757,10734.3,,1.48168,0.488857,,0.539245,10.0903,fluid
705,5.32872,0.569838,,1005.23,11.4546,41720.9,,1.53144,-0.100288,,0.634712,9.66221,fluid
706,39.0572,-793.884,,997.944,0.0398201,-16033,,-2.31598,-126.701,,6.65566,-17.5005,fluid
707,39.3486,-794.651,,997.978,0.0964625,-15770.7,,1.7184,-125.173,,-1.39292,3.78262,fluid
708,-88.2341,-580.378,,998.564,23.7219,-11220.9,,-11.0616,-106.154,,-0.988465,-3.89417,fluid
709,-88.4864,-581.381,,998.26,12.6228,-13587.5,,-8.32262,-106.673,,0.346487,1.77092,fluid
710,22.0823,3.52855,,1000.4,-7.64618,3162.7,,-0.254671,0.0278918,,1.17779,8.29026,fluid
711,18.6489,3.65017,,1000.66,-6.20641,5188.25,,0.209261,0.3797,,-0.379544,8.63713,fluid
712,21.6474,3.63082,,1000.3,-6.05978,2378.45,,-0.0718969,0.156582,,1.06997,7.97108,fluid
713,22.4069,3.59078,,1000.41,-6.19254,3202.95,,-0.140817,-0.0384229,,1.43229,8.50987,fluid
714,20.69,3.86546,,1000.2,-4.34912,1590.17,,-0.0149272,0.607071,,1.11294,7.48035,fluid
715,4.06331,1.13168,,1004.76,6.31417,37877.8,,1.25151,-0.167451,,0.188868,9.1375,fluid
716,7.4605,2.13976,,1003.49,13.5615,27702.7,,1.38676,0.495696,,1.37418,9.70533,fluid
717,8.06943,2.69083,,1002.59,11.3265,20507.3,,1.82462,0.467202,,1.75245,9.56532,fluid
718,5.00613,4.91873,,1000.73,2.24421,5729.06,,2.66899,-1.10808,,1.78242,9.07404,fluid
719,6.83004,4.63687,,1000.69,3.21665,5396,,3.0004,-0.28277,,2.53177,9.68067,fluid
720,-126.221,-840.196,,979.982,0.160569,-147973,,-12.3523,-127.74,,-10.694,-14.2984,fluid
721,11.1593,3.06159,,1001.5,5.02538,11795.7,,1.8823,0.116273,,1.24949,10.2254,fluid
722,39.3362,-794.653,,997.855,-0.0474127,-16723,,1.75179,-125.304,,-0.0258832,4.16167,fluid
723,-87.4529,-425.43,,970.471,0,-212194,,-10.2059,-91.0749,,0,0,fluid
724,39.3509,-794.641,,998.048,-0.341777,-15232.4,,1.61328,-125.145,,-1.65588,2.68478,fluid
725,39.352,-794.648,,998.022,0.031135,-15432,,1.68594,-125.138,,-1.76321,3.4368,fluid
726,39.3525,-794.648,,998.03,0.0226239,-15368.9,,1.68626,-125.13,,-1.81777,3.43458,fluid
727,-126.351,-840.299,,979.973,0.395215,-148040,,-10.1025,-130.533,,49.4943,34.8017,fluid
728,-126.167,-840.182,,979.869,0.437156,-148764,,-12.6456,-126.502,,-38.8003,-20.5033,fluid
729,-88.4938,-581.39,,998.17,13.0383,-14282.8,,-8.25733,-106.724,,0.641978,2.12325,fluid
730,19.7262,3.92656,,999.97,-2.15332,-238.748,,0.31806,0.478373,,0.208678,7.09638,fluid
731,13.3971,3.51105,,1000.75,1.01432,5932.8,,1.46272,0.729352,,0.583767,11.2617,fluid
732,10.1985,3.74261,,1000.68,2.72365,5352.51,,2.43538,0.380947,,1.6835,11.1377,fluid
733,1.88609,3.47158,,1002.55,-0.967865,20191.4,,0.503281,-0.769293,,0.430517,7.17657,fluid
734,3.1443,5.82445,,1000.64,-0.087544,5006.47,,1.80143,-1.80287,,1.3926,7.83274,fluid
735,8.13233,4.25564,,1000.79,3.60539,6235.69,,2.75369,0.00159298,,2.32702,10.5134,fluid
