h/dp :,2
L2norm Pressure,KE,dp,Nparticles
77033.8,2.57206e+08,0.5,640

t,4.04
ID,x,y,,rho,drhodt,pressure,,u,v,,du_rdt,du_zdt,Type
0,0.25,-0.25,,1007.02,0,56285.5,,0,0,,0,0,boundary
1,0.75,-0.25,,1006.97,0,55842,,0,0,,0,0,boundary
2,1.25,-0.25,,1006.85,0,54861.9,,0,0,,0,0,boundary
3,1.75,-0.25,,1006.66,0,53346.9,,0,0,,0,0,boundary
4,2.25,-0.25,,1006.41,0,51308,,0,0,,0,0,boundary
5,2.75,-0.25,,1006.12,0,48910.8,,0,0,,0,0,boundary
6,3.25,-0.25,,1005.79,0,46232.8,,0,0,,0,0,boundary
7,3.75,-0.25,,1005.44,0,43403.4,,0,0,,0,0,boundary
8,4.25,-0.25,,1005.1,0,40671.6,,0,0,,0,0,boundary
9,4.75,-0.25,,1004.78,0,38094.8,,0,0,,0,0,boundary
10,5.25,-0.25,,1004.49,0,35751.5,,0,0,,0,0,boundary
11,5.75,-0.25,,1004.24,0,33686.2,,0,0,,0,0,boundary
12,6.25,-0.25,,1004,0,31802.8,,0,0,,0,0,boundary
13,6.75,-0.25,,1003.8,0,30188.6,,0,0,,0,0,boundary
14,7.25,-0.25,,1003.62,0,28697.7,,0,0,,0,0,boundary
15,7.75,-0.25,,1003.45,0,27341.4,,0,0,,0,0,boundary
16,8.25,-0.25,,1003.28,0,26010.5,,0,0,,0,0,boundary
17,8.75,-0.25,,1003.12,0,24741.3,,0,0,,0,0,boundary
18,9.25,-0.25,,1002.97,0,23542.6,,0,0,,0,0,boundary
19,9.75,-0.25,,1002.84,0,22447,,0,0,,0,0,boundary
20,10.25,-0.25,,1002.71,0,21415.5,,0,0,,0,0,boundary
21,10.75,-0.25,,1002.59,0,20481.5,,0,0,,0,0,boundary
22,11.25,-0.25,,1002.49,0,19656.4,,0,0,,0,0,boundary
23,11.75,-0.25,,1002.39,0,18924.7,,0,0,,0,0,boundary
24,12.25,-0.25,,1002.31,0,18239.8,,0,0,,0,0,boundary
25,12.75,-0.25,,1002.22,0,17509.4,,0,0,,0,0,boundary
26,13.25,-0.25,,1002.13,0,16799.9,,0,0,,0,0,boundary
27,13.75,-0.25,,1002.04,0,16127.9,,0,0,,0,0,boundary
28,14.25,-0.25,,1001.97,0,15580.8,,0,0,,0,0,boundary
29,14.75,-0.25,,1001.9,0,15031.2,,0,0,,0,0,boundary
30,15.25,-0.25,,1001.83,0,14476.4,,0,0,,0,0,boundary
31,15.75,-0.25,,1001.75,0,13834.2,,0,0,,0,0,boundary
32,16.25,-0.25,,1001.67,0,13205,,0,0,,0,0,boundary
33,16.75,-0.25,,1001.6,0,12592.2,,0,0,,0,0,boundary
34,17.25,-0.25,,1001.51,0,11935.9,,0,0,,0,0,boundary
35,17.75,-0.25,,1001.44,0,11312.7,,0,0,,0,0,boundary
36,18.25,-0.25,,1001.33,0,10509.8,,0,0,,0,0,boundary
37,18.75,-0.25,,1001.18,0,9318.62,,0,0,,0,0,boundary
38,19.25,-0.25,,1000.99,0,7755.66,,0,0,,0,0,boundary
39,19.75,-0.25,,1000.79,0,6238.51,,0,0,,0,0,boundary
40,20.25,-0.25,,1000.62,0,4842.08,,0,0,,0,0,boundary
41,20.75,-0.25,,1000.44,0,3469.14,,0,0,,0,0,boundary
42,21.25,-0.25,,1000.2,0,1581.65,,0,0,,0,0,boundary
43,21.75,-0.25,,1000,0,0,,0,0,,0,0,boundary
44,22.25,-0.25,,1000,0,0,,0,0,,0,0,boundary
45,22.75,-0.25,,1000,0,0,,0,0,,0,0,boundary
46,23.25,-0.25,,1000,0,0,,0,0,,0,0,boundary
47,23.75,-0.25,,1000,0,0,,0,0,,0,0,boundary
48,24.25,-0.25,,1000,0,0,,0,0,,0,0,boundary
49,24.75,-0.25,,1000,0,0,,0,0,,0,0,boundary
50,25.25,-0.25,,1000,0,0,,0,0,,0,0,boundary
51,25.75,-0.25,,1000,0,0,,0,0,,0,0,boundary
52,26.25,-0.25,,1000,0,0,,0,0,,0,0,boundary
53,26.75,-0.25,,1000,0,0,,0,0,,0,0,boundary
54,27.25,-0.25,,1000,0,0,,0,0,,0,0,boundary
55,27.75,-0.25,,1000,0,0,,0,0,,0,0,boundary
56,28.25,-0.25,,1000,0,0,,0,0,,0,0,boundary
57,28.75,-0.25,,1000,0,0,,0,0,,0,0,boundary
58,29.25,-0.25,,1000,0,0,,0,0,,0,0,boundary
59,29.75,-0.25,,1000,0,0,,0,0,,0,0,boundary
60,30.25,-0.25,,1000,0,0,,0,0,,0,0,boundary
61,30.75,-0.25,,1000,0,0,,0,0,,0,0,boundary
62,31.25,-0.25,,1000,0,0,,0,0,,0,0,boundary
63,31.75,-0.25,,1000,0,0,,0,0,,0,0,boundary
64,32.25,-0.25,,1000,0,0,,0,0,,0,0,boundary
65,32.75,-0.25,,1000,0,0,,0,0,,0,0,boundary
66,33.25,-0.25,,1000,0,0,,0,0,,0,0,boundary
67,33.75,-0.25,,1000,0,0,,0,0,,0,0,boundary
68,34.25,-0.25,,1000,0,0,,0,0,,0,0,boundary
69,34.75,-0.25,,1000,0,0,,0,0,,0,0,boundary
70,35.25,-0.25,,1000,0,0,,0,0,,0,0,boundary
71,35.75,-0.25,,1000,0,0,,0,0,,0,0,boundary
72,36.25,-0.25,,1000,0,0,,0,0,,0,0,boundary
73,36.75,-0.25,,1000.41,0,3240.43,,0,0,,0,0,boundary
74,37.25,-0.25,,1000.65,0,5142.26,,0,0,,0,0,boundary
75,37.75,-0.25,,1000.61,0,4817.78,,0,0,,0,0,boundary
76,38.25,-0.25,,1000.48,0,3797.49,,0,0,,0,0,boundary
77,38.75,-0.25,,1000.37,0,2870.35,,0,0,,0,0,boundary
78,39.25,-0.25,,1000.29,0,2302,,0,0,,0,0,boundary
79,39.75,-0.25,,1000.25,0,1951.27,,0,0,,0,0,boundary
80,40.25,-0.25,,1000.03,0,243.682,,0,0,,0,0,boundary
81,40.75,-0.25,,1000,0,0,,0,0,,0,0,boundary
82,41.25,-0.25,,1000,0,0,,0,0,,0,0,boundary
83,41.75,-0.25,,1000,0,0,,0,0,,0,0,boundary
84,42.25,-0.25,,1000,0,0,,0,0,,0,0,boundary
85,42.75,-0.25,,1000,0,0,,0,0,,0,0,boundary
86,43.25,-0.25,,1000,0,0,,0,0,,0,0,boundary
87,43.75,-0.25,,1000,0,0,,0,0,,0,0,boundary
88,44.25,-0.25,,1000,0,0,,0,0,,0,0,boundary
89,44.75,-0.25,,1000,0,0,,0,0,,0,0,boundary
90,45.25,-0.25,,1000,0,0,,0,0,,0,0,boundary
91,45.75,-0.25,,1000,0,0,,0,0,,0,0,boundary
92,46.25,-0.25,,1000,0,0,,0,0,,0,0,boundary
93,46.75,-0.25,,1000,0,0,,0,0,,0,0,boundary
94,47.25,-0.25,,1000,0,0,,0,0,,0,0,boundary
95,47.75,-0.25,,1000,0,0,,0,0,,0,0,boundary
96,48.25,-0.25,,1000,0,0,,0,0,,0,0,boundary
97,48.75,-0.25,,1000,0,0,,0,0,,0,0,boundary
98,49.25,-0.25,,1000,0,0,,0,0,,0,0,boundary
99,49.75,-0.25,,1000,0,0,,0,0,,0,0,boundary
100,50.25,-0.25,,1000,0,0,,0,0,,0,0,boundary
101,50.75,-0.25,,1000,0,0,,0,0,,0,0,boundary
102,51.25,-0.25,,1000,0,0,,0,0,,0,0,boundary
103,51.75,-0.25,,1000,0,0,,0,0,,0,0,boundary
104,52.25,-0.25,,1000,0,0,,0,0,,0,0,boundary
105,52.75,-0.25,,1000,0,0,,0,0,,0,0,boundary
106,53.25,-0.25,,1000,0,0,,0,0,,0,0,boundary
107,53.75,-0.25,,1000,0,0,,0,0,,0,0,boundary
108,54.25,-0.25,,1000,0,0,,0,0,,0,0,boundary
109,54.75,-0.25,,1000,0,0,,0,0,,0,0,boundary
110,55.25,-0.25,,1000,0,0,,0,0,,0,0,boundary
111,55.75,-0.25,,1000,0,0,,0,0,,0,0,boundary
112,56.25,-0.25,,1000,0,0,,0,0,,0,0,boundary
113,56.75,-0.25,,1000,0,0,,0,0,,0,0,boundary
114,57.25,-0.25,,1000,0,0,,0,0,,0,0,boundary
115,57.75,-0.25,,1000,0,0,,0,0,,0,0,boundary
116,58.25,-0.25,,1000,0,0,,0,0,,0,0,boundary
117,58.75,-0.25,,1000,0,0,,0,0,,0,0,boundary
118,59.25,-0.25,,1000,0,0,,0,0,,0,0,boundary
119,59.75,-0.25,,1000,0,0,,0,0,,0,0,boundary
120,60.25,-0.25,,1000,0,0,,0,0,,0,0,boundary
121,60.75,-0.25,,1000,0,0,,0,0,,0,0,boundary
122,61.25,-0.25,,1000,0,0,,0,0,,0,0,boundary
123,61.75,-0.25,,1000,0,0,,0,0,,0,0,boundary
124,62.25,-0.25,,1000,0,0,,0,0,,0,0,boundary
125,62.75,-0.25,,1000,0,0,,0,0,,0,0,boundary
126,63.25,-0.25,,1000,0,0,,0,0,,0,0,boundary
127,63.75,-0.25,,1000,0,0,,0,0,,0,0,boundary
128,64.25,-0.25,,1000,0,0,,0,0,,0,0,boundary
129,64.75,-0.25,,1000,0,0,,0,0,,0,0,boundary
130,65.25,-0.25,,1000,0,0,,0,0,,0,0,boundary
131,65.75,-0.25,,1000,0,0,,0,0,,0,0,boundary
132,66.25,-0.25,,1000,0,0,,0,0,,0,0,boundary
133,66.75,-0.25,,1000,0,0,,0,0,,0,0,boundary
134,67.25,-0.25,,1000,0,0,,0,0,,0,0,boundary
135,67.75,-0.25,,1000,0,0,,0,0,,0,0,boundary
136,68.25,-0.25,,1000,0,0,,0,0,,0,0,boundary
137,68.75,-0.25,,1000,0,0,,0,0,,0,0,boundary
138,69.25,-0.25,,1000,0,0,,0,0,,0,0,boundary
139,69.75,-0.25,,1000,0,0,,0,0,,0,0,boundary
140,70.25,-0.25,,1000,0,0,,0,0,,0,0,boundary
141,70.75,-0.25,,1000,0,0,,0,0,,0,0,boundary
142,71.25,-0.25,,1000,0,0,,0,0,,0,0,boundary
143,71.75,-0.25,,1000,0,0,,0,0,,0,0,boundary
144,72.25,-0.25,,1000,0,0,,0,0,,0,0,boundary
145,72.75,-0.25,,1000,0,0,,0,0,,0,0,boundary
146,73.25,-0.25,,1000,0,0,,0,0,,0,0,boundary
147,73.75,-0.25,,1000,0,0,,0,0,,0,0,boundary
148,74.25,-0.25,,1000,0,0,,0,0,,0,0,boundary
149,74.75,-0.25,,1000,0,0,,0,0,,0,0,boundary
150,75.25,-0.25,,1000,0,0,,0,0,,0,0,boundary
151,75.75,-0.25,,1000,0,0,,0,0,,0,0,boundary
152,76.25,-0.25,,1000,0,0,,0,0,,0,0,boundary
153,76.75,-0.25,,1000,0,0,,0,0,,0,0,boundary
154,77.25,-0.25,,1000,0,0,,0,0,,0,0,boundary
155,77.75,-0.25,,1000,0,0,,0,0,,0,0,boundary
156,78.25,-0.25,,1000,0,0,,0,0,,0,0,boundary
157,78.75,-0.25,,1000,0,0,,0,0,,0,0,boundary
158,79.25,-0.25,,1000,0,0,,0,0,,0,0,boundary
159,79.75,-0.25,,1000,0,0,,0,0,,0,0,boundary
160,80.25,-0.25,,1000,0,0,,0,0,,0,0,boundary
161,80.75,-0.25,,1000,0,0,,0,0,,0,0,boundary
162,81.25,-0.25,,1000,0,0,,0,0,,0,0,boundary
163,81.75,-0.25,,1000,0,0,,0,0,,0,0,boundary
164,82.25,-0.25,,1000,0,0,,0,0,,0,0,boundary
165,82.75,-0.25,,1000,0,0,,0,0,,0,0,boundary
166,83.25,-0.25,,1000,0,0,,0,0,,0,0,boundary
167,83.75,-0.25,,1000,0,0,,0,0,,0,0,boundary
168,84.25,-0.25,,1000,0,0,,0,0,,0,0,boundary
169,84.75,-0.25,,1000,0,0,,0,0,,0,0,boundary
170,85.25,-0.25,,1000,0,0,,0,0,,0,0,boundary
171,85.75,-0.25,,1000,0,0,,0,0,,0,0,boundary
172,86.25,-0.25,,1000,0,0,,0,0,,0,0,boundary
173,86.75,-0.25,,1000,0,0,,0,0,,0,0,boundary
174,87.25,-0.25,,1000,0,0,,0,0,,0,0,boundary
175,87.75,-0.25,,1000,0,0,,0,0,,0,0,boundary
176,88.25,-0.25,,1000,0,0,,0,0,,0,0,boundary
177,88.75,-0.25,,1000,0,0,,0,0,,0,0,boundary
178,89.25,-0.25,,1000,0,0,,0,0,,0,0,boundary
179,89.75,-0.25,,1000,0,0,,0,0,,0,0,boundary
180,90.25,-0.25,,1000,0,0,,0,0,,0,0,boundary
181,90.75,-0.25,,1000,0,0,,0,0,,0,0,boundary
182,91.25,-0.25,,1000,0,0,,0,0,,0,0,boundary
183,91.75,-0.25,,1000,0,0,,0,0,,0,0,boundary
184,92.25,-0.25,,1000,0,0,,0,0,,0,0,boundary
185,92.75,-0.25,,1000,0,0,,0,0,,0,0,boundary
186,93.25,-0.25,,1000,0,0,,0,0,,0,0,boundary
187,93.75,-0.25,,1000,0,0,,0,0,,0,0,boundary
188,94.25,-0.25,,1000,0,0,,0,0,,0,0,boundary
189,94.75,-0.25,,1000,0,0,,0,0,,0,0,boundary
190,95.25,-0.25,,1000,0,0,,0,0,,0,0,boundary
191,95.75,-0.25,,1000,0,0,,0,0,,0,0,boundary
192,96.25,-0.25,,1000,0,0,,0,0,,0,0,boundary
193,96.75,-0.25,,1000,0,0,,0,0,,0,0,boundary
194,97.25,-0.25,,1000,0,0,,0,0,,0,0,boundary
195,97.75,-0.25,,1000,0,0,,0,0,,0,0,boundary
196,98.25,-0.25,,1000,0,0,,0,0,,0,0,boundary
197,98.75,-0.25,,1000,0,0,,0,0,,0,0,boundary
198,99.25,-0.25,,1000,0,0,,0,0,,0,0,boundary
199,99.75,-0.25,,1000,0,0,,0,0,,0,0,boundary
200,100.25,-0.25,,1000,0,0,,0,0,,0,0,boundary
201,100.75,-0.25,,1000,0,0,,0,0,,0,0,boundary
202,101.25,-0.25,,1000,0,0,,0,0,,0,0,boundary
203,101.75,-0.25,,1000,0,0,,0,0,,0,0,boundary
204,0.25,-0.75,,1008.05,0,64682.8,,0,0,,0,0,boundary
205,0.75,-0.75,,1008.01,0,64354.4,,0,0,,0,0,boundary
206,1.25,-0.75,,1007.9,0,63505.1,,0,0,,0,0,boundary
207,1.75,-0.75,,1007.73,0,62058.4,,0,0,,0,0,boundary
208,2.25,-0.75,,1007.48,0,60068.1,,0,0,,0,0,boundary
209,2.75,-0.75,,1007.2,0,57733.4,,0,0,,0,0,boundary
210,3.25,-0.75,,1006.88,0,55121,,0,0,,0,0,boundary
211,3.75,-0.75,,1006.54,0,52326.1,,0,0,,0,0,boundary
212,4.25,-0.75,,1006.2,0,49603.5,,0,0,,0,0,boundary
213,4.75,-0.75,,1005.88,0,46986.5,,0,0,,0,0,boundary
214,5.25,-0.75,,1005.59,0,44596.3,,0,0,,0,0,boundary
215,5.75,-0.75,,1005.32,0,42443.6,,0,0,,0,0,boundary
216,6.25,-0.75,,1005.08,0,40492.4,,0,0,,0,0,boundary
217,6.75,-0.75,,1004.87,0,38811.9,,0,0,,0,0,boundary
218,7.25,-0.75,,1004.67,0,37173.5,,0,0,,0,0,boundary
219,7.75,-0.75,,1004.48,0,35629,,0,0,,0,0,boundary
220,8.25,-0.75,,1004.28,0,34013.9,,0,0,,0,0,boundary
221,8.75,-0.75,,1004.08,0,32424.9,,0,0,,0,0,boundary
222,9.25,-0.75,,1003.9,0,30944.3,,0,0,,0,0,boundary
223,9.75,-0.75,,1003.71,0,29448.6,,0,0,,0,0,boundary
224,10.25,-0.75,,1003.55,0,28138.8,,0,0,,0,0,boundary
225,10.75,-0.75,,1003.38,0,26781.9,,0,0,,0,0,boundary
226,11.25,-0.75,,1003.25,0,25780.9,,0,0,,0,0,boundary
227,11.75,-0.75,,1003.12,0,24750.8,,0,0,,0,0,boundary
228,12.25,-0.75,,1003.01,0,23864.4,,0,0,,0,0,boundary
229,12.75,-0.75,,1002.88,0,22798.4,,0,0,,0,0,boundary
230,13.25,-0.75,,1002.76,0,21827.8,,0,0,,0,0,boundary
231,13.75,-0.75,,1002.64,0,20885.9,,0,0,,0,0,boundary
232,14.25,-0.75,,1002.55,0,20131.2,,0,0,,0,0,boundary
233,14.75,-0.75,,1002.45,0,19398.4,,0,0,,0,0,boundary
234,15.25,-0.75,,1002.36,0,18659.5,,0,0,,0,0,boundary
235,15.75,-0.75,,1002.25,0,17765.4,,0,0,,0,0,boundary
236,16.25,-0.75,,1002.14,0,16907.3,,0,0,,0,0,boundary
237,16.75,-0.75,,1002.03,0,15996.2,,0,0,,0,0,boundary
238,17.25,-0.75,,1001.92,0,15156.1,,0,0,,0,0,boundary
239,17.75,-0.75,,1001.81,0,14295.5,,0,0,,0,0,boundary
240,18.25,-0.75,,1001.68,0,13276.5,,0,0,,0,0,boundary
241,18.75,-0.75,,1001.49,0,11724.8,,0,0,,0,0,boundary
242,19.25,-0.75,,1001.24,0,9773.11,,0,0,,0,0,boundary
243,19.75,-0.75,,1001.02,0,8024.3,,0,0,,0,0,boundary
244,20.25,-0.75,,1000.82,0,6481.05,,0,0,,0,0,boundary
245,20.75,-0.75,,1000.65,0,5128.28,,0,0,,0,0,boundary
246,21.25,-0.75,,1000.4,0,3162.14,,0,0,,0,0,boundary
247,21.75,-0.75,,1000.12,0,941.219,,0,0,,0,0,boundary
248,22.25,-0.75,,1000,0,0,,0,0,,0,0,boundary
249,22.75,-0.75,,1000,0,0,,0,0,,0,0,boundary
250,23.25,-0.75,,1000,0,0,,0,0,,0,0,boundary
251,23.75,-0.75,,1000,0,0,,0,0,,0,0,boundary
252,24.25,-0.75,,1000,0,0,,0,0,,0,0,boundary
253,24.75,-0.75,,1000,0,0,,0,0,,0,0,boundary
254,25.25,-0.75,,1000,0,0,,0,0,,0,0,boundary
255,25.75,-0.75,,1000,0,0,,0,0,,0,0,boundary
256,26.25,-0.75,,1000,0,0,,0,0,,0,0,boundary
257,26.75,-0.75,,1000,0,0,,0,0,,0,0,boundary
258,27.25,-0.75,,1000,0,0,,0,0,,0,0,boundary
259,27.75,-0.75,,1000,0,0,,0,0,,0,0,boundary
260,28.25,-0.75,,1000,0,0,,0,0,,0,0,boundary
261,28.75,-0.75,,1000,0,0,,0,0,,0,0,boundary
262,29.25,-0.75,,1000,0,0,,0,0,,0,0,boundary
263,29.75,-0.75,,1000,0,0,,0,0,,0,0,boundary
264,30.25,-0.75,,1000,0,0,,0,0,,0,0,boundary
265,30.75,-0.75,,1000,0,0,,0,0,,0,0,boundary
266,31.25,-0.75,,1000,0,0,,0,0,,0,0,boundary
267,31.75,-0.75,,1000,0,0,,0,0,,0,0,boundary
268,32.25,-0.75,,1000,0,0,,0,0,,0,0,boundary
269,32.75,-0.75,,1000,0,0,,0,0,,0,0,boundary
270,33.25,-0.75,,1000,0,0,,0,0,,0,0,boundary
271,33.75,-0.75,,1000,0,0,,0,0,,0,0,boundary
272,34.25,-0.75,,1000,0,0,,0,0,,0,0,boundary
273,34.75,-0.75,,1000,0,0,,0,0,,0,0,boundary
274,35.25,-0.75,,1000,0,0,,0,0,,0,0,boundary
275,35.75,-0.75,,1000,0,0,,0,0,,0,0,boundary
276,36.25,-0.75,,1000,0,0,,0,0,,0,0,boundary
277,36.75,-0.75,,1000.85,0,6705.59,,0,0,,0,0,boundary
278,37.25,-0.75,,1002.13,0,16851.3,,0,0,,0,0,boundary
279,37.75,-0.75,,1002.3,0,18162.5,,0,0,,0,0,boundary
280,38.25,-0.75,,1002.13,0,16808.5,,0,0,,0,0,boundary
281,38.75,-0.75,,1000.27,0,2145.56,,0,0,,0,0,boundary
282,39.25,-0.75,,1000.22,0,1751.48,,0,0,,0,0,boundary
283,39.75,-0.75,,1000.19,0,1458.11,,0,0,,0,0,boundary
284,40.25,-0.75,,1000.03,0,259.767,,0,0,,0,0,boundary
285,40.75,-0.75,,1000,0,0,,0,0,,0,0,boundary
286,41.25,-0.75,,1000,0,0,,0,0,,0,0,boundary
287,41.75,-0.75,,1000,0,0,,0,0,,0,0,boundary
288,42.25,-0.75,,1000,0,0,,0,0,,0,0,boundary
289,42.75,-0.75,,1000,0,0,,0,0,,0,0,boundary
290,43.25,-0.75,,1000,0,0,,0,0,,0,0,boundary
291,43.75,-0.75,,1000,0,0,,0,0,,0,0,boundary
292,44.25,-0.75,,1000,0,0,,0,0,,0,0,boundary
293,44.75,-0.75,,1000,0,0,,0,0,,0,0,boundary
294,45.25,-0.75,,1000,0,0,,0,0,,0,0,boundary
295,45.75,-0.75,,1000,0,0,,0,0,,0,0,boundary
296,46.25,-0.75,,1000,0,0,,0,0,,0,0,boundary
297,46.75,-0.75,,1000,0,0,,0,0,,0,0,boundary
298,47.25,-0.75,,1000,0,0,,0,0,,0,0,boundary
299,47.75,-0.75,,1000,0,0,,0,0,,0,0,boundary
300,48.25,-0.75,,1000,0,0,,0,0,,0,0,boundary
301,48.75,-0.75,,1000,0,0,,0,0,,0,0,boundary
302,49.25,-0.75,,1000,0,0,,0,0,,0,0,boundary
303,49.75,-0.75,,1000,0,0,,0,0,,0,0,boundary
304,50.25,-0.75,,1000,0,0,,0,0,,0,0,boundary
305,50.75,-0.75,,1000,0,0,,0,0,,0,0,boundary
306,51.25,-0.75,,1000,0,0,,0,0,,0,0,boundary
307,51.75,-0.75,,1000,0,0,,0,0,,0,0,boundary
308,52.25,-0.75,,1000,0,0,,0,0,,0,0,boundary
309,52.75,-0.75,,1000,0,0,,0,0,,0,0,boundary
310,53.25,-0.75,,1000,0,0,,0,0,,0,0,boundary
311,53.75,-0.75,,1000,0,0,,0,0,,0,0,boundary
312,54.25,-0.75,,1000,0,0,,0,0,,0,0,boundary
313,54.75,-0.75,,1000,0,0,,0,0,,0,0,boundary
314,55.25,-0.75,,1000,0,0,,0,0,,0,0,boundary
315,55.75,-0.75,,1000,0,0,,0,0,,0,0,boundary
316,56.25,-0.75,,1000,0,0,,0,0,,0,0,boundary
317,56.75,-0.75,,1000,0,0,,0,0,,0,0,boundary
318,57.25,-0.75,,1000,0,0,,0,0,,0,0,boundary
319,57.75,-0.75,,1000,0,0,,0,0,,0,0,boundary
320,58.25,-0.75,,1000,0,0,,0,0,,0,0,boundary
321,58.75,-0.75,,1000,0,0,,0,0,,0,0,boundary
322,59.25,-0.75,,1000,0,0,,0,0,,0,0,boundary
323,59.75,-0.75,,1000,0,0,,0,0,,0,0,boundary
324,60.25,-0.75,,1000,0,0,,0,0,,0,0,boundary
325,60.75,-0.75,,1000,0,0,,0,0,,0,0,boundary
326,61.25,-0.75,,1000,0,0,,0,0,,0,0,boundary
327,61.75,-0.75,,1000,0,0,,0,0,,0,0,boundary
328,62.25,-0.75,,1000,0,0,,0,0,,0,0,boundary
329,62.75,-0.75,,1000,0,0,,0,0,,0,0,boundary
330,63.25,-0.75,,1000,0,0,,0,0,,0,0,boundary
331,63.75,-0.75,,1000,0,0,,0,0,,0,0,boundary
332,64.25,-0.75,,1000,0,0,,0,0,,0,0,boundary
333,64.75,-0.75,,1000,0,0,,0,0,,0,0,boundary
334,65.25,-0.75,,1000,0,0,,0,0,,0,0,boundary
335,65.75,-0.75,,1000,0,0,,0,0,,0,0,boundary
336,66.25,-0.75,,1000,0,0,,0,0,,0,0,boundary
337,66.75,-0.75,,1000,0,0,,0,0,,0,0,boundary
338,67.25,-0.75,,1000,0,0,,0,0,,0,0,boundary
339,67.75,-0.75,,1000,0,0,,0,0,,0,0,boundary
340,68.25,-0.75,,1000,0,0,,0,0,,0,0,boundary
341,68.75,-0.75,,1000,0,0,,0,0,,0,0,boundary
342,69.25,-0.75,,1000,0,0,,0,0,,0,0,boundary
343,69.75,-0.75,,1000,0,0,,0,0,,0,0,boundary
344,70.25,-0.75,,1000,0,0,,0,0,,0,0,boundary
345,70.75,-0.75,,1000,0,0,,0,0,,0,0,boundary
346,71.25,-0.75,,1000,0,0,,0,0,,0,0,boundary
347,71.75,-0.75,,1000,0,0,,0,0,,0,0,boundary
348,72.25,-0.75,,1000,0,0,,0,0,,0,0,boundary
349,72.75,-0.75,,1000,0,0,,0,0,,0,0,boundary
350,73.25,-0.75,,1000,0,0,,0,0,,0,0,boundary
351,73.75,-0.75,,1000,0,0,,0,0,,0,0,boundary
352,74.25,-0.75,,1000,0,0,,0,0,,0,0,boundary
353,74.75,-0.75,,1000,0,0,,0,0,,0,0,boundary
354,75.25,-0.75,,1000,0,0,,0,0,,0,0,boundary
355,75.75,-0.75,,1000,0,0,,0,0,,0,0,boundary
356,76.25,-0.75,,1000,0,0,,0,0,,0,0,boundary
357,76.75,-0.75,,1000,0,0,,0,0,,0,0,boundary
358,77.25,-0.75,,1000,0,0,,0,0,,0,0,boundary
359,77.75,-0.75,,1000,0,0,,0,0,,0,0,boundary
360,78.25,-0.75,,1000,0,0,,0,0,,0,0,boundary
361,78.75,-0.75,,1000,0,0,,0,0,,0,0,boundary
362,79.25,-0.75,,1000,0,0,,0,0,,0,0,boundary
363,79.75,-0.75,,1000,0,0,,0,0,,0,0,boundary
364,80.25,-0.75,,1000,0,0,,0,0,,0,0,boundary
365,80.75,-0.75,,1000,0,0,,0,0,,0,0,boundary
366,81.25,-0.75,,1000,0,0,,0,0,,0,0,boundary
367,81.75,-0.75,,1000,0,0,,0,0,,0,0,boundary
368,82.25,-0.75,,1000,0,0,,0,0,,0,0,boundary
369,82.75,-0.75,,1000,0,0,,0,0,,0,0,boundary
370,83.25,-0.75,,1000,0,0,,0,0,,0,0,boundary
371,83.75,-0.75,,1000,0,0,,0,0,,0,0,boundary
372,84.25,-0.75,,1000,0,0,,0,0,,0,0,boundary
373,84.75,-0.75,,1000,0,0,,0,0,,0,0,boundary
374,85.25,-0.75,,1000,0,0,,0,0,,0,0,boundary
375,85.75,-0.75,,1000,0,0,,0,0,,0,0,boundary
376,86.25,-0.75,,1000,0,0,,0,0,,0,0,boundary
377,86.75,-0.75,,1000,0,0,,0,0,,0,0,boundary
378,87.25,-0.75,,1000,0,0,,0,0,,0,0,boundary
379,87.75,-0.75,,1000,0,0,,0,0,,0,0,boundary
380,88.25,-0.75,,1000,0,0,,0,0,,0,0,boundary
381,88.75,-0.75,,1000,0,0,,0,0,,0,0,boundary
382,89.25,-0.75,,1000,0,0,,0,0,,0,0,boundary
383,89.75,-0.75,,1000,0,0,,0,0,,0,0,boundary
384,90.25,-0.75,,1000,0,0,,0,0,,0,0,boundary
385,90.75,-0.75,,1000,0,0,,0,0,,0,0,boundary
386,91.25,-0.75,,1000,0,0,,0,0,,0,0,boundary
387,91.75,-0.75,,1000,0,0,,0,0,,0,0,boundary
388,92.25,-0.75,,1000,0,0,,0,0,,0,0,boundary
389,92.75,-0.75,,1000,0,0,,0,0,,0,0,boundary
390,93.25,-0.75,,1000,0,0,,0,0,,0,0,boundary
391,93.75,-0.75,,1000,0,0,,0,0,,0,0,boundary
392,94.25,-0.75,,1000,0,0,,0,0,,0,0,boundary
393,94.75,-0.75,,1000,0,0,,0,0,,0,0,boundary
394,95.25,-0.75,,1000,0,0,,0,0,,0,0,boundary
395,95.75,-0.75,,1000,0,0,,0,0,,0,0,boundary
396,96.25,-0.75,,1000,0,0,,0,0,,0,0,boundary
397,96.75,-0.75,,1000,0,0,,0,0,,0,0,boundary
398,97.25,-0.75,,1000,0,0,,0,0,,0,0,boundary
399,97.75,-0.75,,1000,0,0,,0,0,,0,0,boundary
400,98.25,-0.75,,1000,0,0,,0,0,,0,0,boundary
401,98.75,-0.75,,1000,0,0,,0,0,,0,0,boundary
402,99.25,-0.75,,1000,0,0,,0,0,,0,0,boundary
403,99.75,-0.75,,1000,0,0,,0,0,,0,0,boundary
404,100.25,-0.75,,1000,0,0,,0,0,,0,0,boundary
405,100.75,-0.75,,1000,0,0,,0,0,,0,0,boundary
406,101.25,-0.75,,1000,0,0,,0,0,,0,0,boundary
407,101.75,-0.75,,1000,0,0,,0,0,,0,0,boundary
408,0.25,-1.25,,1008.61,0,69361,,0,0,,0,0,boundary
409,0.75,-1.25,,1008.61,0,69362.7,,0,0,,0,0,boundary
410,1.25,-1.25,,1008.58,0,69090.6,,0,0,,0,0,boundary
411,1.75,-1.25,,1008.47,0,68183.4,,0,0,,0,0,boundary
412,2.25,-1.25,,1008.32,0,66923.3,,0,0,,0,0,boundary
413,2.75,-1.25,,1008.12,0,65265.9,,0,0,,0,0,boundary
414,3.25,-1.25,,1007.89,0,63379.2,,0,0,,0,0,boundary
415,3.75,-1.25,,1007.64,0,61355.3,,0,0,,0,0,boundary
416,4.25,-1.25,,1007.38,0,59245.2,,0,0,,0,0,boundary
417,4.75,-1.25,,1007.14,0,57209.3,,0,0,,0,0,boundary
418,5.25,-1.25,,1006.88,0,55157.2,,0,0,,0,0,boundary
419,5.75,-1.25,,1006.66,0,53310.3,,0,0,,0,0,boundary
420,6.25,-1.25,,1006.44,0,51555.1,,0,0,,0,0,boundary
421,6.75,-1.25,,1006.24,0,49930.4,,0,0,,0,0,boundary
422,7.25,-1.25,,1006.05,0,48335.8,,0,0,,0,0,boundary
423,7.75,-1.25,,1005.82,0,46507.3,,0,0,,0,0,boundary
424,8.25,-1.25,,1005.6,0,44662.8,,0,0,,0,0,boundary
425,8.75,-1.25,,1005.35,0,42664.7,,0,0,,0,0,boundary
426,9.25,-1.25,,1005.12,0,40787,,0,0,,0,0,boundary
427,9.75,-1.25,,1004.88,0,38867.2,,0,0,,0,0,boundary
428,10.25,-1.25,,1004.65,0,36980.5,,0,0,,0,0,boundary
429,10.75,-1.25,,1004.43,0,35245.1,,0,0,,0,0,boundary
430,11.25,-1.25,,1004.25,0,33779,,0,0,,0,0,boundary
431,11.75,-1.25,,1004.1,0,32565.8,,0,0,,0,0,boundary
432,12.25,-1.25,,1003.93,0,31191.3,,0,0,,0,0,boundary
433,12.75,-1.25,,1003.75,0,29801.3,,0,0,,0,0,boundary
434,13.25,-1.25,,1003.57,0,28341.4,,0,0,,0,0,boundary
435,13.75,-1.25,,1003.41,0,27052.3,,0,0,,0,0,boundary
436,14.25,-1.25,,1003.27,0,25888.3,,0,0,,0,0,boundary
437,14.75,-1.25,,1003.14,0,24904,,0,0,,0,0,boundary
438,15.25,-1.25,,1003,0,23796.8,,0,0,,0,0,boundary
439,15.75,-1.25,,1002.85,0,22583.7,,0,0,,0,0,boundary
440,16.25,-1.25,,1002.69,0,21320.3,,0,0,,0,0,boundary
441,16.75,-1.25,,1002.53,0,19986.1,,0,0,,0,0,boundary
442,17.25,-1.25,,1002.37,0,18712,,0,0,,0,0,boundary
443,17.75,-1.25,,1002.2,0,17376.9,,0,0,,0,0,boundary
444,18.25,-1.25,,1002.02,0,15929.3,,0,0,,0,0,boundary
445,18.75,-1.25,,1001.75,0,13804.5,,0,0,,0,0,boundary
446,19.25,-1.25,,1001.45,0,11416.7,,0,0,,0,0,boundary
447,19.75,-1.25,,1001.18,0,9266.28,,0,0,,0,0,boundary
448,20.25,-1.25,,1000.96,0,7577.42,,0,0,,0,0,boundary
449,20.75,-1.25,,1000.78,0,6126.33,,0,0,,0,0,boundary
450,21.25,-1.25,,1000.5,0,3909.56,,0,0,,0,0,boundary
451,21.75,-1.25,,1000.2,0,1570.63,,0,0,,0,0,boundary
452,22.25,-1.25,,1000,0,0,,0,0,,0,0,boundary
453,22.75,-1.25,,1000,0,0,,0,0,,0,0,boundary
454,23.25,-1.25,,1000,0,0,,0,0,,0,0,boundary
455,23.75,-1.25,,1000,0,0,,0,0,,0,0,boundary
456,24.25,-1.25,,1000,0,0,,0,0,,0,0,boundary
457,24.75,-1.25,,1000.36,0,2832.78,,0,0,,0,0,boundary
458,25.25,-1.25,,1009.15,0,73794.5,,0,0,,0,0,boundary
459,25.75,-1.25,,1000,0,0,,0,0,,0,0,boundary
460,26.25,-1.25,,1000,0,0,,0,0,,0,0,boundary
461,26.75,-1.25,,1000,0,0,,0,0,,0,0,boundary
462,27.25,-1.25,,1000,0,0,,0,0,,0,0,boundary
463,27.75,-1.25,,1000,0,0,,0,0,,0,0,boundary
464,28.25,-1.25,,1000,0,0,,0,0,,0,0,boundary
465,28.75,-1.25,,1000,0,0,,0,0,,0,0,boundary
466,29.25,-1.25,,1003.47,0,27550.2,,0,0,,0,0,boundary
467,29.75,-1.25,,1001.62,0,12784.9,,0,0,,0,0,boundary
468,30.25,-1.25,,1000.04,0,285.214,,0,0,,0,0,boundary
469,30.75,-1.25,,1000,0,0,,0,0,,0,0,boundary
470,31.25,-1.25,,1000,0,0,,0,0,,0,0,boundary
471,31.75,-1.25,,1000,0,0,,0,0,,0,0,boundary
472,32.25,-1.25,,1000,0,0,,0,0,,0,0,boundary
473,32.75,-1.25,,1000,0,0,,0,0,,0,0,boundary
474,33.25,-1.25,,1000,0,0,,0,0,,0,0,boundary
475,33.75,-1.25,,1000,0,0,,0,0,,0,0,boundary
476,34.25,-1.25,,1000,0,0,,0,0,,0,0,boundary
477,34.75,-1.25,,1000,0,0,,0,0,,0,0,boundary
478,35.25,-1.25,,1000,0,0,,0,0,,0,0,boundary
479,35.75,-1.25,,1000,0,0,,0,0,,0,0,boundary
480,36.25,-1.25,,1000,0,0,,0,0,,0,0,boundary
481,36.75,-1.25,,1001.57,0,12359.5,,0,0,,0,0,boundary
482,37.25,-1.25,,1002.53,0,19973.2,,0,0,,0,0,boundary
483,37.75,-1.25,,1002.65,0,20960,,0,0,,0,0,boundary
484,38.25,-1.25,,1002.47,0,19531.8,,0,0,,0,0,boundary
485,38.75,-1.25,,1002.25,0,17773.2,,0,0,,0,0,boundary
486,39.25,-1.25,,1000.14,0,1136.93,,0,0,,0,0,boundary
487,39.75,-1.25,,1000.13,0,988.826,,0,0,,0,0,boundary
488,40.25,-1.25,,1000.03,0,258.113,,0,0,,0,0,boundary
489,40.75,-1.25,,1000,0,0,,0,0,,0,0,boundary
490,41.25,-1.25,,1000,0,0,,0,0,,0,0,boundary
491,41.75,-1.25,,1000,0,0,,0,0,,0,0,boundary
492,42.25,-1.25,,1000,0,0,,0,0,,0,0,boundary
493,42.75,-1.25,,1000,0,0,,0,0,,0,0,boundary
494,43.25,-1.25,,1000,0,0,,0,0,,0,0,boundary
495,43.75,-1.25,,1000,0,0,,0,0,,0,0,boundary
496,44.25,-1.25,,1000,0,0,,0,0,,0,0,boundary
497,44.75,-1.25,,1000,0,0,,0,0,,0,0,boundary
498,45.25,-1.25,,1000,0,0,,0,0,,0,0,boundary
499,45.75,-1.25,,1000,0,0,,0,0,,0,0,boundary
500,46.25,-1.25,,1000,0,0,,0,0,,0,0,boundary
501,46.75,-1.25,,1000,0,0,,0,0,,0,0,boundary
502,47.25,-1.25,,1000,0,0,,0,0,,0,0,boundary
503,47.75,-1.25,,1000,0,0,,0,0,,0,0,boundary
504,48.25,-1.25,,1000,0,0,,0,0,,0,0,boundary
505,48.75,-1.25,,1000,0,0,,0,0,,0,0,boundary
506,49.25,-1.25,,1000,0,0,,0,0,,0,0,boundary
507,49.75,-1.25,,1000,0,0,,0,0,,0,0,boundary
508,50.25,-1.25,,1000,0,0,,0,0,,0,0,boundary
509,50.75,-1.25,,1000,0,0,,0,0,,0,0,boundary
510,51.25,-1.25,,1000,0,0,,0,0,,0,0,boundary
511,51.75,-1.25,,1000,0,0,,0,0,,0,0,boundary
512,52.25,-1.25,,1000,0,0,,0,0,,0,0,boundary
513,52.75,-1.25,,1000,0,0,,0,0,,0,0,boundary
514,53.25,-1.25,,1000,0,0,,0,0,,0,0,boundary
515,53.75,-1.25,,1000,0,0,,0,0,,0,0,boundary
516,54.25,-1.25,,1000,0,0,,0,0,,0,0,boundary
517,54.75,-1.25,,1000,0,0,,0,0,,0,0,boundary
518,55.25,-1.25,,1000,0,0,,0,0,,0,0,boundary
519,55.75,-1.25,,1000,0,0,,0,0,,0,0,boundary
520,56.25,-1.25,,1000,0,0,,0,0,,0,0,boundary
521,56.75,-1.25,,1000,0,0,,0,0,,0,0,boundary
522,57.25,-1.25,,1000,0,0,,0,0,,0,0,boundary
523,57.75,-1.25,,1000,0,0,,0,0,,0,0,boundary
524,58.25,-1.25,,1000,0,0,,0,0,,0,0,boundary
525,58.75,-1.25,,1000,0,0,,0,0,,0,0,boundary
526,59.25,-1.25,,1000,0,0,,0,0,,0,0,boundary
527,59.75,-1.25,,1000,0,0,,0,0,,0,0,boundary
528,60.25,-1.25,,1000,0,0,,0,0,,0,0,boundary
529,60.75,-1.25,,1000,0,0,,0,0,,0,0,boundary
530,61.25,-1.25,,1000,0,0,,0,0,,0,0,boundary
531,61.75,-1.25,,1000,0,0,,0,0,,0,0,boundary
532,62.25,-1.25,,1000,0,0,,0,0,,0,0,boundary
533,62.75,-1.25,,1000,0,0,,0,0,,0,0,boundary
534,63.25,-1.25,,1000,0,0,,0,0,,0,0,boundary
535,63.75,-1.25,,1000,0,0,,0,0,,0,0,boundary
536,64.25,-1.25,,1000,0,0,,0,0,,0,0,boundary
537,64.75,-1.25,,1000,0,0,,0,0,,0,0,boundary
538,65.25,-1.25,,1000,0,0,,0,0,,0,0,boundary
539,65.75,-1.25,,1000,0,0,,0,0,,0,0,boundary
540,66.25,-1.25,,1000,0,0,,0,0,,0,0,boundary
541,66.75,-1.25,,1000,0,0,,0,0,,0,0,boundary
542,67.25,-1.25,,1000,0,0,,0,0,,0,0,boundary
543,67.75,-1.25,,1000,0,0,,0,0,,0,0,boundary
544,68.25,-1.25,,1000,0,0,,0,0,,0,0,boundary
545,68.75,-1.25,,1000,0,0,,0,0,,0,0,boundary
546,69.25,-1.25,,1000,0,0,,0,0,,0,0,boundary
547,69.75,-1.25,,1000,0,0,,0,0,,0,0,boundary
548,70.25,-1.25,,1000,0,0,,0,0,,0,0,boundary
549,70.75,-1.25,,1000,0,0,,0,0,,0,0,boundary
550,71.25,-1.25,,1000,0,0,,0,0,,0,0,boundary
551,71.75,-1.25,,1000,0,0,,0,0,,0,0,boundary
552,72.25,-1.25,,1000,0,0,,0,0,,0,0,boundary
553,72.75,-1.25,,1000,0,0,,0,0,,0,0,boundary
554,73.25,-1.25,,1000,0,0,,0,0,,0,0,boundary
555,73.75,-1.25,,1000,0,0,,0,0,,0,0,boundary
556,74.25,-1.25,,1000,0,0,,0,0,,0,0,boundary
557,74.75,-1.25,,1000,0,0,,0,0,,0,0,boundary
558,75.25,-1.25,,1000,0,0,,0,0,,0,0,boundary
559,75.75,-1.25,,1000,0,0,,0,0,,0,0,boundary
560,76.25,-1.25,,1000,0,0,,0,0,,0,0,boundary
561,76.75,-1.25,,1000,0,0,,0,0,,0,0,boundary
562,77.25,-1.25,,1000,0,0,,0,0,,0,0,boundary
563,77.75,-1.25,,1000,0,0,,0,0,,0,0,boundary
564,78.25,-1.25,,1000,0,0,,0,0,,0,0,boundary
565,78.75,-1.25,,1000,0,0,,0,0,,0,0,boundary
566,79.25,-1.25,,1000,0,0,,0,0,,0,0,boundary
567,79.75,-1.25,,1000,0,0,,0,0,,0,0,boundary
568,80.25,-1.25,,1000,0,0,,0,0,,0,0,boundary
569,80.75,-1.25,,1000,0,0,,0,0,,0,0,boundary
570,81.25,-1.25,,1000,0,0,,0,0,,0,0,boundary
571,81.75,-1.25,,1000,0,0,,0,0,,0,0,boundary
572,82.25,-1.25,,1000,0,0,,0,0,,0,0,boundary
573,82.75,-1.25,,1000,0,0,,0,0,,0,0,boundary
574,83.25,-1.25,,1000,0,0,,0,0,,0,0,boundary
575,83.75,-1.25,,1000,0,0,,0,0,,0,0,boundary
576,84.25,-1.25,,1000,0,0,,0,0,,0,0,boundary
577,84.75,-1.25,,1000,0,0,,0,0,,0,0,boundary
578,85.25,-1.25,,1000,0,0,,0,0,,0,0,boundary
579,85.75,-1.25,,1000,0,0,,0,0,,0,0,boundary
580,86.25,-1.25,,1000,0,0,,0,0,,0,0,boundary
581,86.75,-1.25,,1000,0,0,,0,0,,0,0,boundary
582,87.25,-1.25,,1000,0,0,,0,0,,0,0,boundary
583,87.75,-1.25,,1000,0,0,,0,0,,0,0,boundary
584,88.25,-1.25,,1000,0,0,,0,0,,0,0,boundary
585,88.75,-1.25,,1000,0,0,,0,0,,0,0,boundary
586,89.25,-1.25,,1000,0,0,,0,0,,0,0,boundary
587,89.75,-1.25,,1000,0,0,,0,0,,0,0,boundary
588,90.25,-1.25,,1000,0,0,,0,0,,0,0,boundary
589,90.75,-1.25,,1000,0,0,,0,0,,0,0,boundary
590,91.25,-1.25,,1000,0,0,,0,0,,0,0,boundary
591,91.75,-1.25,,1000,0,0,,0,0,,0,0,boundary
592,92.25,-1.25,,1000,0,0,,0,0,,0,0,boundary
593,92.75,-1.25,,1000,0,0,,0,0,,0,0,boundary
594,93.25,-1.25,,1000,0,0,,0,0,,0,0,boundary
595,93.75,-1.25,,1000,0,0,,0,0,,0,0,boundary
596,94.25,-1.25,,1000,0,0,,0,0,,0,0,boundary
597,94.75,-1.25,,1000,0,0,,0,0,,0,0,boundary
598,95.25,-1.25,,1000,0,0,,0,0,,0,0,boundary
599,95.75,-1.25,,1000,0,0,,0,0,,0,0,boundary
600,96.25,-1.25,,1000,0,0,,0,0,,0,0,boundary
601,96.75,-1.25,,1000,0,0,,0,0,,0,0,boundary
602,97.25,-1.25,,1000,0,0,,0,0,,0,0,boundary
603,97.75,-1.25,,1000,0,0,,0,0,,0,0,boundary
604,98.25,-1.25,,1000,0,0,,0,0,,0,0,boundary
605,98.75,-1.25,,1000,0,0,,0,0,,0,0,boundary
606,99.25,-1.25,,1000,0,0,,0,0,,0,0,boundary
607,99.75,-1.25,,1000,0,0,,0,0,,0,0,boundary
608,100.25,-1.25,,1000,0,0,,0,0,,0,0,boundary
609,100.75,-1.25,,1000,0,0,,0,0,,0,0,boundary
610,101.25,-1.25,,1000,0,0,,0,0,,0,0,boundary
611,101.75,-1.25,,1000,0,0,,0,0,,0,0,boundary
612,0.25,-1.75,,1008.77,0,70686.7,,0,0,,0,0,boundary
613,0.75,-1.75,,1008.83,0,71180.6,,0,0,,0,0,boundary
614,1.25,-1.75,,1008.88,0,71553.8,,0,0,,0,0,boundary
615,1.75,-1.75,,1008.89,0,71681.8,,0,0,,0,0,boundary
616,2.25,-1.75,,1008.84,0,71232.1,,0,0,,0,0,boundary
617,2.75,-1.75,,1008.76,0,70566.3,,0,0,,0,0,boundary
618,3.25,-1.75,,1008.64,0,69567.3,,0,0,,0,0,boundary
619,3.75,-1.75,,1008.51,0,68496.7,,0,0,,0,0,boundary
620,4.25,-1.75,,1008.36,0,67292.9,,0,0,,0,0,boundary
621,4.75,-1.75,,1008.19,0,65878.1,,0,0,,0,0,boundary
622,5.25,-1.75,,1008.02,0,64447.9,,0,0,,0,0,boundary
623,5.75,-1.75,,1007.84,0,62957.4,,0,0,,0,0,boundary
624,6.25,-1.75,,1007.67,0,61572.3,,0,0,,0,0,boundary
625,6.75,-1.75,,1007.49,0,60159.7,,0,0,,0,0,boundary
626,7.25,-1.75,,1007.31,0,58643,,0,0,,0,0,boundary
627,7.75,-1.75,,1007.08,0,56793.4,,0,0,,0,0,boundary
628,8.25,-1.75,,1006.83,0,54736.9,,0,0,,0,0,boundary
629,8.75,-1.75,,1006.56,0,52533.2,,0,0,,0,0,boundary
630,9.25,-1.75,,1006.29,0,50317.4,,0,0,,0,0,boundary
631,9.75,-1.75,,1006.01,0,48050.1,,0,0,,0,0,boundary
632,10.25,-1.75,,1005.73,0,45727.4,,0,0,,0,0,boundary
633,10.75,-1.75,,1005.46,0,43562.8,,0,0,,0,0,boundary
634,11.25,-1.75,,1005.25,0,41844.1,,0,0,,0,0,boundary
635,11.75,-1.75,,1005.07,0,40371.8,,0,0,,0,0,boundary
636,12.25,-1.75,,1004.86,0,38701.1,,0,0,,0,0,boundary
637,12.75,-1.75,,1004.65,0,36966.4,,0,0,,0,0,boundary
638,13.25,-1.75,,1004.41,0,35068.2,,0,0,,0,0,boundary
639,13.75,-1.75,,1004.21,0,33429.5,,0,0,,0,0,boundary
640,14.25,-1.75,,1004.01,0,31879.2,,0,0,,0,0,boundary
641,14.75,-1.75,,1003.85,0,30598,,0,0,,0,0,boundary
642,15.25,-1.75,,1003.68,0,29165.7,,0,0,,0,0,boundary
643,15.75,-1.75,,1003.48,0,27634.2,,0,0,,0,0,boundary
644,16.25,-1.75,,1003.27,0,25915.8,,0,0,,0,0,boundary
645,16.75,-1.75,,1003.06,0,24212.6,,0,0,,0,0,boundary
646,17.25,-1.75,,1002.81,0,22259.9,,0,0,,0,0,boundary
647,17.75,-1.75,,1002.59,0,20474.2,,0,0,,0,0,boundary
648,18.25,-1.75,,1002.31,0,18264.9,,0,0,,0,0,boundary
649,18.75,-1.75,,1001.95,0,15417.3,,0,0,,0,0,boundary
650,19.25,-1.75,,1001.54,0,12124.2,,0,0,,0,0,boundary
651,19.75,-1.75,,1000.12,0,955.788,,0,0,,0,0,boundary
652,20.25,-1.75,,1000,0,0,,0,0,,0,0,boundary
653,20.75,-1.75,,1000,0,0,,0,0,,0,0,boundary
654,21.25,-1.75,,1000,0,0,,0,0,,0,0,boundary
655,21.75,-1.75,,1000,0,0,,0,0,,0,0,boundary
656,22.25,-1.75,,1000,0,0,,0,0,,0,0,boundary
657,22.75,-1.75,,1000,0,0,,0,0,,0,0,boundary
658,23.25,-1.75,,1000,0,0,,0,0,,0,0,boundary
659,23.75,-1.75,,1000,0,0,,0,0,,0,0,boundary
660,24.25,-1.75,,1000,0,0,,0,0,,0,0,boundary
661,24.75,-1.75,,1000,0,0,,0,0,,0,0,boundary
662,25.25,-1.75,,1000,0,0,,0,0,,0,0,boundary
663,25.75,-1.75,,1000,0,0,,0,0,,0,0,boundary
664,26.25,-1.75,,1000,0,0,,0,0,,0,0,boundary
665,26.75,-1.75,,1000,0,0,,0,0,,0,0,boundary
666,27.25,-1.75,,1000,0,0,,0,0,,0,0,boundary
667,27.75,-1.75,,1000,0,0,,0,0,,0,0,boundary
668,28.25,-1.75,,1000,0,0,,0,0,,0,0,boundary
669,28.75,-1.75,,1000.06,0,502.789,,0,0,,0,0,boundary
670,29.25,-1.75,,1004.18,0,33191.9,,0,0,,0,0,boundary
671,29.75,-1.75,,1001.89,0,14946.2,,0,0,,0,0,boundary
672,30.25,-1.75,,1000.84,0,6604.74,,0,0,,0,0,boundary
673,30.75,-1.75,,1000,0,0,,0,0,,0,0,boundary
674,31.25,-1.75,,1000,0,0,,0,0,,0,0,boundary
675,31.75,-1.75,,1000,0,0,,0,0,,0,0,boundary
676,32.25,-1.75,,1000,0,0,,0,0,,0,0,boundary
677,32.75,-1.75,,1000,0,0,,0,0,,0,0,boundary
678,33.25,-1.75,,1000,0,0,,0,0,,0,0,boundary
679,33.75,-1.75,,1000,0,0,,0,0,,0,0,boundary
680,34.25,-1.75,,1000,0,0,,0,0,,0,0,boundary
681,34.75,-1.75,,1000,0,0,,0,0,,0,0,boundary
682,35.25,-1.75,,1000,0,0,,0,0,,0,0,boundary
683,35.75,-1.75,,1000.02,0,127.441,,0,0,,0,0,boundary
684,36.25,-1.75,,1000.26,0,2076.35,,0,0,,0,0,boundary
685,36.75,-1.75,,1002.18,0,17227.5,,0,0,,0,0,boundary
686,37.25,-1.75,,1002.93,0,23232.8,,0,0,,0,0,boundary
687,37.75,-1.75,,1002.96,0,23462.6,,0,0,,0,0,boundary
688,38.25,-1.75,,1002.79,0,22041.2,,0,0,,0,0,boundary
689,38.75,-1.75,,1002.6,0,20555.8,,0,0,,0,0,boundary
690,39.25,-1.75,,1000.06,0,471.526,,0,0,,0,0,boundary
691,39.75,-1.75,,1000.06,0,439.628,,0,0,,0,0,boundary
692,40.25,-1.75,,1000.03,0,196.222,,0,0,,0,0,boundary
693,40.75,-1.75,,1000,0,0,,0,0,,0,0,boundary
694,41.25,-1.75,,1000,0,0,,0,0,,0,0,boundary
695,41.75,-1.75,,1000,0,0,,0,0,,0,0,boundary
696,42.25,-1.75,,1000,0,0,,0,0,,0,0,boundary
697,42.75,-1.75,,1000,0,0,,0,0,,0,0,boundary
698,43.25,-1.75,,1000,0,0,,0,0,,0,0,boundary
699,43.75,-1.75,,1000,0,0,,0,0,,0,0,boundary
700,44.25,-1.75,,1000,0,0,,0,0,,0,0,boundary
701,44.75,-1.75,,1000,0,0,,0,0,,0,0,boundary
702,45.25,-1.75,,1000,0,0,,0,0,,0,0,boundary
703,45.75,-1.75,,1000,0,0,,0,0,,0,0,boundary
704,46.25,-1.75,,1000,0,0,,0,0,,0,0,boundary
705,46.75,-1.75,,1000,0,0,,0,0,,0,0,boundary
706,47.25,-1.75,,1000,0,0,,0,0,,0,0,boundary
707,47.75,-1.75,,1000,0,0,,0,0,,0,0,boundary
708,48.25,-1.75,,1000,0,0,,0,0,,0,0,boundary
709,48.75,-1.75,,1000,0,0,,0,0,,0,0,boundary
710,49.25,-1.75,,1000,0,0,,0,0,,0,0,boundary
711,49.75,-1.75,,1000,0,0,,0,0,,0,0,boundary
712,50.25,-1.75,,1000,0,0,,0,0,,0,0,boundary
713,50.75,-1.75,,1000,0,0,,0,0,,0,0,boundary
714,51.25,-1.75,,1000,0,0,,0,0,,0,0,boundary
715,51.75,-1.75,,1000,0,0,,0,0,,0,0,boundary
716,52.25,-1.75,,1000,0,0,,0,0,,0,0,boundary
717,52.75,-1.75,,1000,0,0,,0,0,,0,0,boundary
718,53.25,-1.75,,1000,0,0,,0,0,,0,0,boundary
719,53.75,-1.75,,1000,0,0,,0,0,,0,0,boundary
720,54.25,-1.75,,1000,0,0,,0,0,,0,0,boundary
721,54.75,-1.75,,1000,0,0,,0,0,,0,0,boundary
722,55.25,-1.75,,1000,0,0,,0,0,,0,0,boundary
723,55.75,-1.75,,1000,0,0,,0,0,,0,0,boundary
724,56.25,-1.75,,1000,0,0,,0,0,,0,0,boundary
725,56.75,-1.75,,1000,0,0,,0,0,,0,0,boundary
726,57.25,-1.75,,1000,0,0,,0,0,,0,0,boundary
727,57.75,-1.75,,1000,0,0,,0,0,,0,0,boundary
728,58.25,-1.75,,1000,0,0,,0,0,,0,0,boundary
729,58.75,-1.75,,1000,0,0,,0,0,,0,0,boundary
730,59.25,-1.75,,1000,0,0,,0,0,,0,0,boundary
731,59.75,-1.75,,1000,0,0,,0,0,,0,0,boundary
732,60.25,-1.75,,1000,0,0,,0,0,,0,0,boundary
733,60.75,-1.75,,1000,0,0,,0,0,,0,0,boundary
734,61.25,-1.75,,1000,0,0,,0,0,,0,0,boundary
735,61.75,-1.75,,1000,0,0,,0,0,,0,0,boundary
736,62.25,-1.75,,1000,0,0,,0,0,,0,0,boundary
737,62.75,-1.75,,1000,0,0,,0,0,,0,0,boundary
738,63.25,-1.75,,1000,0,0,,0,0,,0,0,boundary
739,63.75,-1.75,,1000,0,0,,0,0,,0,0,boundary
740,64.25,-1.75,,1000,0,0,,0,0,,0,0,boundary
741,64.75,-1.75,,1000,0,0,,0,0,,0,0,boundary
742,65.25,-1.75,,1000,0,0,,0,0,,0,0,boundary
743,65.75,-1.75,,1000,0,0,,0,0,,0,0,boundary
744,66.25,-1.75,,1000,0,0,,0,0,,0,0,boundary
745,66.75,-1.75,,1000,0,0,,0,0,,0,0,boundary
746,67.25,-1.75,,1000,0,0,,0,0,,0,0,boundary
747,67.75,-1.75,,1000,0,0,,0,0,,0,0,boundary
748,68.25,-1.75,,1000,0,0,,0,0,,0,0,boundary
749,68.75,-1.75,,1000,0,0,,0,0,,0,0,boundary
750,69.25,-1.75,,1000,0,0,,0,0,,0,0,boundary
751,69.75,-1.75,,1000,0,0,,0,0,,0,0,boundary
752,70.25,-1.75,,1000,0,0,,0,0,,0,0,boundary
753,70.75,-1.75,,1000,0,0,,0,0,,0,0,boundary
754,71.25,-1.75,,1000,0,0,,0,0,,0,0,boundary
755,71.75,-1.75,,1000,0,0,,0,0,,0,0,boundary
756,72.25,-1.75,,1000,0,0,,0,0,,0,0,boundary
757,72.75,-1.75,,1000,0,0,,0,0,,0,0,boundary
758,73.25,-1.75,,1000,0,0,,0,0,,0,0,boundary
759,73.75,-1.75,,1000,0,0,,0,0,,0,0,boundary
760,74.25,-1.75,,1000,0,0,,0,0,,0,0,boundary
761,74.75,-1.75,,1000,0,0,,0,0,,0,0,boundary
762,75.25,-1.75,,1000,0,0,,0,0,,0,0,boundary
763,75.75,-1.75,,1000,0,0,,0,0,,0,0,boundary
764,76.25,-1.75,,1000,0,0,,0,0,,0,0,boundary
765,76.75,-1.75,,1000,0,0,,0,0,,0,0,boundary
766,77.25,-1.75,,1000,0,0,,0,0,,0,0,boundary
767,77.75,-1.75,,1000,0,0,,0,0,,0,0,boundary
768,78.25,-1.75,,1000,0,0,,0,0,,0,0,boundary
769,78.75,-1.75,,1000,0,0,,0,0,,0,0,boundary
770,79.25,-1.75,,1000,0,0,,0,0,,0,0,boundary
771,79.75,-1.75,,1000,0,0,,0,0,,0,0,boundary
772,80.25,-1.75,,1000,0,0,,0,0,,0,0,boundary
773,80.75,-1.75,,1000,0,0,,0,0,,0,0,boundary
774,81.25,-1.75,,1000,0,0,,0,0,,0,0,boundary
775,81.75,-1.75,,1000,0,0,,0,0,,0,0,boundary
776,82.25,-1.75,,1000,0,0,,0,0,,0,0,boundary
777,82.75,-1.75,,1000,0,0,,0,0,,0,0,boundary
778,83.25,-1.75,,1000,0,0,,0,0,,0,0,boundary
779,83.75,-1.75,,1000,0,0,,0,0,,0,0,boundary
780,84.25,-1.75,,1000,0,0,,0,0,,0,0,boundary
781,84.75,-1.75,,1000,0,0,,0,0,,0,0,boundary
782,85.25,-1.75,,1000,0,0,,0,0,,0,0,boundary
783,85.75,-1.75,,1000,0,0,,0,0,,0,0,boundary
784,86.25,-1.75,,1000,0,0,,0,0,,0,0,boundary
785,86.75,-1.75,,1000,0,0,,0,0,,0,0,boundary
786,87.25,-1.75,,1000,0,0,,0,0,,0,0,boundary
787,87.75,-1.75,,1000,0,0,,0,0,,0,0,boundary
788,88.25,-1.75,,1000,0,0,,0,0,,0,0,boundary
789,88.75,-1.75,,1000,0,0,,0,0,,0,0,boundary
790,89.25,-1.75,,1000,0,0,,0,0,,0,0,boundary
791,89.75,-1.75,,1000,0,0,,0,0,,0,0,boundary
792,90.25,-1.75,,1000,0,0,,0,0,,0,0,boundary
793,90.75,-1.75,,1000,0,0,,0,0,,0,0,boundary
794,91.25,-1.75,,1000,0,0,,0,0,,0,0,boundary
795,91.75,-1.75,,1000,0,0,,0,0,,0,0,boundary
796,92.25,-1.75,,1000,0,0,,0,0,,0,0,boundary
797,92.75,-1.75,,1000,0,0,,0,0,,0,0,boundary
798,93.25,-1.75,,1000,0,0,,0,0,,0,0,boundary
799,93.75,-1.75,,1000,0,0,,0,0,,0,0,boundary
800,94.25,-1.75,,1000,0,0,,0,0,,0,0,boundary
801,94.75,-1.75,,1000,0,0,,0,0,,0,0,boundary
802,95.25,-1.75,,1000,0,0,,0,0,,0,0,boundary
803,95.75,-1.75,,1000,0,0,,0,0,,0,0,boundary
804,96.25,-1.75,,1000,0,0,,0,0,,0,0,boundary
805,96.75,-1.75,,1000,0,0,,0,0,,0,0,boundary
806,97.25,-1.75,,1000,0,0,,0,0,,0,0,boundary
807,97.75,-1.75,,1000,0,0,,0,0,,0,0,boundary
808,98.25,-1.75,,1000,0,0,,0,0,,0,0,boundary
809,98.75,-1.75,,1000,0,0,,0,0,,0,0,boundary
810,99.25,-1.75,,1000,0,0,,0,0,,0,0,boundary
811,99.75,-1.75,,1000,0,0,,0,0,,0,0,boundary
812,100.25,-1.75,,1000,0,0,,0,0,,0,0,boundary
813,100.75,-1.75,,1000,0,0,,0,0,,0,0,boundary
814,101.25,-1.75,,1000,0,0,,0,0,,0,0,boundary
815,101.75,-1.75,,1000,0,0,,0,0,,0,0,boundary
816,100.25,0.25,,1000,0,0,,0,0,,0,0,boundary
817,100.25,0.75,,1000,0,0,,0,0,,0,0,boundary
818,100.25,1.25,,1000,0,0,,0,0,,0,0,boundary
819,100.25,1.75,,1000,0,0,,0,0,,0,0,boundary
820,100.25,2.25,,1000,0,0,,0,0,,0,0,boundary
821,100.25,2.75,,1000,0,0,,0,0,,0,0,boundary
822,100.25,3.25,,1000,0,0,,0,0,,0,0,boundary
823,100.25,3.75,,1000,0,0,,0,0,,0,0,boundary
824,100.25,4.25,,1000,0,0,,0,0,,0,0,boundary
825,100.25,4.75,,1000,0,0,,0,0,,0,0,boundary
826,100.25,5.25,,1000,0,0,,0,0,,0,0,boundary
827,100.25,5.75,,1000,0,0,,0,0,,0,0,boundary
828,100.25,6.25,,1000,0,0,,0,0,,0,0,boundary
829,100.25,6.75,,1000,0,0,,0,0,,0,0,boundary
830,100.25,7.25,,1000,0,0,,0,0,,0,0,boundary
831,100.25,7.75,,1000,0,0,,0,0,,0,0,boundary
832,100.25,8.25,,1000,0,0,,0,0,,0,0,boundary
833,100.25,8.75,,1000,0,0,,0,0,,0,0,boundary
834,100.25,9.25,,1000,0,0,,0,0,,0,0,boundary
835,100.25,9.75,,1000,0,0,,0,0,,0,0,boundary
836,100.75,0.25,,1000,0,0,,0,0,,0,0,boundary
837,100.75,0.75,,1000,0,0,,0,0,,0,0,boundary
838,100.75,1.25,,1000,0,0,,0,0,,0,0,boundary
839,100.75,1.75,,1000,0,0,,0,0,,0,0,boundary
840,100.75,2.25,,1000,0,0,,0,0,,0,0,boundary
841,100.75,2.75,,1000,0,0,,0,0,,0,0,boundary
842,100.75,3.25,,1000,0,0,,0,0,,0,0,boundary
843,100.75,3.75,,1000,0,0,,0,0,,0,0,boundary
844,100.75,4.25,,1000,0,0,,0,0,,0,0,boundary
845,100.75,4.75,,1000,0,0,,0,0,,0,0,boundary
846,100.75,5.25,,1000,0,0,,0,0,,0,0,boundary
847,100.75,5.75,,1000,0,0,,0,0,,0,0,boundary
848,100.75,6.25,,1000,0,0,,0,0,,0,0,boundary
849,100.75,6.75,,1000,0,0,,0,0,,0,0,boundary
850,100.75,7.25,,1000,0,0,,0,0,,0,0,boundary
851,100.75,7.75,,1000,0,0,,0,0,,0,0,boundary
852,100.75,8.25,,1000,0,0,,0,0,,0,0,boundary
853,100.75,8.75,,1000,0,0,,0,0,,0,0,boundary
854,100.75,9.25,,1000,0,0,,0,0,,0,0,boundary
855,100.75,9.75,,1000,0,0,,0,0,,0,0,boundary
856,101.25,0.25,,1000,0,0,,0,0,,0,0,boundary
857,101.25,0.75,,1000,0,0,,0,0,,0,0,boundary
858,101.25,1.25,,1000,0,0,,0,0,,0,0,boundary
859,101.25,1.75,,1000,0,0,,0,0,,0,0,boundary
860,101.25,2.25,,1000,0,0,,0,0,,0,0,boundary
861,101.25,2.75,,1000,0,0,,0,0,,0,0,boundary
862,101.25,3.25,,1000,0,0,,0,0,,0,0,boundary
863,101.25,3.75,,1000,0,0,,0,0,,0,0,boundary
864,101.25,4.25,,1000,0,0,,0,0,,0,0,boundary
865,101.25,4.75,,1000,0,0,,0,0,,0,0,boundary
866,101.25,5.25,,1000,0,0,,0,0,,0,0,boundary
867,101.25,5.75,,1000,0,0,,0,0,,0,0,boundary
868,101.25,6.25,,1000,0,0,,0,0,,0,0,boundary
869,101.25,6.75,,1000,0,0,,0,0,,0,0,boundary
870,101.25,7.25,,1000,0,0,,0,0,,0,0,boundary
871,101.25,7.75,,1000,0,0,,0,0,,0,0,boundary
872,101.25,8.25,,1000,0,0,,0,0,,0,0,boundary
873,101.25,8.75,,1000,0,0,,0,0,,0,0,boundary
874,101.25,9.25,,1000,0,0,,0,0,,0,0,boundary
875,101.25,9.75,,1000,0,0,,0,0,,0,0,boundary
876,101.75,0.25,,1000,0,0,,0,0,,0,0,boundary
877,101.75,0.75,,1000,0,0,,0,0,,0,0,boundary
878,101.75,1.25,,1000,0,0,,0,0,,0,0,boundary
879,101.75,1.75,,1000,0,0,,0,0,,0,0,boundary
880,101.75,2.25,,1000,0,0,,0,0,,0,0,boundary
881,101.75,2.75,,1000,0,0,,0,0,,0,0,boundary
882,101.75,3.25,,1000,0,0,,0,0,,0,0,boundary
883,101.75,3.75,,1000,0,0,,0,0,,0,0,boundary
884,101.75,4.25,,1000,0,0,,0,0,,0,0,boundary
885,101.75,4.75,,1000,0,0,,0,0,,0,0,boundary
886,101.75,5.25,,1000,0,0,,0,0,,0,0,boundary
887,101.75,5.75,,1000,0,0,,0,0,,0,0,boundary
888,101.75,6.25,,1000,0,0,,0,0,,0,0,boundary
889,101.75,6.75,,1000,0,0,,0,0,,0,0,boundary
890,101.75,7.25,,1000,0,0,,0,0,,0,0,boundary
891,101.75,7.75,,1000,0,0,,0,0,,0,0,boundary
892,101.75,8.25,,1000,0,0,,0,0,,0,0,boundary
893,101.75,8.75,,1000,0,0,,0,0,,0,0,boundary
894,101.75,9.25,,1000,0,0,,0,0,,0,0,boundary
895,101.75,9.75,,1000,0,0,,0,0,,0,0,boundary
896,0.32343,0.197307,,1005.94,93.3675,47484.4,,0.0490116,0.0137489,,-138.046,14.099,fluid
897,0.376827,0.445469,,1005.26,149.499,41951.3,,0.0658904,-0.0567778,,-109.743,14.2694,fluid
898,0.440984,0.648479,,1004.72,199.437,37560,,0.0954331,-0.130005,,-86.1964,14.9638,fluid
899,0.500193,0.792491,,1004.34,236.732,34542.1,,0.125894,-0.197333,,-69.758,15.4903,fluid
900,0.546302,0.90585,,1004.06,262.966,32242.6,,0.149626,-0.25657,,-58.6375,16.0673,fluid
901,0.576342,0.989494,,1003.85,279.062,30594.7,,0.166578,-0.298452,,-51.7509,16.6526,fluid
902,0.59206,1.06486,,1003.67,289.962,29149,,0.177426,-0.335989,,-47.4429,17.3128,fluid
903,0.594903,1.14077,,1003.5,296.721,27731.8,,0.1818,-0.386612,,-44.8828,18.1195,fluid
904,0.584901,1.22073,,1003.32,299.78,26283.2,,0.179782,-0.465021,,-43.729,19.01,fluid
905,0.562394,1.31219,,1003.12,299.016,24683.7,,0.171996,-0.554727,,-43.5557,19.764,fluid
906,0.528517,1.41605,,1002.9,289.404,22945.3,,0.157006,-0.612747,,-44.0948,20.2657,fluid
907,0.485368,1.52996,,1002.67,263.679,21138.7,,0.133525,-0.621109,,-45.1855,20.725,fluid
908,0.431125,1.6889,,1002.38,211.117,18802.1,,0.100237,-0.639999,,-45.6681,21.454,fluid
909,0.364434,1.91368,,1002.02,135.017,15947.4,,0.0585975,-0.744529,,-44.5412,22.3473,fluid
910,0.292539,2.24206,,1001.64,58.3569,12904,,0.0672633,-0.905089,,-38.9569,24.8955,fluid
911,0.353879,2.281,,1001.6,195.908,12598.3,,0.0534188,-1.11723,,-29.2838,25.2548,fluid
912,0.966117,0.198516,,1005.86,99.6971,46781.4,,0.106883,0.0253722,,-44.5683,15.2453,fluid
913,1.12793,0.439417,,1005.2,155.077,41485.5,,0.17122,-0.0331012,,-35.3151,15.2914,fluid
914,1.31013,0.631443,,1004.68,206.558,37281.7,,0.229832,-0.110793,,-30.0287,16.1823,fluid
915,1.48739,0.757026,,1004.32,252.47,34350.6,,0.322208,-0.20705,,-25.5134,16.2652,fluid
916,1.63796,0.855493,,1004.03,296.465,32007.5,,0.469067,-0.28857,,-20.2565,16.2022,fluid
917,1.74204,0.942649,,1003.79,325.99,30047,,0.604646,-0.338928,,-15.6805,16.5106,fluid
918,1.79314,1.02511,,1003.57,340.289,28328.8,,0.680263,-0.376517,,-13.0078,17.246,fluid
919,1.79683,1.10727,,1003.37,346.393,26731.5,,0.698124,-0.426221,,-12.1435,18.2822,fluid
920,1.75888,1.19185,,1003.18,346.704,25195.4,,0.668667,-0.504647,,-12.6688,19.4591,fluid
921,1.68294,1.27898,,1003,339.442,23725.9,,0.598368,-0.610184,,-14.1611,20.3418,fluid
922,1.57594,1.36112,,1002.84,324.118,22450.3,,0.502655,-0.735906,,-16.0949,20.5614,fluid
923,1.44649,1.44997,,1002.67,304.214,21138.1,,0.410115,-0.873045,,-17.4872,20.1491,fluid
924,1.28705,1.61789,,1002.36,266.558,18688.1,,0.322675,-0.959326,,-16.5861,20.0151,fluid
925,1.0754,1.89475,,1001.94,169.105,15282.5,,0.185483,-0.9465,,-14.2922,21.5266,fluid
926,0.852914,2.2491,,1001.56,150.505,12270.3,,0.138075,-1.11412,,-11.0135,24.2827,fluid
927,1.18456,2.12446,,1001.62,213.88,12750.7,,0.271547,-1.20278,,-9.17373,24.2245,fluid
928,1.6574,0.175887,,1005.7,107.801,45536.3,,0.166504,0.0114612,,-25.1108,14.8075,fluid
929,1.9255,0.404755,,1005.04,181.247,40180.5,,0.336051,-0.0633766,,-18.8754,15.4619,fluid
930,2.19223,0.588848,,1004.54,239.875,36138.9,,0.492159,-0.114227,,-14.757,16.7134,fluid
931,2.43824,0.706185,,1004.22,265.497,33508.7,,0.54096,-0.182088,,-13.9306,17.2149,fluid
932,2.67883,0.797976,,1003.95,302.423,31337.1,,0.729122,-0.261601,,-11.7184,16.8301,fluid
933,2.83551,0.894352,,1003.69,341.803,29265.5,,0.987566,-0.313301,,-8.16908,16.6204,fluid
934,2.8965,0.994321,,1003.44,359.569,27290.3,,1.12303,-0.356394,,-6.22444,16.9861,fluid
935,2.88385,1.09081,,1003.21,365.68,25474.6,,1.14345,-0.419782,,-6.03252,17.7817,fluid
936,2.81777,1.17996,,1003.01,362.798,23871.4,,1.0789,-0.531446,,-6.97411,18.7639,fluid
937,2.7063,1.26769,,1002.83,349.394,22370.2,,0.956082,-0.694626,,-8.32021,19.3643,fluid
938,2.5555,1.35715,,1002.64,329.232,20912.8,,0.819282,-0.874429,,-9.13851,19.2802,fluid
939,2.36625,1.48189,,1002.4,306.242,18957,,0.714733,-0.987946,,-8.42882,18.9819,fluid
940,2.09288,1.70658,,1002.01,226.192,15876.2,,0.499945,-0.920607,,-7.1542,20.4994,fluid
941,1.69666,1.99005,,1001.67,66.3084,13150.8,,0.14741,-0.898153,,-6.58473,23.4135,fluid
942,1.48958,2.17365,,1001.5,175.58,11852.1,,0.287279,-1.17962,,-5.89516,24.5546,fluid
943,2.03668,2.07996,,1001.5,182.584,11800.5,,0.399478,-1.17738,,-4.83646,24.1169,fluid
944,2.37254,0.141611,,1005.47,106.629,43673.6,,0.251963,0.0162343,,-15.9043,15.7092,fluid
945,2.73991,0.36393,,1004.84,167.599,38521.9,,0.415721,-0.0697777,,-12.7737,16.2452,fluid
946,3.08341,0.538718,,1004.37,240.241,34781.2,,0.705,-0.122875,,-8.56971,17.0631,fluid
947,3.36488,0.651334,,1004.08,263.718,32393.1,,0.71734,-0.167693,,-8.24555,17.6168,fluid
948,3.69239,0.742043,,1003.81,293.556,30255.5,,0.957378,-0.240807,,-7.28036,17.1045,fluid
949,3.85823,0.843496,,1003.57,335.901,28358.4,,1.30047,-0.285555,,-4.33282,16.6575,fluid
950,3.88513,0.955083,,1003.34,358.353,26468.5,,1.44887,-0.329958,,-3.35541,16.6772,fluid
951,3.82987,1.06108,,1003.12,371.355,24678.8,,1.4551,-0.398279,,-3.94074,17.0478,fluid
952,3.7513,1.16346,,1002.89,369.586,22897.9,,1.38954,-0.529513,,-4.78619,17.6487,fluid
953,3.64112,1.27639,,1002.64,351.029,20923.2,,1.25991,-0.715075,,-5.4159,17.8433,fluid
954,3.47399,1.42268,,1002.34,309.711,18457,,1.07271,-0.842714,,-5.15591,17.5642,fluid
955,3.21841,1.60539,,1002,239.394,15761.3,,0.821369,-0.851919,,-4.03972,18.5948,fluid
956,2.81193,1.81872,,1001.7,107.821,13410,,0.370292,-0.844524,,-4.59669,21.4753,fluid
957,2.3946,1.98798,,1001.54,114.06,12151.2,,0.320781,-1.02529,,-3.47857,23.1873,fluid
958,2.22954,2.10044,,1001.44,179.646,11379.8,,0.433894,-1.18449,,-3.56291,24.2175,fluid
959,2.90403,2.0589,,1001.38,178.789,10907.6,,0.557237,-1.1756,,-3.19915,23.753,fluid
960,3.1155,0.0989107,,1005.16,100.499,41088.6,,0.35638,0.0152998,,-10.7303,15.9869,fluid
961,3.57628,0.324239,,1004.52,152.569,35966.4,,0.517505,-0.065584,,-8.5911,16.9643,fluid
962,3.99472,0.489888,,1004.11,223.407,32661.1,,0.85908,-0.127952,,-5.34648,17.4757,fluid
963,4.31156,0.600508,,1003.86,243.705,30628.3,,0.815611,-0.163651,,-5.24419,17.8236,fluid
964,4.71137,0.698534,,1003.6,282.804,28583.2,,1.23126,-0.238873,,-4.43876,17.096,fluid
965,4.83349,0.805961,,1003.41,322.443,27049.5,,1.57106,-0.273312,,-2.21643,16.7098,fluid
966,4.80283,0.918003,,1003.23,349.884,25560.3,,1.67596,-0.317847,,-2.18581,16.5578,fluid
967,4.70085,1.02454,,1003.04,370.057,24046.1,,1.63957,-0.39104,,-3.34811,16.5055,fluid
968,4.6273,1.14156,,1002.79,372.114,22106.4,,1.62482,-0.516508,,-3.75356,16.6689,fluid
969,4.53072,1.28797,,1002.47,348.55,19526.6,,1.52775,-0.678573,,-3.78171,16.4616,fluid
970,4.35496,1.49095,,1002.04,263.579,16086.9,,1.2471,-0.716047,,-3.02242,16.4366,fluid
971,4.04842,1.68777,,1001.7,176.636,13411.1,,0.85554,-0.808438,,-2.03875,18.4386,fluid
972,3.5788,1.85229,,1001.53,90.7878,12029.3,,0.43813,-0.90019,,-2.63964,21.41,fluid
973,3.19813,1.95184,,1001.46,149.522,11499.6,,0.551086,-1.07314,,-2.06156,22.6198,fluid
974,3.02799,2.04814,,1001.38,182.713,10848.4,,0.600354,-1.17509,,-2.46187,23.5677,fluid
975,3.81605,2.03184,,1001.27,200.614,9989.24,,0.823504,-1.19431,,-1.95564,22.7165,fluid
976,3.88352,0.0554163,,1004.75,88.9447,37828.6,,0.47126,0.00915002,,-7.15151,15.6055,fluid
977,4.41801,0.287496,,1004.16,138.558,33070.1,,0.614905,-0.0661615,,-5.90013,17.3143,fluid
978,4.91601,0.446171,,1003.81,205.872,30213.1,,1.00166,-0.132043,,-3.63731,17.6304,fluid
979,5.31852,0.555626,,1003.58,215.316,28383.3,,0.937904,-0.166474,,-3.88787,17.8073,fluid
980,5.70776,0.665276,,1003.36,269.933,26664.3,,1.53779,-0.234966,,-2.18342,17.0816,fluid
981,5.75373,0.777959,,1003.22,305.251,25548.5,,1.77872,-0.269444,,-1.11483,16.7134,fluid
982,5.67955,0.890106,,1003.08,337.918,24388.8,,1.83671,-0.314413,,-1.64968,16.3323,fluid
983,5.56108,0.996579,,1002.92,360.528,23082.2,,1.79264,-0.388629,,-2.78443,16.0021,fluid
984,5.49851,1.12602,,1002.66,367.277,21046.4,,1.84899,-0.497596,,-2.84989,15.8621,fluid
985,5.4035,1.29452,,1002.29,338.361,18131.6,,1.76835,-0.633411,,-2.70425,15.3603,fluid
986,5.22129,1.5365,,1001.79,211.318,14117.3,,1.40308,-0.626266,,-1.77598,15.7348,fluid
987,4.89075,1.71963,,1001.51,159.093,11878.1,,0.975475,-0.831544,,-1.00528,17.9433,fluid
988,4.40349,1.84645,,1001.4,108.001,11049.3,,0.626202,-0.933228,,-1.40315,20.5675,fluid
989,4.052,1.91472,,1001.36,169.715,10741.6,,0.790285,-1.08035,,-1.15177,21.5334,fluid
990,3.8698,2.00463,,1001.29,190.154,10142,,0.803402,-1.1668,,-1.70076,22.4381,fluid
991,4.74634,2.00356,,1001.16,216.011,9103.35,,1.11191,-1.18749,,-1.04619,21.4383,fluid
992,4.67853,0.0179352,,1004.34,82.0325,34486,,0.573861,0.00390136,,-4.96769,14.9536,fluid
993,5.27201,0.255624,,1003.81,131.354,30226.6,,0.724438,-0.0699679,,-4.20639,17.2524,fluid
994,5.8461,0.409199,,1003.5,192.296,27765.1,,1.14482,-0.132333,,-2.48031,17.6835,fluid
995,6.41633,0.515899,,1003.28,198.783,26019.2,,1.21831,-0.188413,,-3.3513,17.7169,fluid
996,6.64192,0.637183,,1003.16,255.429,25030,,1.77018,-0.231892,,-0.979215,17.243,fluid
997,6.6394,0.755333,,1003.06,292.347,24231.6,,1.95667,-0.263562,,-0.540706,16.7307,fluid
998,6.53297,0.867242,,1002.95,331.767,23324.7,,1.95685,-0.311678,,-1.53938,16.147,fluid
999,6.42606,0.978309,,1002.79,356.658,22069.2,,1.95068,-0.376313,,-2.41022,15.5339,fluid
1000,6.36681,1.11671,,1002.53,364.472,19991.1,,2.04272,-0.466752,,-2.36156,15.0965,fluid
1001,6.27385,1.30602,,1002.12,323.658,16744,,1.96603,-0.561089,,-2.08736,14.3214,fluid
1002,6.08888,1.57482,,1001.57,159.901,12357.8,,1.52291,-0.57996,,-1.04765,15.3195,fluid
1003,5.75364,1.724,,1001.36,159.942,10706.1,,1.15014,-0.855391,,-0.499396,17.2224,fluid
1004,5.26875,1.82418,,1001.29,127.946,10187.5,,0.865336,-0.943645,,-0.668643,19.4187,fluid
1005,4.9303,1.88019,,1001.27,183.3,9986.21,,1.04291,-1.07177,,-0.464178,20.2179,fluid
1006,4.72814,1.96838,,1001.2,192.534,9419.73,,1.00657,-1.14253,,-1.18398,21.1492,fluid
1007,5.67126,1.97444,,1001.05,226.262,8258.34,,1.39284,-1.17124,,-0.503056,20.0586,fluid
1008,5.49806,-0.0111456,,1003.95,78.2445,31403.9,,0.694739,-0.00283516,,-3.40932,14.16,fluid
1009,6.13639,0.228773,,1003.49,126.377,27646.4,,0.804432,-0.0698557,,-3.21959,17.101,fluid
1010,6.79481,0.376076,,1003.22,178.58,25550.3,,1.29883,-0.134261,,-1.5938,17.7694,fluid
1011,7.5457,0.488885,,1003.01,210.694,23848.5,,1.69091,-0.193876,,-1.57732,17.6281,fluid
1012,7.50639,0.61115,,1002.98,251.998,23621.7,,1.83038,-0.231308,,-1.45207,17.2454,fluid
1013,7.51819,0.732932,,1002.9,291.292,22967.8,,2.09435,-0.256263,,-0.59488,16.5651,fluid
1014,7.40061,0.843147,,1002.81,325.693,22267.5,,2.08275,-0.30671,,-1.60475,15.7689,fluid
1015,7.31066,0.961258,,1002.66,349.23,21037.2,,2.15298,-0.358484,,-2.02775,14.9038,fluid
1016,7.23781,1.10294,,1002.41,355.234,19031.8,,2.22759,-0.434063,,-2.00612,14.2297,fluid
1017,7.15155,1.31025,,1001.97,303.921,15538.6,,2.1616,-0.488087,,-1.59771,13.3695,fluid
1018,6.97151,1.59476,,1001.4,131.251,11012.6,,1.6658,-0.599635,,-0.550452,15.0009,fluid
1019,6.64205,1.71191,,1001.25,164.495,9833.69,,1.36868,-0.864467,,-0.181348,16.4624,fluid
1020,6.16255,1.79492,,1001.2,142.753,9426.94,,1.12161,-0.935899,,-0.317762,18.3037,fluid
1021,5.81971,1.84661,,1001.17,192.621,9238.57,,1.28956,-1.05572,,-0.0940821,18.8761,fluid
1022,5.59656,1.9331,,1001.1,195.101,8700.8,,1.2164,-1.11654,,-0.817704,19.826,fluid
1023,6.58323,1.94475,,1000.96,230.696,7531.4,,1.65376,-1.1465,,-0.233776,18.8242,fluid
1024,6.3282,-0.0347255,,1003.62,74.464,28731.4,,0.782637,-0.00501943,,-2.41839,13.6234,fluid
1025,7.05211,0.204886,,1003.19,113.856,25300.1,,0.962188,-0.072715,,-2.09105,17.0606,fluid
1026,7.73697,0.346433,,1002.97,172.263,23546.1,,1.42546,-0.133772,,-1.0601,17.6014,fluid
1027,8.57383,0.469676,,1002.74,211.026,21676.4,,1.96009,-0.177672,,-0.560155,17.3889,fluid
1028,8.40649,0.587539,,1002.76,244.528,21867,,1.98876,-0.228401,,-1.23897,16.9225,fluid
1029,8.42609,0.711753,,1002.7,286.579,21325.6,,2.28591,-0.252088,,-0.384856,16.147,fluid
1030,8.30048,0.823113,,1002.63,317.8,20780.3,,2.30697,-0.300463,,-1.14047,15.2611,fluid
1031,8.20504,0.944364,,1002.49,340.807,19679.4,,2.39287,-0.34707,,-1.46801,14.2504,fluid
1032,8.10706,1.08327,,1002.27,343.466,17916.4,,2.40661,-0.416556,,-1.57197,13.4176,fluid
1033,8.03058,1.30532,,1001.82,285.588,14370.5,,2.35091,-0.434206,,-1.12945,12.4783,fluid
1034,7.86248,1.5964,,1001.27,127.625,9986.85,,1.83983,-0.656712,,-0.16581,14.558,fluid
1035,7.54506,1.69004,,1001.16,167.775,9146.11,,1.59272,-0.866692,,0.0760181,15.6573,fluid
1036,7.07239,1.76134,,1001.12,152.049,8809.56,,1.38259,-0.921975,,-0.0864381,17.2685,fluid
1037,6.71937,1.81205,,1001.09,196.549,8603.89,,1.53069,-1.03172,,0.109965,17.7166,fluid
1038,6.48176,1.89587,,1001.03,198.421,8071.11,,1.44718,-1.08745,,-0.540171,18.6222,fluid
1039,7.48523,1.91361,,1000.88,230.574,6943.83,,1.88541,-1.12173,,-0.063376,17.7249,fluid
1040,7.16524,-0.0552509,,1003.34,69.3957,26470.8,,0.835223,-0.00432606,,-1.9594,12.9657,fluid
1041,8.02297,0.182657,,1002.91,107.534,23041.1,,1.1956,-0.0747421,,-1.08168,16.7827,fluid
1042,8.67436,0.319629,,1002.71,166.536,21470.5,,1.5043,-0.129077,,-0.764954,17.1478,fluid
1043,9.54706,0.449696,,1002.5,208.286,19740.4,,2.15048,-0.166726,,-0.15332,16.9497,fluid
1044,9.33501,0.567773,,1002.54,245.817,20086,,2.22587,-0.21983,,-0.736421,16.5352,fluid
1045,9.34311,0.693194,,1002.49,286.701,19683.2,,2.50527,-0.245618,,-0.123643,15.6686,fluid
1046,9.20945,0.806676,,1002.43,316.849,19245,,2.54204,-0.293398,,-0.754401,14.7463,fluid
1047,9.10218,0.928507,,1002.31,337.487,18284.3,,2.60783,-0.339483,,-1.06974,13.6421,fluid
1048,8.98202,1.06527,,1002.12,336.756,16730.7,,2.56619,-0.402365,,-1.22142,12.6502,fluid
1049,8.91216,1.3014,,1001.67,267.799,13196.8,,2.5201,-0.378317,,-0.795173,11.5868,fluid
1050,8.75873,1.58936,,1001.16,136.604,9143.99,,2.0291,-0.715346,,0.0830012,14.0119,fluid
1051,8.45483,1.66445,,1001.08,170.8,8542.2,,1.81068,-0.867506,,0.240098,14.7807,fluid
1052,7.99235,1.72576,,1001.05,159.379,8298.61,,1.64281,-0.913509,,0.102707,16.2571,fluid
1053,7.6281,1.77608,,1001.03,196.569,8079.62,,1.75635,-1.00915,,0.285322,16.6742,fluid
1054,7.38401,1.85608,,1000.96,200.265,7552.21,,1.68029,-1.06008,,-0.298576,17.5191,fluid
1055,8.38375,1.88107,,1000.82,228.978,6483.12,,2.09941,-1.09895,,0.0260207,16.707,fluid
1056,8.02264,-0.0738226,,1003.08,70.5008,24395.5,,0.9332,-0.0066379,,-1.4187,12.1284,fluid
1057,9.02733,0.160995,,1002.63,100.172,20774,,1.43298,-0.0764956,,-0.609192,16.2745,fluid
1058,9.63761,0.295443,,1002.47,158.08,19504.3,,1.56261,-0.120405,,-0.297321,16.5701,fluid
1059,10.4909,0.430036,,1002.27,213.837,17948,,2.37461,-0.1528,,-0.319652,16.2473,fluid
1060,10.2687,0.550511,,1002.32,247.104,18333.9,,2.48342,-0.206179,,-0.47219,15.9683,fluid
1061,10.251,0.675695,,1002.28,287.819,18047.2,,2.71704,-0.235437,,-0.111738,15.1114,fluid
1062,10.1244,0.792054,,1002.24,315.835,17670.5,,2.76177,-0.280716,,-0.537377,14.1607,fluid
1063,10.0097,0.914288,,1002.13,333.14,16833.8,,2.80653,-0.327567,,-0.761886,13.0161,fluid
1064,9.87103,1.04956,,1001.96,328.765,15469.3,,2.72865,-0.387769,,-0.851536,11.9223,fluid
1065,9.8018,1.29957,,1001.52,244.047,11996.3,,2.68868,-0.329544,,-0.414955,10.7076,fluid
1066,9.66203,1.57722,,1001.07,149.047,8396.44,,2.23461,-0.760445,,0.32013,13.3686,fluid
1067,9.373,1.6379,,1001.01,172.162,7984.88,,2.03103,-0.859465,,0.350181,13.9062,fluid
1068,8.92033,1.69047,,1001,164.893,7852.89,,1.89703,-0.901517,,0.215708,15.2662,fluid
1069,8.54846,1.7394,,1000.97,195.669,7628,,1.97273,-0.988111,,0.401007,15.6586,fluid
1070,8.3023,1.81464,,1000.91,202.088,7133.67,,1.91531,-1.03771,,-0.113478,16.4476,fluid
1071,9.28473,1.84815,,1000.77,226.385,6079.7,,2.30944,-1.0725,,0.0795585,15.7374,fluid
1072,8.89282,-0.0902408,,1002.83,65.129,22365.7,,1.00597,-0.00612637,,-1.02547,11.3901,fluid
1073,10.0402,0.13985,,1002.38,86.266,18792.5,,1.65953,-0.0745993,,-0.612018,15.5577,fluid
1074,10.6994,0.275708,,1002.22,144.618,17515.3,,1.66304,-0.106099,,-0.182893,15.755,fluid
1075,11.3625,0.411654,,1002.09,202.531,16467.2,,2.58078,-0.156891,,0.290191,15.8259,fluid
1076,11.2078,0.53673,,1002.11,234.53,16637.9,,2.72582,-0.200129,,0.334815,15.4778,fluid
1077,11.143,0.658467,,1002.09,273.367,16471.2,,2.88084,-0.234026,,0.231819,14.687,fluid
1078,11.0515,0.777689,,1002.03,307.437,16044.9,,2.9749,-0.269416,,-0.133423,13.6775,fluid
1079,10.9372,0.900616,,1001.93,327.846,15272.5,,2.99729,-0.313196,,-0.47468,12.5155,fluid
1080,10.7801,1.03447,,1001.78,323.967,14073.7,,2.87889,-0.37148,,-0.635238,11.362,fluid
1081,10.7036,1.29889,,1001.36,218.238,10730.9,,2.84236,-0.280554,,-0.181429,9.98603,fluid
1082,10.575,1.55762,,1000.98,163.999,7722.19,,2.45556,-0.780673,,0.448002,12.6863,fluid
1083,10.2959,1.60963,,1000.95,176.147,7454,,2.24755,-0.846793,,0.450038,13.0144,fluid
1084,9.85756,1.65583,,1000.94,170.358,7403.85,,2.14994,-0.886878,,0.379238,14.2518,fluid
1085,9.48204,1.70378,,1000.91,194.062,7189.18,,2.19303,-0.963459,,0.49178,14.6733,fluid
1086,9.23341,1.77403,,1000.86,202.589,6756.34,,2.15176,-1.01213,,0.0220935,15.404,fluid
1087,10.1913,1.81382,,1000.73,224.85,5736.27,,2.51876,-1.04321,,0.173019,14.7626,fluid
1088,9.77133,-0.104632,,1002.6,58.2616,20577.7,,1.05303,-0.0039096,,-0.83274,10.7069,fluid
1089,11.016,0.120304,,1002.16,88.4971,17086.6,,1.85142,-0.0691742,,-0.0860145,14.5862,fluid
1090,12.0135,0.260692,,1001.98,143.735,15655,,2.18674,-0.112219,,-0.720478,15.3431,fluid
1091,12.1213,0.397774,,1001.97,201.89,15583.4,,2.67477,-0.147633,,0.446035,15.5362,fluid
1092,12.2167,0.530431,,1001.95,235.044,15406.2,,3.12562,-0.174052,,1.3536,14.9527,fluid
1093,12.0303,0.644186,,1001.96,292.091,15506.8,,2.93723,-0.214521,,-0.0406225,14.2992,fluid
1094,11.9852,0.765939,,1001.91,323.979,15040.9,,3.11183,-0.240758,,-0.11095,13.1165,fluid
1095,11.8819,0.889928,,1001.81,338.213,14262.4,,3.12203,-0.277869,,-0.502082,11.8462,fluid
1096,11.7085,1.01921,,1001.66,323.016,13100.6,,2.96396,-0.335815,,-0.69977,10.6769,fluid
1097,11.6234,1.2905,,1001.24,186.925,9792.9,,2.97148,-0.209175,,-0.0584984,9.40672,fluid
1098,11.4989,1.52889,,1000.91,169.947,7155.85,,2.66838,-0.770877,,0.505818,12.0714,fluid
1099,11.227,1.57719,,1000.88,180.338,6914.32,,2.46713,-0.821561,,0.486009,12.2121,fluid
1100,10.8044,1.61959,,1000.88,178.169,6924.06,,2.40716,-0.862062,,0.472743,13.2968,fluid
1101,10.4238,1.66773,,1000.86,195.455,6764.09,,2.41542,-0.934452,,0.56805,13.7073,fluid
1102,10.1737,1.73377,,1000.81,204.095,6400.36,,2.38514,-0.98425,,0.194414,14.3358,fluid
1103,11.1075,1.77592,,1000.68,225.652,5355.66,,2.7395,-1.00562,,0.206994,13.8215,fluid
1104,10.6575,-0.117069,,1002.41,71.0366,19082.5,,1.10792,0.000384058,,-0.826419,9.88798,fluid
1105,11.9582,0.102826,,1002.01,83.3798,15873.3,,1.84711,-0.0715043,,-1.05507,13.7939,fluid
1106,13.1782,0.249748,,1001.78,157.236,14009.8,,2.67472,-0.0986882,,0.373716,14.4874,fluid
1107,12.9542,0.379044,,1001.82,183.738,14339.8,,2.46214,-0.137762,,-0.875515,14.982,fluid
1108,13.2124,0.513914,,1001.75,237.542,13838,,3.30868,-0.161718,,1.02466,14.2284,fluid
1109,13.0022,0.623319,,1001.78,289.204,14005.9,,3.11537,-0.202191,,-0.187059,13.6896,fluid
1110,12.9815,0.746904,,1001.71,322.442,13508.9,,3.35801,-0.224422,,-0.0723458,12.4489,fluid
1111,12.8827,0.873406,,1001.62,335.688,12771.7,,3.38487,-0.25525,,-0.421596,11.1748,fluid
1112,12.6874,0.999141,,1001.5,312.381,11805.9,,3.22217,-0.309405,,-0.550756,10.0773,fluid
1113,12.5731,1.26578,,1001.12,169.595,8855.14,,3.19038,-0.221263,,0.0886439,8.92339,fluid
1114,12.4319,1.48915,,1000.84,178.479,6617.49,,2.90597,-0.781915,,0.614387,11.3461,fluid
1115,12.166,1.53716,,1000.82,181.662,6454.65,,2.71872,-0.814928,,0.6448,11.553,fluid
1116,11.7565,1.57936,,1000.83,177.899,6493.75,,2.653,-0.835609,,0.583954,12.5617,fluid
1117,11.3766,1.62814,,1000.8,196.033,6312.55,,2.6374,-0.897379,,0.579885,12.8488,fluid
1118,11.1227,1.69175,,1000.76,207.196,5991.84,,2.62323,-0.947015,,0.284272,13.3371,fluid
1119,12.0354,1.73163,,1000.63,224.925,4979.31,,2.9696,-0.984128,,0.334988,12.9248,fluid
1120,11.5606,-0.127037,,1002.24,46.2387,17710.2,,0.980279,0.0037318,,-0.951844,9.50405,fluid
1121,12.8875,0.0895843,,1001.86,70.2163,14662.6,,1.89519,-0.061417,,-0.836947,13.2996,fluid
1122,14.2085,0.238524,,1001.62,166.381,12794.4,,2.86036,-0.0891889,,0.349884,13.6699,fluid
1123,13.9797,0.365666,,1001.64,188.942,12969.7,,2.73218,-0.128498,,-0.546147,14.2316,fluid
1124,14.1902,0.499857,,1001.59,243.308,12556.6,,3.50403,-0.146806,,0.95708,13.5043,fluid
1125,13.9864,0.607203,,1001.6,291.209,12621.2,,3.31912,-0.185521,,-0.132357,13.037,fluid
1126,13.9667,0.730312,,1001.54,321.596,12122.6,,3.56722,-0.203428,,0.0201561,11.8248,fluid
1127,13.8682,0.857102,,1001.45,329.686,11404,,3.58971,-0.22886,,-0.258714,10.5795,fluid
1128,13.6497,0.976851,,1001.34,302.636,10566.6,,3.38534,-0.284072,,-0.360173,9.66818,fluid
1129,13.5252,1.2463,,1001,147.347,7886.92,,3.35029,-0.242155,,0.267875,8.75682,fluid
1130,13.3688,1.45154,,1000.77,184.389,6082.79,,3.10617,-0.782917,,0.68306,10.8366,fluid
1131,13.1055,1.49767,,1000.76,186.735,5952.15,,2.92155,-0.801821,,0.669911,10.9434,fluid
1132,12.7122,1.53494,,1000.76,184.22,5989.43,,2.871,-0.822469,,0.617994,11.709,fluid
1133,12.3436,1.58089,,1000.75,198.663,5873.26,,2.88379,-0.884646,,0.674,11.9915,fluid
1134,12.0806,1.64426,,1000.71,207.15,5607.3,,2.87098,-0.926931,,0.470638,12.4583,fluid
1135,12.9707,1.68619,,1000.59,226.437,4635.77,,3.16685,-0.958727,,0.372367,12.0244,fluid
1136,12.5633,-0.134665,,1002.09,60.0355,16521.3,,1.22142,0.00832173,,-0.624162,9.10227,fluid
1137,13.8333,0.0765309,,1001.71,60.6385,13490.9,,1.93415,-0.0563914,,-0.578353,12.6911,fluid
1138,15.2237,0.226829,,1001.49,168.858,11766.3,,3.03154,-0.082587,,0.486978,12.952,fluid
1139,15.0676,0.355088,,1001.5,200.753,11806.9,,3.09846,-0.117388,,-0.102368,13.4419,fluid
1140,15.1607,0.484873,,1001.45,252.684,11466.3,,3.64529,-0.135347,,0.840707,12.8721,fluid
1141,15.0092,0.594994,,1001.45,295.405,11410,,3.55717,-0.16807,,-0.0380311,12.3531,fluid
1142,14.9646,0.715352,,1001.39,323.366,10928.2,,3.73343,-0.184846,,-0.0551656,11.2186,fluid
1143,14.8751,0.843752,,1001.29,326.073,10179.6,,3.78614,-0.201796,,-0.210331,9.93046,fluid
1144,14.643,0.961297,,1001.19,295.389,9373.67,,3.57889,-0.250145,,-0.266141,9.11721,fluid
1145,14.5126,1.23439,,1000.87,132.065,6849.92,,3.5507,-0.292189,,0.330125,8.76557,fluid
1146,14.3277,1.41081,,1000.7,191.043,5506.11,,3.33501,-0.781835,,0.679302,10.3368,fluid
1147,14.0668,1.45366,,1000.69,192.843,5464.69,,3.17916,-0.805399,,0.734011,10.439,fluid
1148,13.6866,1.4893,,1000.7,189.084,5542.92,,3.12106,-0.826217,,0.694956,11.105,fluid
1149,13.3185,1.5344,,1000.69,201.886,5451.92,,3.10731,-0.870413,,0.709933,11.3006,fluid
1150,13.0397,1.59709,,1000.66,209.804,5214.16,,3.07273,-0.903007,,0.533088,11.6092,fluid
1151,13.9286,1.63553,,1000.55,231.191,4314.49,,3.42031,-0.957342,,0.438169,11.1893,fluid
1152,13.5361,-0.142499,,1001.93,52.3713,15228.1,,1.27225,0.00709257,,-0.452386,8.50589,fluid
1153,14.7995,0.0641897,,1001.6,48.9918,12618.5,,1.97765,-0.05005,,-0.352523,12.1313,fluid
1154,16.2388,0.215766,,1001.33,158.152,10511.5,,3.19494,-0.0790543,,0.965723,12.2993,fluid
1155,16.1555,0.346576,,1001.31,209.466,10358.6,,3.45476,-0.107629,,0.667566,12.7013,fluid
1156,16.1292,0.469091,,1001.29,258.713,10159.1,,3.73676,-0.130933,,0.68357,12.3732,fluid
1157,16.0748,0.587426,,1001.26,299.527,9888.77,,3.90642,-0.151455,,0.460213,11.6228,fluid
1158,15.9743,0.70168,,1001.21,324.742,9514.54,,3.91473,-0.17372,,0.0225583,10.6783,fluid
1159,15.8967,0.831699,,1001.12,320.351,8785.47,,4.00538,-0.179793,,-0.0331594,9.31038,fluid
1160,15.6467,0.947864,,1001.03,280.788,8095.17,,3.79584,-0.216794,,-0.0255656,8.55898,fluid
1161,15.5121,1.21886,,1000.74,127.592,5848.06,,3.75317,-0.391033,,0.475861,9.06839,fluid
1162,15.2953,1.36931,,1000.62,193.375,4895.44,,3.5565,-0.781954,,0.811497,9.9711,fluid
1163,15.0386,1.41156,,1000.62,195.504,4893.35,,3.42831,-0.79636,,0.848648,10.0264,fluid
1164,14.67,1.44539,,1000.63,192.522,4974.63,,3.35308,-0.811687,,0.682271,10.4955,fluid
1165,14.3116,1.48455,,1000.63,206.83,4967.49,,3.35561,-0.860652,,0.699864,10.6088,fluid
1166,14.0173,1.54579,,1000.61,215.133,4829.22,,3.32714,-0.901109,,0.620257,10.855,fluid
1167,14.8971,1.58702,,1000.49,235.806,3857.08,,3.65891,-0.945626,,0.523965,10.3085,fluid
1168,14.5372,-0.148542,,1001.81,49.1149,14281.2,,1.35603,0.00856966,,-0.473526,8.11219,fluid
1169,15.8922,0.0528541,,1001.44,47.9014,11353.9,,2.18415,-0.0437986,,-0.328199,11.1985,fluid
1170,17.2406,0.204142,,1001.18,155.644,9312.25,,3.37069,-0.0700353,,0.798498,11.3296,fluid
1171,17.265,0.339338,,1001.13,207.419,8874.82,,3.84201,-0.0925914,,1.17503,11.531,fluid
1172,17.0868,0.451972,,1001.13,276.054,8860.35,,3.74117,-0.124363,,-0.0602579,11.7363,fluid
1173,17.199,0.58375,,1001.04,297.09,8165.54,,4.38495,-0.13221,,0.952342,10.577,fluid
1174,16.996,0.688718,,1001.03,335.603,8073.7,,4.1042,-0.164906,,-0.0118805,10.1498,fluid
1175,16.938,0.820597,,1000.94,319.724,7375.08,,4.24964,-0.164665,,0.0690856,8.74666,fluid
1176,16.6729,0.936571,,1000.87,258.817,6833.68,,4.0239,-0.201637,,0.151991,8.08,fluid
1177,16.5367,1.19649,,1000.63,136.404,4959.8,,3.95738,-0.520582,,0.617818,9.44976,fluid
1178,16.2946,1.32196,,1000.55,195.038,4323.81,,3.7909,-0.791223,,0.902512,9.70843,fluid
1179,16.0354,1.36314,,1000.55,199.954,4332.08,,3.69161,-0.796563,,0.890108,9.69023,fluid
1180,15.6764,1.39523,,1000.56,198.336,4394.53,,3.61228,-0.81226,,0.687706,9.98647,fluid
1181,15.322,1.43245,,1000.56,210.472,4419.76,,3.61275,-0.857257,,0.79521,10.0177,fluid
1182,15.0062,1.49648,,1000.55,218.956,4327.93,,3.57178,-0.88966,,0.743243,10.156,fluid
1183,15.8903,1.53149,,1000.43,242.874,3410.84,,3.92025,-0.946383,,0.541202,9.47915,fluid
1184,15.5039,-0.153805,,1001.69,45.026,13303.6,,1.44179,0.00866631,,-0.0490563,7.74339,fluid
1185,17.15,0.0427278,,1001.28,84.5614,10065.5,,2.56452,-0.0419778,,-0.166367,10.1703,fluid
1186,18.1256,0.189952,,1001.1,140.343,8678.06,,3.33878,-0.0646326,,-0.352637,10.0088,fluid
1187,18.3853,0.331699,,1000.95,286.546,7499.03,,4.09867,-0.0755944,,0.591502,10.1361,fluid
1188,18.0225,0.435654,,1000.98,250.425,7675.69,,3.79497,-0.110892,,-0.090571,10.393,fluid
1189,18.3808,0.577659,,1000.79,331.616,6207.43,,4.86384,-0.105057,,1.04223,9.26214,fluid
1190,18.0741,0.674907,,1000.8,322.698,6315.99,,4.4602,-0.145218,,0.459045,9.2185,fluid
1191,18.025,0.807149,,1000.71,286.676,5568.78,,4.59292,-0.158479,,0.550039,8.30024,fluid
1192,17.7312,0.924292,,1000.65,212.901,5138.2,,4.32636,-0.225726,,0.629647,8.25101,fluid
1193,17.5845,1.16084,,1000.49,157.825,3860.92,,4.20597,-0.664861,,0.95932,10.0781,fluid
1194,17.3153,1.26896,,1000.46,203.842,3639.01,,4.06952,-0.82249,,1.16085,9.68304,fluid
1195,17.0556,1.30999,,1000.48,206.625,3778.12,,3.98348,-0.817067,,1.05837,9.53152,fluid
1196,16.7073,1.34189,,1000.49,202.707,3884.73,,3.87819,-0.836023,,0.749625,9.6279,fluid
1197,16.354,1.37609,,1000.5,213.094,3915.52,,3.86032,-0.86642,,0.839824,9.55201,fluid
1198,16.0167,1.44094,,1000.49,224.568,3842.75,,3.83175,-0.888617,,0.789169,9.56037,fluid
1199,16.9022,1.47228,,1000.39,250.323,3046.85,,4.19252,-0.972502,,0.690173,8.79097,fluid
1200,16.4279,-0.15905,,1001.57,38.2412,12356.8,,1.50537,0.00130683,,0.864692,7.11604,fluid
1201,18.7032,0.0371549,,1001.02,139.636,8041.3,,3.24984,-0.0453336,,1.69474,9.43559,fluid
1202,18.7021,0.182845,,1000.93,201.848,7320.7,,3.54488,-0.0514035,,1.97824,9.63324,fluid
1203,19.6202,0.320711,,1000.54,315.086,4276.93,,4.60786,-0.0817946,,1.7142,9.61303,fluid
1204,19.0994,0.428025,,1000.63,260.967,4948.52,,4.47573,-0.0938006,,1.96125,9.34646,fluid
1205,19.6134,0.565524,,1000.39,337.233,3084.48,,5.33638,-0.123939,,1.78075,8.88078,fluid
1206,19.2199,0.659949,,1000.44,282.807,3477.97,,5.0315,-0.153398,,1.78146,8.84612,fluid
1207,19.1564,0.786365,,1000.38,225.034,2998.28,,5.05064,-0.21581,,1.68883,8.85433,fluid
1208,18.821,0.9016,,1000.39,160.165,3082.26,,4.69013,-0.300125,,1.59588,9.12674,fluid
1209,18.663,1.10609,,1000.32,171.776,2526.84,,4.50754,-0.784621,,1.56771,10.9198,fluid
1210,18.3723,1.20439,,1000.34,214.112,2697.95,,4.37073,-0.885591,,1.5343,9.93304,fluid
1211,18.1086,1.24523,,1000.38,220.11,2951.51,,4.29002,-0.880768,,1.34562,9.58728,fluid
1212,17.772,1.27707,,1000.4,218.842,3111.47,,4.18343,-0.89909,,0.997854,9.50609,fluid
1213,17.4087,1.31218,,1000.42,223.565,3281.06,,4.1463,-0.902691,,1.08318,9.33816,fluid
1214,17.0466,1.3811,,1000.43,232.152,3388.39,,4.11484,-0.910381,,0.972894,9.16472,fluid
1215,17.9389,1.40268,,1000.32,266.739,2485.97,,4.47975,-1.03205,,0.945203,8.1017,fluid
1216,17.4002,-0.163959,,1001.44,44.5565,11366.5,,1.75705,-0.0123654,,1.60866,6.91267,fluid
1217,19.9749,0.0289444,,1000.59,134.966,4609.32,,3.65737,-0.0488612,,2.06287,8.4621,fluid
1218,19.6946,0.162135,,1000.61,228.409,4774.15,,3.71627,-0.0749634,,1.93253,9.85229,fluid
1219,20.7426,0.303325,,1000.17,355.429,1355.17,,5.12251,-0.0756821,,2.82824,9.23413,fluid
1220,20.2258,0.404914,,1000.29,285.102,2297.88,,4.81111,-0.104904,,2.61183,9.39982,fluid
1221,20.8019,0.543022,,999.951,299.413,-384.636,,5.89618,-0.126869,,3.19402,8.79247,fluid
1222,20.3815,0.632099,,1000.09,256.411,686.171,,5.45451,-0.175423,,2.76279,9.08923,fluid
1223,20.3401,0.756415,,1000.03,166.392,269.486,,5.48955,-0.254464,,2.71772,8.82977,fluid
1224,19.9749,0.86286,,1000.1,128.126,814.938,,5.01938,-0.407215,,2.3894,10.1558,fluid
1225,19.7899,1.0326,,1000.11,183.257,839.78,,4.82837,-0.865665,,2.18224,11.6184,fluid
1226,19.4712,1.1199,,1000.18,238.365,1379.29,,4.7091,-0.96192,,2.01285,10.3136,fluid
1227,19.1999,1.16244,,1000.22,247.117,1734.68,,4.67111,-0.980584,,1.8294,9.87118,fluid
1228,18.8638,1.19972,,1000.25,238.228,1982.54,,4.55884,-0.999371,,1.55612,9.68157,fluid
1229,18.4857,1.23852,,1000.3,235.199,2367.56,,4.45948,-0.971592,,1.48993,9.406,fluid
1230,18.1056,1.31025,,1000.34,246.655,2683.31,,4.41338,-0.970173,,1.26944,8.90431,fluid
1231,19.0055,1.31757,,1000.21,292.535,1647.87,,4.84137,-1.13103,,1.37227,7.42866,fluid
1232,18.6417,-0.170973,,1001.19,64.9339,9406.09,,2.38081,-0.043897,,0.626239,8.15883,fluid
1233,21.1378,0.0194146,,1000.16,182.079,1234.16,,4.08241,-0.0459469,,3.19296,8.59088,fluid
1234,20.9103,0.148616,,1000.2,283.535,1540.59,,4.28055,-0.0691245,,3.09435,9.66843,fluid
1235,21.9689,0.292224,,999.462,381.41,-4218.45,,5.83289,-0.0422612,,5.34609,12.432,fluid
1236,21.4756,0.392865,,999.647,226.412,-2764.55,,5.40995,-0.0688686,,4.85735,9.66143,fluid
1237,22.057,0.525931,,999.163,261.113,-6551.53,,6.63089,-0.100132,,6.6958,10.3438,fluid
1238,21.6034,0.611038,,999.413,129.861,-4596.3,,5.97362,-0.140679,,5.61144,8.11641,fluid
1239,21.5803,0.726592,,999.37,42.7894,-4938.74,,5.98206,-0.320696,,5.35923,9.40838,fluid
1240,21.1711,0.81317,,999.556,83.0276,-3481.4,,5.52065,-0.564622,,3.94282,12.0351,fluid
1241,20.9569,0.944279,,999.657,187.444,-2689.93,,5.32836,-0.944136,,3.38606,12.7738,fluid
1242,20.6152,1.02882,,999.839,248.945,-1265.04,,5.24718,-1.0451,,2.98012,11.0773,fluid
1243,20.327,1.07704,,999.952,255.702,-374.776,,5.1481,-1.0728,,2.55625,10.2217,fluid
1244,19.985,1.11589,,1000.04,250.23,328.327,,4.94825,-1.0803,,2.17972,9.80804,fluid
1245,19.6006,1.14899,,1000.14,257.028,1069.1,,4.78905,-1.04282,,1.95323,9.56952,fluid
1246,19.2037,1.22158,,1000.21,274.14,1623.32,,4.78835,-1.06368,,1.70895,8.79282,fluid
1247,20.091,1.2281,,1000.01,313.223,79.8109,,5.24796,-1.22601,,2.00388,6.47331,fluid
1248,19.7199,-0.178791,,1000.75,53.5737,5917.48,,2.5309,-0.0623341,,1.56736,8.26025,fluid
1249,22.3704,0.0189157,,999.33,205.116,-5247.39,,4.73787,0.208397,,5.0117,14.4196,fluid
1250,22.2395,0.142453,,999.335,322.177,-5206.5,,5.0871,0.0154676,,5.71792,13.3837,fluid
1251,23.3266,0.303641,,997.616,108.286,-18575.7,,6.76781,0.506441,,15.6081,26.9757,fluid
1252,22.8564,0.40424,,997.968,-1.08794,-15849.8,,6.19563,0.451519,,11.2358,14.2472,fluid
1253,23.3743,0.517579,,997.225,-15.8857,-21594,,7.42803,-0.0118109,,18.5638,11.2282,fluid
1254,22.8821,0.593785,,997.742,-101.4,-17598.5,,6.47109,-0.161831,,12.2512,9.07276,fluid
1255,22.8502,0.685944,,997.753,-68.6947,-17516.8,,6.3905,-0.478592,,11.3096,11.4781,fluid
1256,22.4352,0.749988,,998.49,122.092,-11798.7,,6.21667,-0.688555,,7.7866,12.5628,fluid
1257,22.2132,0.850071,,998.851,220.857,-8989.58,,6.02613,-0.946429,,6.40777,12.1293,fluid
1258,21.8309,0.92544,,999.219,241.688,-6111.65,,5.81978,-1.06791,,5.77238,11.3581,fluid
1259,21.5121,0.972131,,999.373,247.697,-4908.81,,5.61913,-1.12753,,4.47094,10.7545,fluid
1260,21.1763,1.00769,,999.53,260.856,-3686.87,,5.50821,-1.15618,,3.45002,10.551,fluid
1261,20.7736,1.04478,,999.753,273.625,-1939.91,,5.35374,-1.12391,,3.02218,10.3355,fluid
1262,20.3347,1.12831,,999.945,289.319,-429.292,,5.26991,-1.15965,,2.42779,8.73969,fluid
1263,21.2236,1.11444,,999.515,340.006,-3799.79,,5.74295,-1.30358,,3.12702,5.73965,fluid
1264,20.9435,-0.188674,,1000.36,93.4194,2807.54,,2.9624,-0.056023,,1.98075,7.60461,fluid
1265,23.7169,0.0975085,,997.48,140.919,-19630.9,,6.02472,1.56466,,16.9323,45.4972,fluid
1266,23.6655,0.187578,,997.312,136.586,-20925.7,,6.47786,1.08899,,18.4877,43.2196,fluid
1267,24.8528,0.544861,,988.512,-899.744,-87110,,8.67749,3.73706,,35.8866,26.9827,fluid
1268,24.3938,0.50737,,992.203,-824.694,-59780.5,,7.84795,1.85351,,38.6418,24.6021,fluid
1269,24.7571,0.526631,,989.289,-465.82,-81404,,8.66075,0.584097,,35.6649,31.8236,fluid
1270,24.3016,0.563191,,992.781,-380.71,-55444,,7.90574,-0.192226,,36.0361,18.0723,fluid
1271,24.221,0.62201,,993.32,-168.482,-51389.4,,7.81848,-0.568025,,33.7029,16.6968,fluid
1272,23.8419,0.672082,,995.749,44.9243,-32936,,7.75297,-0.767559,,26.8647,10.8139,fluid
1273,23.5814,0.74592,,996.684,155.839,-25768.2,,7.1406,-0.940386,,20.7704,7.36949,fluid
1274,23.137,0.807044,,997.4,160.772,-20244.3,,6.41854,-1.09216,,13.9341,9.84861,fluid
1275,22.7582,0.855998,,997.917,243.949,-16248.5,,6.17047,-1.1282,,8.95426,9.65763,fluid
1276,22.412,0.895302,,998.545,303.034,-11368.9,,6.26618,-1.14897,,7.03237,9.42686,fluid
1277,22.0026,0.933992,,999.094,287.72,-7088.82,,5.98981,-1.12695,,5.82788,10.2061,fluid
1278,21.5261,1.01441,,999.371,292.547,-4925.58,,5.74251,-1.21485,,4.37597,8.95602,fluid
1279,22.3923,0.995032,,998.607,388.133,-10884.5,,6.46872,-1.30048,,6.15929,3.27732,fluid
1280,22.2884,-0.189701,,999.673,119.173,-2561.11,,3.48829,0.0354845,,2.59381,9.54393,fluid
1281,25.2655,0.607143,,985.957,-1441.08,-105672,,7.4753,6.63508,,17.0103,14.1382,fluid
1282,25.2848,0.615212,,985.836,-1266.03,-106547,,7.92103,5.76485,,16.1699,12.7661,fluid
1283,26.4886,1.00254,,993.118,976.458,-52907.6,,8.4685,2.60226,,-13.9479,-44.0017,fluid
1284,25.9834,0.782107,,988.089,-477.713,-90200.1,,6.31768,3.12273,,-24.4979,-14.3563,fluid
1285,26.2183,0.723203,,991.07,79.4969,-68231.5,,6.76251,2.77738,,-31.4304,12.3661,fluid
1286,25.916,0.587707,,989.095,-15.2545,-82832.2,,7.39436,1.33224,,-30.4793,35.6744,fluid
1287,25.8247,0.586819,,988.283,-26.6721,-88784.4,,8.10824,0.551754,,-31.0624,33.6197,fluid
1288,25.4363,0.600941,,985.948,135.307,-105741,,9.02886,-0.0538104,,2.87966,22.9665,fluid
1289,25.1055,0.639429,,986.33,509.612,-102979,,8.76396,-0.436647,,21.1047,18.2932,fluid
1290,24.5511,0.686464,,990.384,278.142,-73327.4,,8.06948,-0.943142,,39.8987,15.4988,fluid
1291,24.1103,0.738147,,994.078,244.542,-45656.8,,7.80824,-1.0902,,30.8419,5.35983,fluid
1292,23.7572,0.778183,,996.098,256.337,-30266.3,,7.63189,-1.10095,,25.2218,2.32131,fluid
1293,23.3293,0.810283,,997.169,202.241,-22032.6,,6.70761,-1.12393,,15.5186,6.96791,fluid
1294,22.7686,0.889115,,997.911,299.116,-16294.8,,6.30525,-1.22472,,8.92518,7.67059,fluid
1295,23.6443,0.87037,,996.512,357.773,-27087.3,,7.50936,-1.24559,,20.8224,-6.66008,fluid
1296,23.7985,-0.0287906,,997.76,179.116,-17461.8,,4.77906,2.157,,14.7246,44.8451,fluid
1297,26.7451,1.14609,,994.862,1287.39,-39707.3,,6.42935,1.89278,,-9.61185,-51.297,fluid
1298,26.9824,1.18883,,995.65,1066.87,-33694.7,,6.99573,2.47068,,-13.9483,-39.1159,fluid
1299,27.3072,1.26389,,996.469,862.883,-27420.5,,4.07505,2.21911,,-8.97405,-29.1276,fluid
1300,26.9781,1.18043,,995.632,589.389,-33833,,2.92118,1.90147,,-10.0044,-38.1774,fluid
1301,27.1316,1.15782,,995.934,359.031,-31526.2,,3.56551,2.92266,,-11.2759,-26.3545,fluid
1302,27.1182,1.0435,,995.808,410.694,-32489.7,,4.46696,3.53892,,-18.7075,-14.8397,fluid
1303,27.2248,0.95513,,995.969,615.047,-31254,,5.71474,3.25464,,-23.0252,1.53866,fluid
1304,27.0398,0.8475,,995.627,643.699,-33871,,6.7314,2.42784,,-29.3299,9.52742,fluid
1305,26.6669,0.719281,,994.662,567.69,-41224.4,,7.23191,1.52192,,-24.0981,26.5992,fluid
1306,26.1652,0.647435,,991.018,245.279,-68619,,7.32459,0.375745,,-35.0101,26.8551,fluid
1307,25.7245,0.651848,,986.722,364.337,-100146,,8.79188,-0.152415,,-28.0533,17.9185,fluid
1308,25.2438,0.672612,,985.445,772.484,-109358,,8.95684,-0.38003,,16.0315,10.3527,fluid
1309,24.7662,0.684928,,988.506,513.773,-87152,,8.41407,-0.861288,,36.3995,14.6988,fluid
1310,24.1198,0.763814,,994,325.435,-46248.6,,7.95307,-1.16962,,31.5445,1.63914,fluid
1311,24.9703,0.749188,,986.605,1095.79,-100990,,8.86496,-0.726786,,31.7095,-13.203,fluid
1312,25.5381,0.819677,,984.132,-2848.18,-118757,,4.65936,5.7763,,-2.79454,-55.9935,fluid
1313,28.5381,1.62222,,998.714,-310.613,-10052.5,,5.97706,2.91788,,-6.55714,-9.10326,fluid
1314,28.6254,1.59667,,998.778,-425.276,-9556.8,,6.18909,2.58238,,-7.15622,-6.73495,fluid
1315,28.6298,1.34777,,999.099,45.2981,-7053.84,,4.16733,2.56241,,-9.05533,-0.524236,fluid
1316,28.2902,1.49709,,998.783,-372.176,-9515.18,,2.7174,2.3346,,-5.48188,-10.128,fluid
1317,28.3625,1.57452,,998.73,-393.943,-9928.94,,2.9359,2.67916,,-4.99007,-11.1907,fluid
1318,28.5321,1.58844,,998.752,-426.224,-9756.73,,3.73175,3.33002,,-6.0465,-8.62334,fluid
1319,28.6528,1.52507,,998.885,-397.408,-8718.15,,4.36055,3.54001,,-7.02096,-5.128,fluid
1320,28.3593,1.43281,,998.866,60.4468,-8868.22,,5.84007,3.78444,,-9.69738,-7.629,fluid
1321,27.7822,1.12828,,997.842,503.509,-16830.6,,5.26756,2.62879,,-17.4879,-0.0932469,fluid
1322,27.4786,0.939055,,996.595,611.399,-26453.1,,4.82835,2.58223,,-23.5171,11.5644,fluid
1323,27.2491,0.880949,,995.998,365.492,-31036.8,,6.30499,2.30614,,-26.3319,10.7282,fluid
1324,26.7287,0.715846,,994.947,475.063,-39063.6,,7.22719,1.2965,,-24.0005,28.5417,fluid
1325,26.388,0.656959,,993.062,286.81,-53332.1,,7.78925,0.545852,,-31.6202,30.1137,fluid
1326,25.7124,0.675266,,986.385,520.333,-102584,,8.98278,-0.229975,,-26.7806,12.8942,fluid
1327,26.4048,0.70819,,992.948,547.349,-54183.4,,8.08631,0.195552,,-29.0317,21.7481,fluid
1328,27.966,1.31159,,998.504,510.185,-11688.4,,4.59013,2.11492,,-9.23726,-8.1572,fluid
1329,30.4333,1.84384,,996.752,280.346,-25242.6,,6.83379,1.60199,,6.7623,-9.76338,fluid
1330,30.4356,1.81925,,996.767,250.969,-25127.1,,6.72332,1.51488,,6.59967,-8.41749,fluid
1331,30.4747,1.70261,,996.873,-165.9,-24310.8,,5.80012,2.09849,,6.19146,-2.64353,fluid
1332,30.3887,1.78544,,996.75,-101.421,-25261.3,,6.12661,1.28627,,8.78481,-6.95477,fluid
1333,30.5156,1.90352,,996.794,262.698,-24921.5,,6.34928,1.57268,,5.3112,-12.7724,fluid
1334,30.5584,1.87453,,996.852,241.383,-24477.1,,6.98551,1.75819,,4.45013,-11.0487,fluid
1335,30.5456,1.81184,,996.874,146.579,-24307,,7.37376,2.10956,,4.64188,-7.91566,fluid
1336,28.9609,1.37467,,999.23,-188.17,-6032.58,,4.47765,2.36792,,-7.1231,1.1778,fluid
1337,28.8042,1.35983,,999.191,-97.5896,-6331.11,,4.53751,3.12355,,-7.71866,0.493003,fluid
1338,28.7048,1.33995,,999.157,12.0777,-6598.41,,4.37796,2.8332,,-8.52657,0.175872,fluid
1339,28.6138,1.28386,,999.156,-262.785,-6609.98,,4.92799,2.42407,,-10.257,0.832551,fluid
1340,27.8565,1.09379,,998.05,402.35,-15212.2,,5.59354,2.47936,,-16.433,3.14439,fluid
1341,27.6096,0.964357,,997.04,515.534,-23024.8,,5.11667,2.78503,,-23.0514,11.0935,fluid
1342,27.2264,0.87032,,995.953,281.43,-31379.6,,6.46993,1.99551,,-27.161,11.2679,fluid
1343,27.6012,0.923892,,996.973,302.793,-23539.8,,5.35256,2.38276,,-24.0417,14.0868,fluid
1344,30.2712,1.58868,,996.806,167.004,-24825.6,,7.51642,0.591416,,18.2523,8.22712,fluid
1345,31.8534,1.72189,,999.363,579.173,-4988.67,,5.62315,-0.273371,,-4.47624,-2.03574,fluid
1346,31.8423,1.66717,,999.308,457.939,-5421.63,,5.46989,-0.567904,,-4.50161,-0.683078,fluid
1347,31.9337,1.53171,,999.197,151.238,-6283.29,,5.14301,0.230501,,-3.2803,1.74712,fluid
1348,32.0567,1.76541,,999.46,511.928,-4230.41,,5.59595,-0.161344,,-3.50492,-1.97916,fluid
1349,32.1295,1.741,,999.439,441.891,-4397.06,,6.05656,-0.339275,,-3.92321,-1.15997,fluid
1350,32.1202,1.696,,999.387,352.762,-4804,,6.09309,-0.324077,,-4.0063,-0.507421,fluid
1351,31.9502,1.57425,,999.243,373.074,-5929,,6.14049,0.0618897,,-4.45451,0.963295,fluid
1352,30.5823,1.85189,,996.89,-24.3889,-24182.2,,5.94266,2.23206,,4.82264,-10.3232,fluid
1353,30.6442,1.7785,,997.008,128.945,-23270.2,,6.11109,2.54003,,3.94623,-6.51802,fluid
1354,30.6209,1.64562,,997.07,335.467,-22796.9,,6.37926,2.13226,,3.51429,1.98525,fluid
1355,30.5281,1.57675,,997.016,383.732,-23213.3,,7.64518,1.89235,,3.82762,6.43939,fluid
1356,28.8218,1.33195,,999.233,-107.824,-6004.7,,4.53402,2.89098,,-7.7018,1.10537,fluid
1357,28.7236,1.31859,,999.193,-11.4683,-6315.34,,4.37151,2.66965,,-8.42329,0.760371,fluid
1358,28.5007,1.23216,,999.122,-292.65,-6874.68,,5.26022,2.21419,,-11.3567,1.64061,fluid
1359,28.726,1.23102,,999.284,-139.76,-5605.13,,3.93871,1.95323,,-8.51273,2.56201,fluid
1360,31.7604,1.45457,,999.086,431.167,-7154.57,,6.55045,-0.247338,,-5.03613,4.98981,fluid
1361,33.9723,1.16015,,997.084,254.335,-22688.7,,6.83741,-1.21619,,1.68714,7.01879,fluid
1362,33.9139,1.12109,,997.101,220.306,-22550.9,,6.71316,-1.04669,,2.66957,7.64496,fluid
1363,33.9365,1.08209,,997.11,326.68,-22483.1,,6.91677,-0.672227,,2.33833,6.00222,fluid
1364,34.0471,1.17773,,997.072,244.455,-22776,,6.27274,-1.28279,,1.62123,6.58818,fluid
1365,34.1691,1.15384,,997.077,221.306,-22735.9,,6.70105,-1.48029,,-1.7248,7.94963,fluid
1366,34.1633,1.18756,,997.07,89.2366,-22790.6,,7.0204,-1.33008,,-2.00637,4.9511,fluid
1367,34.1066,1.08863,,997.091,-13.6953,-22629.3,,7.53201,-0.758285,,0.114507,6.33076,fluid
1368,31.9221,1.81224,,999.475,514.575,-4113.7,,4.62139,-0.318203,,-2.96156,-3.59,fluid
1369,32.1743,1.56036,,999.223,316.563,-6085.7,,5.37755,0.143836,,-3.30504,1.09694,fluid
1370,32.1238,1.45526,,999.107,311.353,-6990.61,,6.40933,0.796213,,-4.19238,2.28092,fluid
1371,32.3228,1.42837,,999.052,127.184,-7417.17,,7.19749,2.21592,,-4.4915,2.55635,fluid
1372,30.6735,1.70698,,997.093,353.131,-22616.8,,6.25401,2.36108,,2.67921,-1.7588,fluid
1373,30.5248,1.58575,,997.006,266.416,-23288.4,,6.42709,2.17006,,4.81515,5.50745,fluid
1374,30.4408,1.47405,,997.005,455.168,-23295.2,,7.94904,1.642,,7.51702,15.5833,fluid
1375,30.6396,1.50405,,997.186,403.073,-21899.4,,8.22945,2.25797,,-0.711873,13.7703,fluid
1376,33.9114,1.0852,,997.113,436.671,-22464.2,,7.16831,-0.841625,,2.63346,7.52211,fluid
1377,35.5861,0.857432,,999.808,102.435,-1506.47,,5.57824,-0.49364,,-2.9755,9.21238,fluid
1378,35.5723,0.812486,,999.802,123.493,-1556.63,,5.57593,-0.440408,,-2.92067,9.57898,fluid
1379,35.6403,0.899061,,999.84,54.9633,-1257.36,,5.51083,-0.55753,,-2.7393,8.89801,fluid
1380,36.0833,0.884366,,1000.14,6.32131,1097.44,,6.45381,-0.671987,,-3.31793,10.2428,fluid
1381,36.0031,0.928716,,1000.09,34.1491,737.245,,6.47544,-0.688552,,-3.29345,9.21796,fluid
1382,35.7153,0.997711,,999.9,129.781,-780.68,,5.75282,-0.570996,,-2.76714,6.09166,fluid
1383,35.0887,0.997092,,999.145,353.429,-6694.37,,4.87382,-0.612508,,-9.27707,7.98112,fluid
1384,33.8352,1.21307,,997.09,55.441,-22639.7,,6.10039,-1.69648,,7.04814,5.05447,fluid
1385,34.0755,1.06811,,997.099,270.737,-22569.1,,6.57751,-0.564372,,1.30221,5.33536,fluid
1386,34.0016,1.04201,,997.115,352.153,-22444,,7.43513,-0.720679,,1.7389,7.78044,fluid
1387,32.3161,1.70146,,999.398,455.545,-4719.31,,5.28142,0.391345,,-3.65852,-1.17273,fluid
1388,32.0577,1.44007,,999.1,297.816,-7047.09,,4.91088,0.417857,,-2.9023,2.99134,fluid
1389,32.2265,1.44815,,999.085,218.618,-7160.26,,6.76264,1.37395,,-4.13687,2.20853,fluid
1390,30.7521,1.42736,,997.371,378.443,-20473.4,,5.26851,1.31821,,-5.46574,21.2524,fluid
1391,31.4153,1.8004,,998.754,327.937,-9738.97,,6.61759,2.2852,,-12.8185,-7.2416,fluid
1392,35.6551,0.851158,,999.845,96.1061,-1212.69,,5.58797,-0.498357,,-2.6034,9.28045,fluid
1393,37.2633,1.03911,,1000.67,49.1484,5244.57,,5.4696,-1.02715,,-2.76326,7.12769,fluid
1394,37.5805,0.922803,,1000.82,233.06,6472.7,,6.16531,-1.54218,,0.187748,17.2646,fluid
1395,37.2847,1.3805,,1000.43,139.259,3394.18,,6.12505,-0.773513,,-2.19312,5.21854,fluid
1396,37.608,1.02905,,1000.71,218.078,5552.69,,6.46988,-1.6283,,0.512222,13.3884,fluid
1397,37.2265,1.2157,,1000.56,85.1419,4373.62,,5.78777,-0.988312,,-2.92117,5.60227,fluid
1398,37.2106,1.00787,,1000.68,77.9574,5355.44,,5.63216,-1.09208,,-3.48881,8.41292,fluid
1399,35.6402,1.09228,,999.868,-23.9812,-1032.97,,4.68706,-1.0323,,-2.80951,7.86456,fluid
1400,35.7509,1.069,,999.946,40.3642,-422.169,,5.04861,-0.743303,,-2.4957,6.25801,fluid
1401,35.9534,0.781562,,1000,74.6033,13.2006,,6.52623,-0.514983,,-3.02034,11.0372,fluid
1402,34.0942,1.2999,,997.053,328.881,-22922.8,,5.41124,-0.9402,,-0.699904,-3.00528,fluid
1403,33.9656,1.24507,,997.067,10.6297,-22817.6,,5.65734,-1.17242,,2.33219,2.4343,fluid
1404,34.2062,1.07166,,997.107,-25.0874,-22507.6,,7.2997,-0.289965,,-4.56853,4.31694,fluid
1405,32.4638,1.79609,,999.521,507.188,-3755.81,,5.10997,0.543846,,-4.62266,-3.17665,fluid
1406,32.2133,1.72173,,999.419,409.118,-4549.2,,5.23589,0.36431,,-3.22255,-1.37662,fluid
1407,32.2326,1.43342,,999.068,350.254,-7295.12,,5.11066,0.168995,,-3.46366,3.1269,fluid
1408,37.0692,1.27411,,1000.58,133.929,4569.79,,5.78899,-1.32357,,-4.51274,6.79254,fluid
1409,38.1963,1.59433,,999.955,143.009,-353.052,,5.37162,-2.25389,,1.98284,3.11678,fluid
1410,38.2886,1.34361,,1000.11,112.033,886.238,,5.66808,-2.43567,,3.41978,7.24835,fluid
1411,38.2252,1.06014,,1000.42,172.13,3320.17,,6.01223,-2.16885,,4.98642,17.5832,fluid
1412,38.2369,1.06801,,1000.41,167.879,3196.82,,5.98357,-2.192,,5.00932,17.3457,fluid
1413,38.0687,1.7622,,999.866,133.377,-1049.97,,4.96873,-2.10072,,1.8629,2.4624,fluid
1414,37.0962,1.46757,,1000.49,122.422,3844.96,,5.32526,-1.56055,,-3.60887,7.08421,fluid
1415,36.8765,0.998051,,1000.67,17.4296,5287.73,,5.60185,-1.29994,,-4.69287,11.9827,fluid
1416,37.5246,1.56133,,1000.18,61.3688,1442.51,,6.52156,-0.660318,,-0.532812,4.54003,fluid
1417,37.8144,0.916643,,1000.8,277.37,6279.14,,7.6381,-1.62214,,1.48033,18.406,fluid
1418,35.9075,1.10711,,1000.1,90.313,802.114,,5.37957,-0.521779,,-2.96885,3.92286,fluid
1419,35.9684,0.883284,,1000.05,115.593,360.949,,6.12969,-0.605133,,-3.04199,9.46453,fluid
1420,35.7535,0.755335,,999.891,203.84,-858.567,,5.86652,-0.521897,,-2.31304,12.7802,fluid
1421,34.0202,1.26418,,997.06,158.644,-22873.9,,5.56713,-1.11568,,1.46539,1.16626,fluid
1422,34.011,1.08349,,997.1,156.786,-22561.4,,6.02487,-0.807888,,2.29744,6.75195,fluid
1423,33.913,1.00841,,997.14,96.3605,-22252.4,,5.7886,-0.310171,,4.55712,6.63882,fluid
1424,38.3323,1.31414,,1000.12,115.881,917.274,,5.65824,-2.66068,,3.73198,8.73137,fluid
1425,42.9934,5.53527,,969.072,424.16,-221330,,6.24633,2.3352,,10.9426,-23.0031,fluid
1426,43.0251,5.50304,,969.052,152.558,-221459,,5.8606,3.01271,,3.79503,-15.948,fluid
1427,42.9592,5.35111,,969.653,130.713,-217547,,7.63941,0.975253,,37.2738,10.9499,fluid
1428,42.8845,5.26882,,970.089,542.568,-214694,,10.6567,-1.29326,,101.643,74.3055,fluid
1429,43.0439,5.39952,,969.275,431.704,-220006,,7.7529,3.8757,,5.95331,-13.2469,fluid
1430,37.3376,1.82081,,1000.07,24.0477,539.978,,2.53674,-3.08977,,1.28086,6.9112,fluid
1431,37.9314,1.93401,,999.777,63.4847,-1751.59,,3.13416,-1.9813,,2.18542,2.3553,fluid
1432,38.3009,1.24734,,1000.19,104.851,1491.21,,5.84815,-2.10626,,3.92838,8.77348,fluid
1433,38.5502,1.29836,,1000.03,89.7118,243.682,,5.53297,-4.46413,,4.02056,13.4289,fluid
1434,37.0363,1.28478,,1000.59,118.158,4672.96,,5.5822,-1.64133,,-4.626,7.85803,fluid
1435,37.2988,1.05927,,1000.66,65.7149,5160.3,,5.58064,-1.10466,,-2.37957,7.58647,fluid
1436,36.8386,1.17251,,1000.7,1.04944,5517.19,,5.47109,-1.07031,,-5.2271,6.68905,fluid
1437,35.8621,0.800872,,999.953,173.538,-368.064,,5.72528,-0.576287,,-2.50517,12.1355,fluid
1438,35.8242,0.753045,,999.925,205.634,-589.054,,6.15114,-0.543763,,-2.45432,13.243,fluid
1439,35.5617,0.818867,,999.796,121.888,-1602.49,,5.57183,-0.436363,,-3.00764,9.35166,fluid
1440,38.3185,0.989946,,1000.44,173.368,3463.09,,6.35345,-1.93204,,5.42655,19.8447,fluid
1441,37.0041,8.78046,,991.991,-54.67,-61365,,-3.55362,6.05297,,-0.468596,-11.1754,fluid
1442,37.0456,8.80986,,992.004,-55.3307,-61270.8,,-3.47313,6.55589,,-4.325,-14.9164,fluid
1443,37.0033,8.85378,,992.008,-113.32,-61237.8,,-3.76232,6.14482,,-1.76187,-18.8463,fluid
1444,37.0449,8.85486,,992.014,-62.0564,-61195,,-3.71811,6.41141,,-5.3689,-19.7052,fluid
1445,36.9506,8.38654,,991.859,-53.9971,-62351.7,,2.84483,5.13559,,12.6132,74.9562,fluid
1446,43.0334,5.46888,,969.111,198.061,-221071,,6.87845,3.52242,,3.07113,-13.8608,fluid
1447,42.9891,5.50111,,969.161,303.808,-220747,,6.67391,2.97602,,10.7495,-15.7799,fluid
1448,42.8771,5.46764,,969.555,339.586,-218183,,5.94858,-0.314516,,65.2281,-7.00529,fluid
1449,43.114,5.38824,,969.122,469.161,-221001,,6.4886,4.49764,,-5.49967,-16.7883,fluid
1450,37.9014,1.9163,,999.792,63.59,-1630.75,,3.21822,-2.03477,,2.25327,2.63456,fluid
1451,38.3332,1.39438,,1000.05,126.215,421.033,,5.63351,-2.63513,,3.07757,6.34188,fluid
1452,38.1777,1.81587,,999.812,136.962,-1475.18,,6.81014,-3.15934,,0.40967,2.84361,fluid
1453,37.4339,0.95775,,1000.77,172.431,6018.12,,5.95132,-1.35831,,-1.36891,13.0958,fluid
1454,37.6062,0.800498,,1000.96,348.986,7570.58,,7.08351,-1.58801,,-0.220032,26.2414,fluid
1455,36.2759,0.992307,,1000.41,-14.3486,3254.2,,6.63845,-0.721816,,-3.26981,7.55935,fluid
1456,36.8349,8.5097,,991.903,43.7955,-62019.2,,0.792108,3.6443,,32.2757,48.3739,fluid
1457,50.9339,2.8351,,982.946,-24.18,-127182,,20.471,-1.90284,,18.325,-175.245,fluid
1458,50.7247,2.71982,,983.02,-74.7926,-126658,,17.7215,3.19609,,125.621,-119.876,fluid
1459,51.1114,2.68003,,983.29,-129.425,-124743,,17.2469,-6.25696,,-74.2871,-114.998,fluid
1460,50.748,2.83846,,982.857,-9.7484,-127814,,20.2059,2.2975,,102.878,-162.663,fluid
1461,42.89,5.33588,,969.874,188.582,-216103,,1.83754,10.5134,,76.6029,30.6608,fluid
1462,37.0423,8.66604,,991.964,-3.51028,-61566.1,,-2.07942,6.24655,,-2.65623,5.06928,fluid
1463,37.1608,9.12063,,992.076,-203.61,-60726.6,,-7.76628,8.33857,,-32.8425,-74.0981,fluid
1464,36.9214,8.91411,,992.011,-95.8024,-61215.8,,-4.59004,5.10847,,7.76167,-28.2876,fluid
1465,43.0314,5.68801,,968.686,-188.881,-223835,,-0.0074655,2.94497,,9.11721,-126.919,fluid
1466,43.1202,5.42192,,968.998,-26.1368,-221809,,7.53246,3.38137,,-8.71504,-17.7262,fluid
1467,43.1198,5.45155,,968.912,119.181,-222366,,6.86136,2.69298,,-9.5756,-17.625,fluid
1468,38.3745,1.56682,,999.921,114.116,-623.098,,4.95337,-1.38854,,1.97784,2.16689,fluid
1469,36.4018,1.26436,,1000.82,645.253,6462.61,,1.96553,-1.04572,,0.098431,10.0866,fluid
1470,37.8192,1.81008,,999.88,94.4028,-941.527,,6.54608,-1.68473,,0.124172,2.22694,fluid
1471,38.3495,1.22298,,1000.19,-15.0695,1464.79,,6.48013,-0.782464,,3.90775,3.27337,fluid
1472,36.9755,8.77583,,991.986,-77.733,-61400,,-3.11111,5.74911,,1.58638,-10.1888,fluid
1473,50.5374,2.60955,,983.082,-172.163,-126223,,14.8327,7.36321,,208.745,-55.4275,fluid
1474,51.3885,2.24171,,984.314,-134.707,-117457,,6.82565,-11.9115,,-172.717,105.646,fluid
1475,51.0474,2.1368,,984.276,-141.667,-117730,,3.90978,-4.51655,,-31.9339,171.99,fluid
1476,50.7506,2.29928,,983.752,-338.102,-121467,,7.04162,2.79171,,122.48,110.123,fluid
1477,51.1281,2.14024,,984.331,-108.527,-117340,,4.16829,-6.32008,,-68.0975,164.639,fluid
1478,50.7935,2.2459,,983.88,-302.319,-120555,,5.8254,1.66249,,98.6947,136.608,fluid
1479,50.6913,2.64421,,983.121,-76.929,-125946,,15.9162,4.0994,,147.786,-84.7138,fluid
1480,51.1781,2.61834,,983.445,-118.584,-123645,,15.6545,-7.92234,,-110.352,-79.2684,fluid
1481,37.2398,8.74576,,992.015,20.4371,-61187.5,,-2.69198,9.03496,,-42.6471,-5.2939,fluid
1482,36.9756,8.70714,,991.968,-107.32,-61535.3,,-2.39712,5.29269,,3.43097,-1.13967,fluid
1483,36.9478,8.36541,,991.851,-41.467,-62409.6,,3.13989,5.109,,12.7413,79.0289,fluid
1484,43.1607,5.4416,,968.832,-107.055,-222885,,7.10119,4.37329,,-21.9503,-19.6897,fluid
1485,38.1321,0.993947,,1000.55,209.238,4343.22,,6.30512,-2.00338,,4.58697,19.7186,fluid
1486,38.044,1.83996,,999.819,96.0881,-1419.55,,3.91815,-1.83274,,2.20893,2.14663,fluid
1487,37.7186,1.74195,,999.959,86.2965,-323.406,,4.65236,-1.9501,,2.07965,4.24814,fluid
1488,51.0047,2.77335,,983.074,-96.8328,-126274,,19.3573,-3.55104,,-15.6443,-156.965,fluid
1489,50.8192,2.45395,,983.524,-164.864,-123085,,11.043,1.27954,,94.9499,20.8537,fluid
1490,43.8524,3.57706,,992.075,798.297,-60734.2,,-6.71324,4.84877,,14.7134,84.633,fluid
1491,43.7199,3.49914,,992.794,609.48,-55347.7,,-7.83217,7.07555,,38.3529,89.0311,fluid
1492,44.1057,3.76216,,990.572,814.246,-71933.3,,-3.67443,-0.0805606,,-47.7633,47.3403,fluid
1493,43.988,3.70404,,991.199,812.328,-67275.7,,-4.72291,2.25303,,-17.1768,63.2726,fluid
1494,44.2238,3.7888,,990.058,766.228,-75736.7,,-3.14458,-2.41074,,-76.4032,36.591,fluid
1495,51.3774,2.27638,,984.244,-97.5742,-117960,,7.51138,-11.7624,,-173.652,95.1235,fluid
1496,51.1895,2.17749,,984.309,-71.7198,-117498,,5.00989,-7.70961,,-96.7692,148.687,fluid
1497,51.2463,2.17904,,984.343,-70.6083,-117254,,5.22082,-8.88142,,-118.339,141.742,fluid
1498,50.8814,2.68725,,983.152,-51.3383,-125728,,17.342,-0.440819,,52.2156,-121.288,fluid
1499,50.3907,2.77293,,982.742,-158.961,-128628,,18.1634,9.65072,,227.713,-99.4714,fluid
1500,36.9973,8.82913,,992.002,-99.5157,-61284.7,,-3.46662,6.07689,,-0.967547,-16.074,fluid
1501,43.2032,5.52307,,968.509,-576.928,-224982,,7.88457,2.90547,,-52.2666,-36.295,fluid
1502,43.2493,5.41216,,968.724,88.3927,-223586,,6.73072,4.68611,,-75.9488,-15.6918,fluid
1503,43.0464,5.54224,,968.902,421.708,-222431,,5.73626,2.36169,,0.0246216,-23.5893,fluid
1504,51.1846,2.55774,,983.565,-77.2857,-122792,,14.0766,-8.1194,,-116.449,-45.069,fluid
1505,51.2415,2.42971,,983.858,15.2469,-120710,,10.7284,-9.30839,,-140.25,32.2586,fluid
1506,44.1557,4.11393,,989.284,830.004,-81444.8,,3.40442,-1.87834,,-67.0611,-56.8528,fluid
1507,44.131,4.17893,,989.108,903.027,-82740.6,,4.52541,-1.39084,,-59.9132,-71.6884,fluid
1508,44.3743,4.13896,,988.649,793.134,-86106.4,,3.48748,-5.72739,,-106.279,-55.0275,fluid
1509,44.1299,3.84111,,990.252,756.712,-74298.8,,-2.18238,-0.753585,,-57.6107,26.9054,fluid
1510,43.6834,3.5985,,992.752,690.206,-55662.3,,-6.1249,7.95905,,50.1314,74.8351,fluid
1511,43.9033,3.6943,,991.575,725.772,-64472.7,,-4.93257,3.81313,,2.67805,66.3296,fluid
1512,44.4192,3.90002,,989.125,589.944,-82613.8,,-0.976763,-6.24694,,-115.022,4.66725,fluid
1513,44.4629,4.18222,,988.345,838.493,-88333.4,,3.82781,-6.81538,,-113.268,-60.2292,fluid
1514,51.0782,2.27367,,984.052,-80.8687,-119331,,6.54937,-5.40831,,-54.7395,125.801,fluid
1515,50.7347,2.50637,,983.376,-119.174,-124135,,12.4802,3.28517,,136.52,-12.5156,fluid
1516,50.8708,2.78732,,982.988,-39.9123,-126886,,19.4609,-0.347353,,51.145,-157.363,fluid
1517,37.2625,9.06359,,992.082,-142.321,-60681.1,,-6.94007,9.66054,,-51.2651,-64.7058,fluid
1518,36.7032,8.47196,,991.899,104.343,-62051.7,,1.32559,1.86308,,59.7831,57.3929,fluid
1519,43.0776,5.35192,,969.34,752.817,-219583,,4.45487,4.17921,,5.60682,-10.2468,fluid
1520,51.2862,2.53476,,983.679,-117.663,-121983,,13.4904,-10.3616,,-158.282,-28.2983,fluid
1521,43.4209,3.91204,,993.032,1502.25,-53553.2,,0.472241,12.6829,,97.3616,15.1192,fluid
1522,43.374,3.59227,,994.118,893.425,-45356.2,,-4.57673,12.2573,,83.9413,49.0137,fluid
1523,43.3697,3.58495,,994.147,875.697,-45132,,-4.67008,12.2755,,83.4076,49.3561,fluid
1524,43.382,3.72427,,993.83,1127.74,-47536.3,,-2.60432,12.655,,92.745,35.9068,fluid
1525,43.4429,3.93052,,992.854,1504.54,-54891.4,,0.805446,12.4885,,96.4556,12.3022,fluid
1526,43.6141,4.11344,,991.08,1197.23,-68157.7,,4.20189,10.0455,,63.8199,-25.2336,fluid
1527,43.7695,4.20921,,989.899,482.987,-76907.7,,5.97247,7.02695,,22.6728,-55.4551,fluid
1528,43.8002,4.22537,,989.702,358.463,-78363.2,,6.22579,6.36959,,14.7879,-60.4851,fluid
1529,43.9695,4.2607,,989.085,426.329,-82908.5,,6.386,2.28112,,-24.0143,-80.5359,fluid
1530,43.9201,3.75502,,991.338,684.544,-66237.9,,-3.81413,3.41737,,-2.44197,53.9199,fluid
1531,44.429,3.8938,,989.112,588.391,-82710.9,,-1.09715,-6.37462,,-116.022,6.16975,fluid
1532,50.984,2.28789,,983.954,-185.705,-120029,,6.68802,-3.07968,,-3.75502,122.642,fluid
1533,50.8986,2.18198,,984.078,-212.394,-119143,,4.54279,-0.979491,,42.3762,163.33,fluid
1534,51.1019,2.75597,,983.155,-136.946,-125701,,18.9784,-5.92623,,-65.313,-147.565,fluid
1535,36.9025,8.71849,,991.964,-254.59,-61564.8,,-2.78016,4.33007,,10.9272,-0.264556,fluid
